HAP_GCOMPLEX_SETUP:=[false]; 
HAP_GCOMPLEX_LIST:=[[rec(TheMatrixStab:=Group([ [ [ -2, 0, 1, 0 ], [ 0, -2, 2, 5 ], [ -5, 0, 2, 0 ], [ 2, -1, 0, 2 ] ], 
  [ [ -1, 0, 0, 0 ], [ 0, -1, 0, 0 ], [ 0, 0, -1, 0 ], [ 0, 0, 0, -1 ] ], 
  [ [ 1, 0, 0, 0 ], [ 0, 1, 0, 0 ], [ 0, 0, 1, 0 ], [ 0, 0, 0, 1 ] ], 
  [ [ 2, 0, -1, 0 ], [ 0, 2, -2, -5 ], [ 5, 0, -2, 0 ], [ -2, 1, 0, -2 ] ] ]),TheRotSubgroup:=Group([ [ [ -2, 0, 1, 0 ], [ 0, -2, 2, 5 ], [ -5, 0, 2, 0 ], [ 2, -1, 0, 2 ] ], 
  [ [ -1, 0, 0, 0 ], [ 0, -1, 0, 0 ], [ 0, 0, -1, 0 ], [ 0, 0, 0, -1 ] ], 
  [ [ 1, 0, 0, 0 ], [ 0, 1, 0, 0 ], [ 0, 0, 1, 0 ], [ 0, 0, 0, 1 ] ], 
  [ [ 2, 0, -1, 0 ], [ 0, 2, -2, -5 ], [ 5, 0, -2, 0 ], [ -2, 1, 0, -2 ] ] ]),BoundaryImage:=rec(ListIFace:=[  ],ListSign:=[  ],ListElt:=[  ])),rec(TheMatrixStab:=Group([ [ [ -3, 0, 2, 0 ], [ 0, -3, 4, 10 ], [ -5, 0, 3, 0 ], [ 2, -1, 0, 3 ] ], 
  [ [ -1, 0, 0, 0 ], [ 0, -1, 0, 0 ], [ 0, 0, -1, 0 ], [ 0, 0, 0, -1 ] ], 
  [ [ 1, 0, 0, 0 ], [ 0, 1, 0, 0 ], [ 0, 0, 1, 0 ], [ 0, 0, 0, 1 ] ], 
  [ [ 3, 0, -2, 0 ], [ 0, 3, -4, -10 ], [ 5, 0, -3, 0 ], [ -2, 1, 0, -3 ] ] ]),TheRotSubgroup:=Group([ [ [ -3, 0, 2, 0 ], [ 0, -3, 4, 10 ], [ -5, 0, 3, 0 ], [ 2, -1, 0, 3 ] ], 
  [ [ -1, 0, 0, 0 ], [ 0, -1, 0, 0 ], [ 0, 0, -1, 0 ], [ 0, 0, 0, -1 ] ], 
  [ [ 1, 0, 0, 0 ], [ 0, 1, 0, 0 ], [ 0, 0, 1, 0 ], [ 0, 0, 0, 1 ] ], 
  [ [ 3, 0, -2, 0 ], [ 0, 3, -4, -10 ], [ 5, 0, -3, 0 ], [ -2, 1, 0, -3 ] ] ]),BoundaryImage:=rec(ListIFace:=[  ],ListSign:=[  ],ListElt:=[  ])),rec(TheMatrixStab:=Group([ [ [ -3, 2, 2, -4 ], [ -52, -3, 28, 18 ], [ 3, 4, -1, -10 ], 
      [ -22, -1, 12, 7 ] ], 
  [ [ -1, 0, 0, 0 ], [ 0, -1, 0, 0 ], [ 0, 0, -1, 0 ], [ 0, 0, 0, -1 ] ], 
  [ [ 1, 0, 0, 0 ], [ 0, 1, 0, 0 ], [ 0, 0, 1, 0 ], [ 0, 0, 0, 1 ] ], 
  [ [ 3, -2, -2, 4 ], [ 52, 3, -28, -18 ], [ -3, -4, 1, 10 ], 
      [ 22, 1, -12, -7 ] ] ]),TheRotSubgroup:=Group([ [ [ -3, 2, 2, -4 ], [ -52, -3, 28, 18 ], [ 3, 4, -1, -10 ], 
      [ -22, -1, 12, 7 ] ], 
  [ [ -1, 0, 0, 0 ], [ 0, -1, 0, 0 ], [ 0, 0, -1, 0 ], [ 0, 0, 0, -1 ] ], 
  [ [ 1, 0, 0, 0 ], [ 0, 1, 0, 0 ], [ 0, 0, 1, 0 ], [ 0, 0, 0, 1 ] ], 
  [ [ 3, -2, -2, 4 ], [ 52, 3, -28, -18 ], [ -3, -4, 1, 10 ], 
      [ 22, 1, -12, -7 ] ] ]),BoundaryImage:=rec(ListIFace:=[  ],ListSign:=[  ],ListElt:=[  ])),rec(TheMatrixStab:=Group([ [ [ -11, 0, 5, 1 ], [ 0, -11, 4, 23 ], [ -23, 1, 10, 0 ], [ 4, -5, 0, 10 ] ]
    , 
  [ [ -10, 0, 5, 1 ], [ 0, -10, 4, 23 ], [ -23, 1, 11, 0 ], [ 4, -5, 0, 11 ] ]
    , [ [ -1, 0, 0, 0 ], [ 0, -1, 0, 0 ], [ 0, 0, -1, 0 ], [ 0, 0, 0, -1 ] ], 
  [ [ 1, 0, 0, 0 ], [ 0, 1, 0, 0 ], [ 0, 0, 1, 0 ], [ 0, 0, 0, 1 ] ], 
  [ [ 10, 0, -5, -1 ], [ 0, 10, -4, -23 ], [ 23, -1, -11, 0 ], 
      [ -4, 5, 0, -11 ] ], 
  [ [ 11, 0, -5, -1 ], [ 0, 11, -4, -23 ], [ 23, -1, -10, 0 ], 
      [ -4, 5, 0, -10 ] ] ]),TheRotSubgroup:=Group([ [ [ -11, 0, 5, 1 ], [ 0, -11, 4, 23 ], [ -23, 1, 10, 0 ], [ 4, -5, 0, 10 ] ]
    , 
  [ [ -10, 0, 5, 1 ], [ 0, -10, 4, 23 ], [ -23, 1, 11, 0 ], [ 4, -5, 0, 11 ] ]
    , [ [ -1, 0, 0, 0 ], [ 0, -1, 0, 0 ], [ 0, 0, -1, 0 ], [ 0, 0, 0, -1 ] ], 
  [ [ 1, 0, 0, 0 ], [ 0, 1, 0, 0 ], [ 0, 0, 1, 0 ], [ 0, 0, 0, 1 ] ], 
  [ [ 10, 0, -5, -1 ], [ 0, 10, -4, -23 ], [ 23, -1, -11, 0 ], 
      [ -4, 5, 0, -11 ] ], 
  [ [ 11, 0, -5, -1 ], [ 0, 11, -4, -23 ], [ 23, -1, -10, 0 ], 
      [ -4, 5, 0, -10 ] ] ]),BoundaryImage:=rec(ListIFace:=[  ],ListSign:=[  ],ListElt:=[  ])),rec(TheMatrixStab:=Group([ [ [ -1, 0, 0, 0 ], [ 0, -1, 0, 0 ], [ 0, 0, -1, 0 ], [ 0, 0, 0, -1 ] ], 
  [ [ 1, 0, 0, 0 ], [ 0, 1, 0, 0 ], [ 0, 0, 1, 0 ], [ 0, 0, 0, 1 ] ] ]),TheRotSubgroup:=Group([ [ [ -1, 0, 0, 0 ], [ 0, -1, 0, 0 ], [ 0, 0, -1, 0 ], [ 0, 0, 0, -1 ] ], 
  [ [ 1, 0, 0, 0 ], [ 0, 1, 0, 0 ], [ 0, 0, 1, 0 ], [ 0, 0, 0, 1 ] ] ]),BoundaryImage:=rec(ListIFace:=[  ],ListSign:=[  ],ListElt:=[  ])),rec(TheMatrixStab:=Group([ [ [ -180, 0, 85, 16 ], [ 0, -180, 74, 393 ], [ -393, 16, 179, 0 ], 
      [ 74, -85, 0, 179 ] ], 
  [ [ -179, 0, 85, 16 ], [ 0, -179, 74, 393 ], [ -393, 16, 180, 0 ], 
      [ 74, -85, 0, 180 ] ], 
  [ [ -131, -29, 74, 75 ], [ 754, -131, -302, 220 ], [ -354, -52, 189, 145 ], 
      [ 412, -50, -174, 73 ] ], 
  [ [ -131, 29, 50, -52 ], [ -754, -131, 412, 354 ], [ -220, 75, 73, -145 ], 
      [ -302, -74, 174, 189 ] ], 
  [ [ -97, 0, 46, 9 ], [ 0, -97, 38, 212 ], [ -212, 9, 97, 0 ], 
      [ 38, -46, 0, 97 ] ], 
  [ [ -83, 0, 39, 7 ], [ 0, -83, 36, 181 ], [ -181, 7, 82, 0 ], 
      [ 36, -39, 0, 82 ] ], 
  [ [ -82, 0, 39, 7 ], [ 0, -82, 36, 181 ], [ -181, 7, 83, 0 ], 
      [ 36, -39, 0, 83 ] ], 
  [ [ -49, -29, 35, 68 ], [ 754, -49, -338, 39 ], [ -173, -59, 106, 145 ], 
      [ 376, -11, -174, -10 ] ], 
  [ [ -49, 29, 11, -59 ], [ -754, -49, 376, 173 ], [ -39, 68, -10, -145 ], 
      [ -338, -35, 174, 106 ] ], 
  [ [ -48, -29, 35, 68 ], [ 754, -48, -338, 39 ], [ -173, -59, 107, 145 ], 
      [ 376, -11, -174, -9 ] ], 
  [ [ -48, 29, 11, -59 ], [ -754, -48, 376, 173 ], [ -39, 68, -9, -145 ], 
      [ -338, -35, 174, 107 ] ], 
  [ [ -1, 0, 0, 0 ], [ 0, -1, 0, 0 ], [ 0, 0, -1, 0 ], [ 0, 0, 0, -1 ] ], 
  [ [ 1, 0, 0, 0 ], [ 0, 1, 0, 0 ], [ 0, 0, 1, 0 ], [ 0, 0, 0, 1 ] ], 
  [ [ 48, -29, -11, 59 ], [ 754, 48, -376, -173 ], [ 39, -68, 9, 145 ], 
      [ 338, 35, -174, -107 ] ], 
  [ [ 48, 29, -35, -68 ], [ -754, 48, 338, -39 ], [ 173, 59, -107, -145 ], 
      [ -376, 11, 174, 9 ] ], 
  [ [ 49, -29, -11, 59 ], [ 754, 49, -376, -173 ], [ 39, -68, 10, 145 ], 
      [ 338, 35, -174, -106 ] ], 
  [ [ 49, 29, -35, -68 ], [ -754, 49, 338, -39 ], [ 173, 59, -106, -145 ], 
      [ -376, 11, 174, 10 ] ], 
  [ [ 82, 0, -39, -7 ], [ 0, 82, -36, -181 ], [ 181, -7, -83, 0 ], 
      [ -36, 39, 0, -83 ] ], 
  [ [ 83, 0, -39, -7 ], [ 0, 83, -36, -181 ], [ 181, -7, -82, 0 ], 
      [ -36, 39, 0, -82 ] ], 
  [ [ 97, 0, -46, -9 ], [ 0, 97, -38, -212 ], [ 212, -9, -97, 0 ], 
      [ -38, 46, 0, -97 ] ], 
  [ [ 131, -29, -50, 52 ], [ 754, 131, -412, -354 ], [ 220, -75, -73, 145 ], 
      [ 302, 74, -174, -189 ] ], 
  [ [ 131, 29, -74, -75 ], [ -754, 131, 302, -220 ], [ 354, 52, -189, -145 ], 
      [ -412, 50, 174, -73 ] ], 
  [ [ 179, 0, -85, -16 ], [ 0, 179, -74, -393 ], [ 393, -16, -180, 0 ], 
      [ -74, 85, 0, -180 ] ], 
  [ [ 180, 0, -85, -16 ], [ 0, 180, -74, -393 ], [ 393, -16, -179, 0 ], 
      [ -74, 85, 0, -179 ] ] ]),TheRotSubgroup:=Group([ [ [ -180, 0, 85, 16 ], [ 0, -180, 74, 393 ], [ -393, 16, 179, 0 ], 
      [ 74, -85, 0, 179 ] ], 
  [ [ -179, 0, 85, 16 ], [ 0, -179, 74, 393 ], [ -393, 16, 180, 0 ], 
      [ 74, -85, 0, 180 ] ], 
  [ [ -131, -29, 74, 75 ], [ 754, -131, -302, 220 ], [ -354, -52, 189, 145 ], 
      [ 412, -50, -174, 73 ] ], 
  [ [ -131, 29, 50, -52 ], [ -754, -131, 412, 354 ], [ -220, 75, 73, -145 ], 
      [ -302, -74, 174, 189 ] ], 
  [ [ -97, 0, 46, 9 ], [ 0, -97, 38, 212 ], [ -212, 9, 97, 0 ], 
      [ 38, -46, 0, 97 ] ], 
  [ [ -83, 0, 39, 7 ], [ 0, -83, 36, 181 ], [ -181, 7, 82, 0 ], 
      [ 36, -39, 0, 82 ] ], 
  [ [ -82, 0, 39, 7 ], [ 0, -82, 36, 181 ], [ -181, 7, 83, 0 ], 
      [ 36, -39, 0, 83 ] ], 
  [ [ -49, -29, 35, 68 ], [ 754, -49, -338, 39 ], [ -173, -59, 106, 145 ], 
      [ 376, -11, -174, -10 ] ], 
  [ [ -49, 29, 11, -59 ], [ -754, -49, 376, 173 ], [ -39, 68, -10, -145 ], 
      [ -338, -35, 174, 106 ] ], 
  [ [ -48, -29, 35, 68 ], [ 754, -48, -338, 39 ], [ -173, -59, 107, 145 ], 
      [ 376, -11, -174, -9 ] ], 
  [ [ -48, 29, 11, -59 ], [ -754, -48, 376, 173 ], [ -39, 68, -9, -145 ], 
      [ -338, -35, 174, 107 ] ], 
  [ [ -1, 0, 0, 0 ], [ 0, -1, 0, 0 ], [ 0, 0, -1, 0 ], [ 0, 0, 0, -1 ] ], 
  [ [ 1, 0, 0, 0 ], [ 0, 1, 0, 0 ], [ 0, 0, 1, 0 ], [ 0, 0, 0, 1 ] ], 
  [ [ 48, -29, -11, 59 ], [ 754, 48, -376, -173 ], [ 39, -68, 9, 145 ], 
      [ 338, 35, -174, -107 ] ], 
  [ [ 48, 29, -35, -68 ], [ -754, 48, 338, -39 ], [ 173, 59, -107, -145 ], 
      [ -376, 11, 174, 9 ] ], 
  [ [ 49, -29, -11, 59 ], [ 754, 49, -376, -173 ], [ 39, -68, 10, 145 ], 
      [ 338, 35, -174, -106 ] ], 
  [ [ 49, 29, -35, -68 ], [ -754, 49, 338, -39 ], [ 173, 59, -106, -145 ], 
      [ -376, 11, 174, 10 ] ], 
  [ [ 82, 0, -39, -7 ], [ 0, 82, -36, -181 ], [ 181, -7, -83, 0 ], 
      [ -36, 39, 0, -83 ] ], 
  [ [ 83, 0, -39, -7 ], [ 0, 83, -36, -181 ], [ 181, -7, -82, 0 ], 
      [ -36, 39, 0, -82 ] ], 
  [ [ 97, 0, -46, -9 ], [ 0, 97, -38, -212 ], [ 212, -9, -97, 0 ], 
      [ -38, 46, 0, -97 ] ], 
  [ [ 131, -29, -50, 52 ], [ 754, 131, -412, -354 ], [ 220, -75, -73, 145 ], 
      [ 302, 74, -174, -189 ] ], 
  [ [ 131, 29, -74, -75 ], [ -754, 131, 302, -220 ], [ 354, 52, -189, -145 ], 
      [ -412, 50, 174, -73 ] ], 
  [ [ 179, 0, -85, -16 ], [ 0, 179, -74, -393 ], [ 393, -16, -180, 0 ], 
      [ -74, 85, 0, -180 ] ], 
  [ [ 180, 0, -85, -16 ], [ 0, 180, -74, -393 ], [ 393, -16, -179, 0 ], 
      [ -74, 85, 0, -179 ] ] ]),BoundaryImage:=rec(ListIFace:=[  ],ListSign:=[  ],ListElt:=[  ]))],[rec(TheMatrixStab:=Group([ [ [ -1, 0, 0, 0 ], [ 0, -1, 0, 0 ], [ 0, 0, -1, 0 ], [ 0, 0, 0, -1 ] ], 
  [ [ 1, 0, 0, 0 ], [ 0, 1, 0, 0 ], [ 0, 0, 1, 0 ], [ 0, 0, 0, 1 ] ] ]),TheRotSubgroup:=Group([ [ [ -1, 0, 0, 0 ], [ 0, -1, 0, 0 ], [ 0, 0, -1, 0 ], [ 0, 0, 0, -1 ] ], 
  [ [ 1, 0, 0, 0 ], [ 0, 1, 0, 0 ], [ 0, 0, 1, 0 ], [ 0, 0, 0, 1 ] ] ]),BoundaryImage:=rec(ListIFace:=[ 1, 2 ],ListSign:=[ -1, 1 ],ListElt:=[ [ [ -1, 0, 0, 0 ], [ 0, -1, 0, 0 ], [ 0, 0, -1, 0 ], [ 0, 0, 0, -1 ] ], 
  [ [ 1, 0, 0, 0 ], [ 0, 1, 0, 0 ], [ 0, 0, 1, 0 ], [ 0, 0, 0, 1 ] ] ])),rec(TheMatrixStab:=Group([ [ [ -1, 0, 0, 0 ], [ 0, -1, 0, 0 ], [ 0, 0, -1, 0 ], [ 0, 0, 0, -1 ] ], 
  [ [ 1, 0, 0, 0 ], [ 0, 1, 0, 0 ], [ 0, 0, 1, 0 ], [ 0, 0, 0, 1 ] ] ]),TheRotSubgroup:=Group([ [ [ -1, 0, 0, 0 ], [ 0, -1, 0, 0 ], [ 0, 0, -1, 0 ], [ 0, 0, 0, -1 ] ], 
  [ [ 1, 0, 0, 0 ], [ 0, 1, 0, 0 ], [ 0, 0, 1, 0 ], [ 0, 0, 0, 1 ] ] ]),BoundaryImage:=rec(ListIFace:=[ 1, 3 ],ListSign:=[ -1, 1 ],ListElt:=[ [ [ 2, 0, -1, 0 ], [ 0, 2, -2, -5 ], [ 5, 0, -2, 0 ], [ -2, 1, 0, -2 ] ], 
  [ [ 3, -2, -2, 4 ], [ 52, 3, -28, -18 ], [ -3, -4, 1, 10 ], 
      [ 22, 1, -12, -7 ] ] ])),rec(TheMatrixStab:=Group([ [ [ -1, 0, 0, 0 ], [ 0, -1, 0, 0 ], [ 0, 0, -1, 0 ], [ 0, 0, 0, -1 ] ], 
  [ [ 1, 0, 0, 0 ], [ 0, 1, 0, 0 ], [ 0, 0, 1, 0 ], [ 0, 0, 0, 1 ] ] ]),TheRotSubgroup:=Group([ [ [ -1, 0, 0, 0 ], [ 0, -1, 0, 0 ], [ 0, 0, -1, 0 ], [ 0, 0, 0, -1 ] ], 
  [ [ 1, 0, 0, 0 ], [ 0, 1, 0, 0 ], [ 0, 0, 1, 0 ], [ 0, 0, 0, 1 ] ] ]),BoundaryImage:=rec(ListIFace:=[ 1, 4 ],ListSign:=[ -1, 1 ],ListElt:=[ [ [ 2, 0, -1, 0 ], [ 0, 2, -2, -5 ], [ 5, 0, -2, 0 ], [ -2, 1, 0, -2 ] ], 
  [ [ 11, 0, -5, -1 ], [ 0, 11, -4, -23 ], [ 23, -1, -10, 0 ], 
      [ -4, 5, 0, -10 ] ] ])),rec(TheMatrixStab:=Group([ [ [ -2, 0, 1, 0 ], [ 0, -2, 2, 5 ], [ -5, 0, 2, 0 ], [ 2, -1, 0, 2 ] ], 
  [ [ -1, 0, 0, 0 ], [ 0, -1, 0, 0 ], [ 0, 0, -1, 0 ], [ 0, 0, 0, -1 ] ], 
  [ [ 1, 0, 0, 0 ], [ 0, 1, 0, 0 ], [ 0, 0, 1, 0 ], [ 0, 0, 0, 1 ] ], 
  [ [ 2, 0, -1, 0 ], [ 0, 2, -2, -5 ], [ 5, 0, -2, 0 ], [ -2, 1, 0, -2 ] ] ]),TheRotSubgroup:=Group([ [ [ -2, 0, 1, 0 ], [ 0, -2, 2, 5 ], [ -5, 0, 2, 0 ], [ 2, -1, 0, 2 ] ], 
  [ [ -1, 0, 0, 0 ], [ 0, -1, 0, 0 ], [ 0, 0, -1, 0 ], [ 0, 0, 0, -1 ] ], 
  [ [ 1, 0, 0, 0 ], [ 0, 1, 0, 0 ], [ 0, 0, 1, 0 ], [ 0, 0, 0, 1 ] ], 
  [ [ 2, 0, -1, 0 ], [ 0, 2, -2, -5 ], [ 5, 0, -2, 0 ], [ -2, 1, 0, -2 ] ] ]),BoundaryImage:=rec(ListIFace:=[ 1, 3 ],ListSign:=[ -1, 1 ],ListElt:=[ [ [ 1, 0, 0, 0 ], [ 0, 1, 0, 0 ], [ 0, 0, 1, 0 ], [ 0, 0, 0, 1 ] ], 
  [ [ 1, -2, -1, 4 ], [ 52, 1, -26, -13 ], [ -8, -4, 3, 10 ], 
      [ 24, 0, -12, -5 ] ] ])),rec(TheMatrixStab:=Group([ [ [ -2, 0, 1, 0 ], [ 0, -2, 2, 5 ], [ -5, 0, 2, 0 ], [ 2, -1, 0, 2 ] ], 
  [ [ -1, 0, 0, 0 ], [ 0, -1, 0, 0 ], [ 0, 0, -1, 0 ], [ 0, 0, 0, -1 ] ], 
  [ [ 1, 0, 0, 0 ], [ 0, 1, 0, 0 ], [ 0, 0, 1, 0 ], [ 0, 0, 0, 1 ] ], 
  [ [ 2, 0, -1, 0 ], [ 0, 2, -2, -5 ], [ 5, 0, -2, 0 ], [ -2, 1, 0, -2 ] ] ]),TheRotSubgroup:=Group([ [ [ -2, 0, 1, 0 ], [ 0, -2, 2, 5 ], [ -5, 0, 2, 0 ], [ 2, -1, 0, 2 ] ], 
  [ [ -1, 0, 0, 0 ], [ 0, -1, 0, 0 ], [ 0, 0, -1, 0 ], [ 0, 0, 0, -1 ] ], 
  [ [ 1, 0, 0, 0 ], [ 0, 1, 0, 0 ], [ 0, 0, 1, 0 ], [ 0, 0, 0, 1 ] ], 
  [ [ 2, 0, -1, 0 ], [ 0, 2, -2, -5 ], [ 5, 0, -2, 0 ], [ -2, 1, 0, -2 ] ] ]),BoundaryImage:=rec(ListIFace:=[ 1, 2 ],ListSign:=[ -1, 1 ],ListElt:=[ [ [ -2, 0, 1, 0 ], [ 0, -2, 2, 5 ], [ -5, 0, 2, 0 ], [ 2, -1, 0, 2 ] ], 
  [ [ 2, 0, -1, 0 ], [ 0, 2, -2, -5 ], [ 5, 0, -3, 0 ], [ -2, 1, 0, -3 ] ] ])),rec(TheMatrixStab:=Group([ [ [ -3, 0, 2, 0 ], [ 0, -3, 4, 10 ], [ -5, 0, 3, 0 ], [ 2, -1, 0, 3 ] ], 
  [ [ -1, 0, 0, 0 ], [ 0, -1, 0, 0 ], [ 0, 0, -1, 0 ], [ 0, 0, 0, -1 ] ], 
  [ [ 1, 0, 0, 0 ], [ 0, 1, 0, 0 ], [ 0, 0, 1, 0 ], [ 0, 0, 0, 1 ] ], 
  [ [ 3, 0, -2, 0 ], [ 0, 3, -4, -10 ], [ 5, 0, -3, 0 ], [ -2, 1, 0, -3 ] ] ]),TheRotSubgroup:=Group([ [ [ -3, 0, 2, 0 ], [ 0, -3, 4, 10 ], [ -5, 0, 3, 0 ], [ 2, -1, 0, 3 ] ], 
  [ [ -1, 0, 0, 0 ], [ 0, -1, 0, 0 ], [ 0, 0, -1, 0 ], [ 0, 0, 0, -1 ] ], 
  [ [ 1, 0, 0, 0 ], [ 0, 1, 0, 0 ], [ 0, 0, 1, 0 ], [ 0, 0, 0, 1 ] ], 
  [ [ 3, 0, -2, 0 ], [ 0, 3, -4, -10 ], [ 5, 0, -3, 0 ], [ -2, 1, 0, -3 ] ] ]),BoundaryImage:=rec(ListIFace:=[ 2, 3 ],ListSign:=[ -1, 1 ],ListElt:=[ [ [ 3, 0, -2, 0 ], [ 0, 3, -4, -10 ], [ 5, 0, -3, 0 ], [ -2, 1, 0, -3 ] ], 
  [ [ -7, -1, 4, 4 ], [ 26, -7, -16, 12 ], [ -12, -1, 7, 5 ], 
      [ 10, -2, -6, 3 ] ] ])),rec(TheMatrixStab:=Group([ [ [ -1, 0, 0, 0 ], [ 0, -1, 0, 0 ], [ 0, 0, -1, 0 ], [ 0, 0, 0, -1 ] ], 
  [ [ 1, 0, 0, 0 ], [ 0, 1, 0, 0 ], [ 0, 0, 1, 0 ], [ 0, 0, 0, 1 ] ] ]),TheRotSubgroup:=Group([ [ [ -1, 0, 0, 0 ], [ 0, -1, 0, 0 ], [ 0, 0, -1, 0 ], [ 0, 0, 0, -1 ] ], 
  [ [ 1, 0, 0, 0 ], [ 0, 1, 0, 0 ], [ 0, 0, 1, 0 ], [ 0, 0, 0, 1 ] ] ]),BoundaryImage:=rec(ListIFace:=[ 2, 5 ],ListSign:=[ -1, 1 ],ListElt:=[ [ [ 3, 0, -2, 0 ], [ 0, 3, -4, -10 ], [ 5, 0, -3, 0 ], [ -2, 1, 0, -3 ] ], 
  [ [ -1, 0, 0, 0 ], [ 0, -1, 0, 0 ], [ 0, 0, -1, 0 ], [ 0, 0, 0, -1 ] ] ])),rec(TheMatrixStab:=Group([ [ [ -1, 0, 0, 0 ], [ 0, -1, 0, 0 ], [ 0, 0, -1, 0 ], [ 0, 0, 0, -1 ] ], 
  [ [ 1, 0, 0, 0 ], [ 0, 1, 0, 0 ], [ 0, 0, 1, 0 ], [ 0, 0, 0, 1 ] ] ]),TheRotSubgroup:=Group([ [ [ -1, 0, 0, 0 ], [ 0, -1, 0, 0 ], [ 0, 0, -1, 0 ], [ 0, 0, 0, -1 ] ], 
  [ [ 1, 0, 0, 0 ], [ 0, 1, 0, 0 ], [ 0, 0, 1, 0 ], [ 0, 0, 0, 1 ] ] ]),BoundaryImage:=rec(ListIFace:=[ 3, 5 ],ListSign:=[ -1, 1 ],ListElt:=[ [ [ -1, 0, 0, 0 ], [ 0, -1, 0, 0 ], [ 0, 0, -1, 0 ], [ 0, 0, 0, -1 ] ], 
  [ [ 5, 2, -4, -6 ], [ -52, 5, 28, -8 ], [ 16, 3, -11, -10 ], 
      [ -22, 2, 12, -3 ] ] ])),rec(TheMatrixStab:=Group([ [ [ -1, 0, 0, 0 ], [ 0, -1, 0, 0 ], [ 0, 0, -1, 0 ], [ 0, 0, 0, -1 ] ], 
  [ [ 1, 0, 0, 0 ], [ 0, 1, 0, 0 ], [ 0, 0, 1, 0 ], [ 0, 0, 0, 1 ] ] ]),TheRotSubgroup:=Group([ [ [ -1, 0, 0, 0 ], [ 0, -1, 0, 0 ], [ 0, 0, -1, 0 ], [ 0, 0, 0, -1 ] ], 
  [ [ 1, 0, 0, 0 ], [ 0, 1, 0, 0 ], [ 0, 0, 1, 0 ], [ 0, 0, 0, 1 ] ] ]),BoundaryImage:=rec(ListIFace:=[ 4, 6 ],ListSign:=[ -1, 1 ],ListElt:=[ [ [ 10, 0, -5, -1 ], [ 0, 10, -4, -23 ], [ 23, -1, -11, 0 ], 
      [ -4, 5, 0, -11 ] ], 
  [ [ -83, 0, 39, 7 ], [ 0, -83, 36, 181 ], [ -181, 7, 82, 0 ], 
      [ 36, -39, 0, 82 ] ] ])),rec(TheMatrixStab:=Group([ [ [ -11, 0, 5, 1 ], [ 0, -11, 4, 23 ], [ -23, 1, 10, 0 ], [ 4, -5, 0, 10 ] ]
    , 
  [ [ -10, 0, 5, 1 ], [ 0, -10, 4, 23 ], [ -23, 1, 11, 0 ], [ 4, -5, 0, 11 ] ]
    , [ [ -1, 0, 0, 0 ], [ 0, -1, 0, 0 ], [ 0, 0, -1, 0 ], [ 0, 0, 0, -1 ] ], 
  [ [ 1, 0, 0, 0 ], [ 0, 1, 0, 0 ], [ 0, 0, 1, 0 ], [ 0, 0, 0, 1 ] ], 
  [ [ 10, 0, -5, -1 ], [ 0, 10, -4, -23 ], [ 23, -1, -11, 0 ], 
      [ -4, 5, 0, -11 ] ], 
  [ [ 11, 0, -5, -1 ], [ 0, 11, -4, -23 ], [ 23, -1, -10, 0 ], 
      [ -4, 5, 0, -10 ] ] ]),TheRotSubgroup:=Group([ [ [ -11, 0, 5, 1 ], [ 0, -11, 4, 23 ], [ -23, 1, 10, 0 ], [ 4, -5, 0, 10 ] ]
    , 
  [ [ -10, 0, 5, 1 ], [ 0, -10, 4, 23 ], [ -23, 1, 11, 0 ], [ 4, -5, 0, 11 ] ]
    , [ [ -1, 0, 0, 0 ], [ 0, -1, 0, 0 ], [ 0, 0, -1, 0 ], [ 0, 0, 0, -1 ] ], 
  [ [ 1, 0, 0, 0 ], [ 0, 1, 0, 0 ], [ 0, 0, 1, 0 ], [ 0, 0, 0, 1 ] ], 
  [ [ 10, 0, -5, -1 ], [ 0, 10, -4, -23 ], [ 23, -1, -11, 0 ], 
      [ -4, 5, 0, -11 ] ], 
  [ [ 11, 0, -5, -1 ], [ 0, 11, -4, -23 ], [ 23, -1, -10, 0 ], 
      [ -4, 5, 0, -10 ] ] ]),BoundaryImage:=rec(ListIFace:=[ 4, 6 ],ListSign:=[ -1, 1 ],ListElt:=[ [ [ -10, 0, 5, 1 ], [ 0, -10, 4, 23 ], [ -23, 1, 11, 0 ], [ 4, -5, 0, 11 ] ]
    , [ [ 51, 7, -27, -20 ], [ -182, 51, 66, -95 ], [ 126, 13, -65, -40 ], 
      [ -118, 20, 48, -33 ] ] ])),rec(TheMatrixStab:=Group([ [ [ -1, 0, 0, 0 ], [ 0, -1, 0, 0 ], [ 0, 0, -1, 0 ], [ 0, 0, 0, -1 ] ], 
  [ [ 1, 0, 0, 0 ], [ 0, 1, 0, 0 ], [ 0, 0, 1, 0 ], [ 0, 0, 0, 1 ] ] ]),TheRotSubgroup:=Group([ [ [ -1, 0, 0, 0 ], [ 0, -1, 0, 0 ], [ 0, 0, -1, 0 ], [ 0, 0, 0, -1 ] ], 
  [ [ 1, 0, 0, 0 ], [ 0, 1, 0, 0 ], [ 0, 0, 1, 0 ], [ 0, 0, 0, 1 ] ] ]),BoundaryImage:=rec(ListIFace:=[ 4, 6 ],ListSign:=[ -1, 1 ],ListElt:=[ [ [ -1, 0, 0, 0 ], [ 0, -1, 0, 0 ], [ 0, 0, -1, 0 ], [ 0, 0, 0, -1 ] ], 
  [ [ 3, -14, 4, 30 ], [ 364, 3, -172, -40 ], [ -32, -31, 27, 70 ], 
      [ 174, 6, -84, -29 ] ] ])),rec(TheMatrixStab:=Group([ [ [ -11, 0, 5, 1 ], [ 0, -11, 4, 23 ], [ -23, 1, 10, 0 ], [ 4, -5, 0, 10 ] ]
    , 
  [ [ -10, 0, 5, 1 ], [ 0, -10, 4, 23 ], [ -23, 1, 11, 0 ], [ 4, -5, 0, 11 ] ]
    , [ [ -1, 0, 0, 0 ], [ 0, -1, 0, 0 ], [ 0, 0, -1, 0 ], [ 0, 0, 0, -1 ] ], 
  [ [ 1, 0, 0, 0 ], [ 0, 1, 0, 0 ], [ 0, 0, 1, 0 ], [ 0, 0, 0, 1 ] ], 
  [ [ 10, 0, -5, -1 ], [ 0, 10, -4, -23 ], [ 23, -1, -11, 0 ], 
      [ -4, 5, 0, -11 ] ], 
  [ [ 11, 0, -5, -1 ], [ 0, 11, -4, -23 ], [ 23, -1, -10, 0 ], 
      [ -4, 5, 0, -10 ] ] ]),TheRotSubgroup:=Group([ [ [ -11, 0, 5, 1 ], [ 0, -11, 4, 23 ], [ -23, 1, 10, 0 ], [ 4, -5, 0, 10 ] ]
    , 
  [ [ -10, 0, 5, 1 ], [ 0, -10, 4, 23 ], [ -23, 1, 11, 0 ], [ 4, -5, 0, 11 ] ]
    , [ [ -1, 0, 0, 0 ], [ 0, -1, 0, 0 ], [ 0, 0, -1, 0 ], [ 0, 0, 0, -1 ] ], 
  [ [ 1, 0, 0, 0 ], [ 0, 1, 0, 0 ], [ 0, 0, 1, 0 ], [ 0, 0, 0, 1 ] ], 
  [ [ 10, 0, -5, -1 ], [ 0, 10, -4, -23 ], [ 23, -1, -11, 0 ], 
      [ -4, 5, 0, -11 ] ], 
  [ [ 11, 0, -5, -1 ], [ 0, 11, -4, -23 ], [ 23, -1, -10, 0 ], 
      [ -4, 5, 0, -10 ] ] ]),BoundaryImage:=rec(ListIFace:=[ 4, 6 ],ListSign:=[ -1, 1 ],ListElt:=[ [ [ 10, 0, -5, -1 ], [ 0, 10, -4, -23 ], [ 23, -1, -11, 0 ], 
      [ -4, 5, 0, -11 ] ], 
  [ [ 23, -12, -6, 24 ], [ 312, 23, -156, -78 ], [ 9, -28, 7, 60 ], 
      [ 142, 13, -72, -41 ] ] ])),rec(TheMatrixStab:=Group([ [ [ -1, 0, 0, 0 ], [ 0, -1, 0, 0 ], [ 0, 0, -1, 0 ], [ 0, 0, 0, -1 ] ], 
  [ [ 1, 0, 0, 0 ], [ 0, 1, 0, 0 ], [ 0, 0, 1, 0 ], [ 0, 0, 0, 1 ] ] ]),TheRotSubgroup:=Group([ [ [ -1, 0, 0, 0 ], [ 0, -1, 0, 0 ], [ 0, 0, -1, 0 ], [ 0, 0, 0, -1 ] ], 
  [ [ 1, 0, 0, 0 ], [ 0, 1, 0, 0 ], [ 0, 0, 1, 0 ], [ 0, 0, 0, 1 ] ] ]),BoundaryImage:=rec(ListIFace:=[ 5, 6 ],ListSign:=[ -1, 1 ],ListElt:=[ [ [ -1, 0, 0, 0 ], [ 0, -1, 0, 0 ], [ 0, 0, -1, 0 ], [ 0, 0, 0, -1 ] ], 
  [ [ 91, 5, -45, -19 ], [ -130, 91, 24, -187 ], [ 183, 4, -88, -25 ], 
      [ -94, 35, 30, -68 ] ] ])),rec(TheMatrixStab:=Group([ [ [ -1, 0, 0, 0 ], [ 0, -1, 0, 0 ], [ 0, 0, -1, 0 ], [ 0, 0, 0, -1 ] ], 
  [ [ 1, 0, 0, 0 ], [ 0, 1, 0, 0 ], [ 0, 0, 1, 0 ], [ 0, 0, 0, 1 ] ] ]),TheRotSubgroup:=Group([ [ [ -1, 0, 0, 0 ], [ 0, -1, 0, 0 ], [ 0, 0, -1, 0 ], [ 0, 0, 0, -1 ] ], 
  [ [ 1, 0, 0, 0 ], [ 0, 1, 0, 0 ], [ 0, 0, 1, 0 ], [ 0, 0, 0, 1 ] ] ]),BoundaryImage:=rec(ListIFace:=[ 5, 6 ],ListSign:=[ -1, 1 ],ListElt:=[ [ [ 1, 0, 0, 0 ], [ 0, 1, 0, 0 ], [ 0, 0, 1, 0 ], [ 0, 0, 0, 1 ] ], 
  [ [ -146, 0, 69, 13 ], [ 0, -146, 60, 319 ], [ -235, 5, 109, 10 ], 
      [ 68, -49, -12, 101 ] ] ])),rec(TheMatrixStab:=Group([ [ [ -1, 0, 0, 0 ], [ 0, -1, 0, 0 ], [ 0, 0, -1, 0 ], [ 0, 0, 0, -1 ] ], 
  [ [ 1, 0, 0, 0 ], [ 0, 1, 0, 0 ], [ 0, 0, 1, 0 ], [ 0, 0, 0, 1 ] ] ]),TheRotSubgroup:=Group([ [ [ -1, 0, 0, 0 ], [ 0, -1, 0, 0 ], [ 0, 0, -1, 0 ], [ 0, 0, 0, -1 ] ], 
  [ [ 1, 0, 0, 0 ], [ 0, 1, 0, 0 ], [ 0, 0, 1, 0 ], [ 0, 0, 0, 1 ] ] ]),BoundaryImage:=rec(ListIFace:=[ 5, 6 ],ListSign:=[ -1, 1 ],ListElt:=[ [ [ -1, 0, 0, 0 ], [ 0, -1, 0, 0 ], [ 0, 0, -1, 0 ], [ 0, 0, 0, -1 ] ], 
  [ [ 3, -8, 2, 17 ], [ 208, 3, -98, -24 ], [ 2, -14, 5, 30 ], 
      [ 72, 6, -36, -19 ] ] ])),rec(TheMatrixStab:=Group([ [ [ -1239, -131, 642, 399 ], [ 3406, -1239, -1110, 2412 ], 
      [ -3010, -175, 1501, 655 ], [ 2114, -532, -786, 977 ] ], 
  [ [ -655, 242, 212, -472 ], [ -6292, -655, 3256, 2004 ], 
      [ -866, 587, 171, -1210 ], [ -2706, -408, 1452, 1139 ] ], 
  [ [ -131, -29, 74, 75 ], [ 754, -131, -302, 220 ], [ -354, -52, 189, 145 ], 
      [ 412, -50, -174, 73 ] ], 
  [ [ -1, 0, 0, 0 ], [ 0, -1, 0, 0 ], [ 0, 0, -1, 0 ], [ 0, 0, 0, -1 ] ], 
  [ [ 1, 0, 0, 0 ], [ 0, 1, 0, 0 ], [ 0, 0, 1, 0 ], [ 0, 0, 0, 1 ] ], 
  [ [ 131, 29, -74, -75 ], [ -754, 131, 302, -220 ], [ 354, 52, -189, -145 ], 
      [ -412, 50, 174, -73 ] ], 
  [ [ 655, -242, -212, 472 ], [ 6292, 655, -3256, -2004 ], 
      [ 866, -587, -171, 1210 ], [ 2706, 408, -1452, -1139 ] ], 
  [ [ 1239, 131, -642, -399 ], [ -3406, 1239, 1110, -2412 ], 
      [ 3010, 175, -1501, -655 ], [ -2114, 532, 786, -977 ] ] ]),TheRotSubgroup:=Group([ [ [ -131, -29, 74, 75 ], [ 754, -131, -302, 220 ], [ -354, -52, 189, 145 ], 
      [ 412, -50, -174, 73 ] ], 
  [ [ -1, 0, 0, 0 ], [ 0, -1, 0, 0 ], [ 0, 0, -1, 0 ], [ 0, 0, 0, -1 ] ], 
  [ [ 1, 0, 0, 0 ], [ 0, 1, 0, 0 ], [ 0, 0, 1, 0 ], [ 0, 0, 0, 1 ] ], 
  [ [ 131, 29, -74, -75 ], [ -754, 131, 302, -220 ], [ 354, 52, -189, -145 ], 
      [ -412, 50, 174, -73 ] ] ]),BoundaryImage:=rec(ListIFace:=[ 6, 6 ],ListSign:=[ -1, 1 ],ListElt:=[ [ [ -999, -194, 551, 513 ], [ 5044, -999, -1976, 1729 ], 
      [ -2633, -334, 1380, 965 ], [ 2790, -393, -1158, 608 ] ], 
  [ [ 131, 29, -74, -75 ], [ -754, 131, 302, -220 ], [ 354, 52, -189, -145 ], 
      [ -412, 50, 174, -73 ] ] ]))],[rec(TheMatrixStab:=Group([ [ [ -3, 1, 2, -2 ], [ -26, -3, 16, 14 ], [ -1, 2, 1, -5 ], 
      [ -10, -1, 6, 5 ] ], 
  [ [ -1, 0, 0, 0 ], [ 0, -1, 0, 0 ], [ 0, 0, -1, 0 ], [ 0, 0, 0, -1 ] ], 
  [ [ 1, 0, 0, 0 ], [ 0, 1, 0, 0 ], [ 0, 0, 1, 0 ], [ 0, 0, 0, 1 ] ], 
  [ [ 3, -1, -2, 2 ], [ 26, 3, -16, -14 ], [ 1, -2, -1, 5 ], 
      [ 10, 1, -6, -5 ] ] ]),TheRotSubgroup:=Group([ [ [ -3, 1, 2, -2 ], [ -26, -3, 16, 14 ], [ -1, 2, 1, -5 ], 
      [ -10, -1, 6, 5 ] ], 
  [ [ -1, 0, 0, 0 ], [ 0, -1, 0, 0 ], [ 0, 0, -1, 0 ], [ 0, 0, 0, -1 ] ], 
  [ [ 1, 0, 0, 0 ], [ 0, 1, 0, 0 ], [ 0, 0, 1, 0 ], [ 0, 0, 0, 1 ] ], 
  [ [ 3, -1, -2, 2 ], [ 26, 3, -16, -14 ], [ 1, -2, -1, 5 ], 
      [ 10, 1, -6, -5 ] ] ]),BoundaryImage:=rec(ListIFace:=[ 1, 6, 2, 1, 2, 6 ],ListSign:=[ 1, 1, -1, 1, -1, 1 ],ListElt:=[ [ [ -1, 0, 0, 0 ], [ 0, -1, 0, 0 ], [ 0, 0, -1, 0 ], [ 0, 0, 0, -1 ] ], 
  [ [ -1, 0, 0, 0 ], [ 0, -1, 0, 0 ], [ 0, 0, -1, 0 ], [ 0, 0, 0, -1 ] ], 
  [ [ -3, 1, 2, -2 ], [ -26, -3, 16, 14 ], [ -1, 2, 1, -5 ], 
      [ -10, -1, 6, 5 ] ], 
  [ [ -3, 1, 2, -2 ], [ -26, -3, 16, 14 ], [ -1, 2, 1, -5 ], 
      [ -10, -1, 6, 5 ] ], 
  [ [ -1, 0, 0, 0 ], [ 0, -1, 0, 0 ], [ 0, 0, -1, 0 ], [ 0, 0, 0, -1 ] ], 
  [ [ -5, -1, 4, 4 ], [ 26, -5, -16, 12 ], [ -12, -1, 9, 5 ], 
      [ 10, -2, -6, 5 ] ] ])),rec(TheMatrixStab:=Group([ [ [ -1, 0, 0, 0 ], [ 0, -1, 0, 0 ], [ 0, 0, -1, 0 ], [ 0, 0, 0, -1 ] ], 
  [ [ 1, 0, 0, 0 ], [ 0, 1, 0, 0 ], [ 0, 0, 1, 0 ], [ 0, 0, 0, 1 ] ] ]),TheRotSubgroup:=Group([ [ [ -1, 0, 0, 0 ], [ 0, -1, 0, 0 ], [ 0, 0, -1, 0 ], [ 0, 0, 0, -1 ] ], 
  [ [ 1, 0, 0, 0 ], [ 0, 1, 0, 0 ], [ 0, 0, 1, 0 ], [ 0, 0, 0, 1 ] ] ]),BoundaryImage:=rec(ListIFace:=[ 1, 7, 3, 9, 13 ],ListSign:=[ 1, 1, -1, -1, 1 ],ListElt:=[ [ [ -1, 0, 0, 0 ], [ 0, -1, 0, 0 ], [ 0, 0, -1, 0 ], [ 0, 0, 0, -1 ] ], 
  [ [ -1, 0, 0, 0 ], [ 0, -1, 0, 0 ], [ 0, 0, -1, 0 ], [ 0, 0, 0, -1 ] ], 
  [ [ -1, 0, 0, 0 ], [ 0, -1, 0, 0 ], [ 0, 0, -1, 0 ], [ 0, 0, 0, -1 ] ], 
  [ [ 10, 0, -5, -1 ], [ 0, 10, -4, -23 ], [ 23, -1, -11, 0 ], 
      [ -4, 5, 0, -11 ] ], 
  [ [ -1, 0, 0, 0 ], [ 0, -1, 0, 0 ], [ 0, 0, -1, 0 ], [ 0, 0, 0, -1 ] ] ])),rec(TheMatrixStab:=Group([ [ [ -1, 0, 0, 0 ], [ 0, -1, 0, 0 ], [ 0, 0, -1, 0 ], [ 0, 0, 0, -1 ] ], 
  [ [ -1, 0, 1, 0 ], [ 0, -1, 2, 5 ], [ 0, 0, 1, 0 ], [ 0, 0, 0, 1 ] ], 
  [ [ 1, 0, -1, 0 ], [ 0, 1, -2, -5 ], [ 0, 0, -1, 0 ], [ 0, 0, 0, -1 ] ], 
  [ [ 1, 0, 0, 0 ], [ 0, 1, 0, 0 ], [ 0, 0, 1, 0 ], [ 0, 0, 0, 1 ] ] ]),TheRotSubgroup:=Group([ [ [ -1, 0, 0, 0 ], [ 0, -1, 0, 0 ], [ 0, 0, -1, 0 ], [ 0, 0, 0, -1 ] ], 
  [ [ -1, 0, 1, 0 ], [ 0, -1, 2, 5 ], [ 0, 0, 1, 0 ], [ 0, 0, 0, 1 ] ], 
  [ [ 1, 0, -1, 0 ], [ 0, 1, -2, -5 ], [ 0, 0, -1, 0 ], [ 0, 0, 0, -1 ] ], 
  [ [ 1, 0, 0, 0 ], [ 0, 1, 0, 0 ], [ 0, 0, 1, 0 ], [ 0, 0, 0, 1 ] ] ]),BoundaryImage:=rec(ListIFace:=[ 1, 5, 1, 5 ],ListSign:=[ 1, -1, 1, -1 ],ListElt:=[ [ [ -1, 0, 0, 0 ], [ 0, -1, 0, 0 ], [ 0, 0, -1, 0 ], [ 0, 0, 0, -1 ] ], 
  [ [ 2, 0, -1, 0 ], [ 0, 2, -2, -5 ], [ 5, 0, -2, 0 ], [ -2, 1, 0, -2 ] ], 
  [ [ 1, 0, -1, 0 ], [ 0, 1, -2, -5 ], [ 0, 0, -1, 0 ], [ 0, 0, 0, -1 ] ], 
  [ [ -1, 0, 1, 0 ], [ 0, -1, 2, 5 ], [ 0, 0, 1, 0 ], [ 0, 0, 0, 1 ] ] ])),rec(TheMatrixStab:=Group([ [ [ -1, 0, 0, 0 ], [ 0, -1, 0, 0 ], [ 0, 0, -1, 0 ], [ 0, 0, 0, -1 ] ], 
  [ [ 1, 0, 0, 0 ], [ 0, 1, 0, 0 ], [ 0, 0, 1, 0 ], [ 0, 0, 0, 1 ] ] ]),TheRotSubgroup:=Group([ [ [ -1, 0, 0, 0 ], [ 0, -1, 0, 0 ], [ 0, 0, -1, 0 ], [ 0, 0, 0, -1 ] ], 
  [ [ 1, 0, 0, 0 ], [ 0, 1, 0, 0 ], [ 0, 0, 1, 0 ], [ 0, 0, 0, 1 ] ] ]),BoundaryImage:=rec(ListIFace:=[ 1, 3, 9, 7, 14 ],ListSign:=[ 1, -1, -1, 1, 1 ],ListElt:=[ [ [ -1, 0, 0, 0 ], [ 0, -1, 0, 0 ], [ 0, 0, -1, 0 ], [ 0, 0, 0, -1 ] ], 
  [ [ -2, 0, 1, 0 ], [ 0, -2, 2, 5 ], [ -5, 0, 2, 0 ], [ 2, -1, 0, 2 ] ], 
  [ [ -1, 1, 0, -2 ], [ -26, -1, 12, 4 ], [ 9, 2, -5, -5 ], [ -14, 1, 6, -1 ] 
     ], [ [ -3, 0, 2, 0 ], [ 0, -3, 4, 10 ], [ -5, 0, 3, 0 ], [ 2, -1, 0, 3 ] 
     ], [ [ -3, 0, 2, 0 ], [ 0, -3, 4, 10 ], [ -5, 0, 3, 0 ], [ 2, -1, 0, 3 ] 
     ] ])),rec(TheMatrixStab:=Group([ [ [ -1, 0, 0, 0 ], [ 0, -1, 0, 0 ], [ 0, 0, -1, 0 ], [ 0, 0, 0, -1 ] ], 
  [ [ 1, 0, 0, 0 ], [ 0, 1, 0, 0 ], [ 0, 0, 1, 0 ], [ 0, 0, 0, 1 ] ] ]),TheRotSubgroup:=Group([ [ [ -1, 0, 0, 0 ], [ 0, -1, 0, 0 ], [ 0, 0, -1, 0 ], [ 0, 0, 0, -1 ] ], 
  [ [ 1, 0, 0, 0 ], [ 0, 1, 0, 0 ], [ 0, 0, 1, 0 ], [ 0, 0, 0, 1 ] ] ]),BoundaryImage:=rec(ListIFace:=[ 2, 8, 13, 3, 11 ],ListSign:=[ 1, 1, 1, -1, -1 ],ListElt:=[ [ [ -1, 0, 0, 0 ], [ 0, -1, 0, 0 ], [ 0, 0, -1, 0 ], [ 0, 0, 0, -1 ] ], 
  [ [ -1, 0, 0, 0 ], [ 0, -1, 0, 0 ], [ 0, 0, -1, 0 ], [ 0, 0, 0, -1 ] ], 
  [ [ 5, 2, -4, -6 ], [ -52, 5, 28, -8 ], [ 16, 3, -11, -10 ], 
      [ -22, 2, 12, -3 ] ], 
  [ [ -1, 0, 0, 0 ], [ 0, -1, 0, 0 ], [ 0, 0, -1, 0 ], [ 0, 0, 0, -1 ] ], 
  [ [ 10, 0, -5, -1 ], [ 0, 10, -4, -23 ], [ 23, -1, -11, 0 ], 
      [ -4, 5, 0, -11 ] ] ])),rec(TheMatrixStab:=Group([ [ [ -1, 0, 0, 0 ], [ 0, -1, 0, 0 ], [ 0, 0, -1, 0 ], [ 0, 0, 0, -1 ] ], 
  [ [ -1, 2, 1, -4 ], [ -52, -1, 26, 13 ], [ 8, 4, -3, -10 ], 
      [ -24, 0, 12, 5 ] ], 
  [ [ 1, -2, -1, 4 ], [ 52, 1, -26, -13 ], [ -8, -4, 3, 10 ], 
      [ 24, 0, -12, -5 ] ], 
  [ [ 1, 0, 0, 0 ], [ 0, 1, 0, 0 ], [ 0, 0, 1, 0 ], [ 0, 0, 0, 1 ] ] ]),TheRotSubgroup:=Group([ [ [ -1, 0, 0, 0 ], [ 0, -1, 0, 0 ], [ 0, 0, -1, 0 ], [ 0, 0, 0, -1 ] ], 
  [ [ -1, 2, 1, -4 ], [ -52, -1, 26, 13 ], [ 8, 4, -3, -10 ], 
      [ -24, 0, 12, 5 ] ], 
  [ [ 1, -2, -1, 4 ], [ 52, 1, -26, -13 ], [ -8, -4, 3, 10 ], 
      [ 24, 0, -12, -5 ] ], 
  [ [ 1, 0, 0, 0 ], [ 0, 1, 0, 0 ], [ 0, 0, 1, 0 ], [ 0, 0, 0, 1 ] ] ]),BoundaryImage:=rec(ListIFace:=[ 2, 4, 4, 2 ],ListSign:=[ 1, -1, -1, 1 ],ListElt:=[ [ [ 1, 0, 0, 0 ], [ 0, 1, 0, 0 ], [ 0, 0, 1, 0 ], [ 0, 0, 0, 1 ] ], 
  [ [ 11, 0, -5, -2 ], [ 0, 11, 2, -21 ], [ 21, -2, -10, 0 ], 
      [ 2, 5, 0, -10 ] ], 
  [ [ 2, 0, -1, 0 ], [ 0, 2, -2, -5 ], [ 5, 0, -2, 0 ], [ -2, 1, 0, -2 ] ], 
  [ [ -1, 2, 1, -4 ], [ -52, -1, 26, 13 ], [ 8, 4, -3, -10 ], 
      [ -24, 0, 12, 5 ] ] ])),rec(TheMatrixStab:=Group([ [ [ -1, 0, 0, 0 ], [ 0, -1, 0, 0 ], [ 0, 0, -1, 0 ], [ 0, 0, 0, -1 ] ], 
  [ [ 1, 0, 0, 0 ], [ 0, 1, 0, 0 ], [ 0, 0, 1, 0 ], [ 0, 0, 0, 1 ] ] ]),TheRotSubgroup:=Group([ [ [ -1, 0, 0, 0 ], [ 0, -1, 0, 0 ], [ 0, 0, -1, 0 ], [ 0, 0, 0, -1 ] ], 
  [ [ 1, 0, 0, 0 ], [ 0, 1, 0, 0 ], [ 0, 0, 1, 0 ], [ 0, 0, 0, 1 ] ] ]),BoundaryImage:=rec(ListIFace:=[ 2, 8, 3, 11, 14 ],ListSign:=[ 1, 1, -1, -1, 1 ],ListElt:=[ [ [ -1, 0, 0, 0 ], [ 0, -1, 0, 0 ], [ 0, 0, -1, 0 ], [ 0, 0, 0, -1 ] ], 
  [ [ 3, -2, -2, 4 ], [ 52, 3, -28, -18 ], [ -3, -4, 1, 10 ], 
      [ 22, 1, -12, -7 ] ], 
  [ [ 2, 0, -1, 0 ], [ 0, 2, -2, -5 ], [ 5, 0, -2, 0 ], [ -2, 1, 0, -2 ] ], 
  [ [ -1, 1, 0, -2 ], [ -26, -1, 12, 4 ], [ 9, 2, -5, -5 ], [ -14, 1, 6, -1 ] 
     ], 
  [ [ 1, 2, -2, -6 ], [ -52, 1, 32, 2 ], [ 11, 3, -9, -10 ], 
      [ -20, 1, 12, -1 ] ] ])),rec(TheMatrixStab:=Group([ [ [ -25, 0, 12, 4 ], [ 0, -25, 0, 52 ], [ -52, 4, 25, 0 ], 
      [ 0, -12, 0, 25 ] ], 
  [ [ -1, 0, 0, 0 ], [ 0, -1, 0, 0 ], [ 0, 0, -1, 0 ], [ 0, 0, 0, -1 ] ], 
  [ [ 1, 0, 0, 0 ], [ 0, 1, 0, 0 ], [ 0, 0, 1, 0 ], [ 0, 0, 0, 1 ] ], 
  [ [ 25, 0, -12, -4 ], [ 0, 25, 0, -52 ], [ 52, -4, -25, 0 ], 
      [ 0, 12, 0, -25 ] ] ]),TheRotSubgroup:=Group([ [ [ -25, 0, 12, 4 ], [ 0, -25, 0, 52 ], [ -52, 4, 25, 0 ], 
      [ 0, -12, 0, 25 ] ], 
  [ [ -1, 0, 0, 0 ], [ 0, -1, 0, 0 ], [ 0, 0, -1, 0 ], [ 0, 0, 0, -1 ] ], 
  [ [ 1, 0, 0, 0 ], [ 0, 1, 0, 0 ], [ 0, 0, 1, 0 ], [ 0, 0, 0, 1 ] ], 
  [ [ 25, 0, -12, -4 ], [ 0, 25, 0, -52 ], [ 52, -4, -25, 0 ], 
      [ 0, 12, 0, -25 ] ] ]),BoundaryImage:=rec(ListIFace:=[ 3, 12, 15, 4, 8, 15, 12, 8, 3, 4 ],ListSign:=[ 1, 1, -1, -1, -1, -1, 1, -1, 1, -1 ],ListElt:=[ [ [ 1, 0, 0, 0 ], [ 0, 1, 0, 0 ], [ 0, 0, 1, 0 ], [ 0, 0, 0, 1 ] ], 
  [ [ 1, 0, 0, 0 ], [ 0, 1, 0, 0 ], [ 0, 0, 1, 0 ], [ 0, 0, 0, 1 ] ], 
  [ [ 21, 1, -13, -4 ], [ -26, 21, -2, -57 ], [ 48, -1, -27, 0 ], 
      [ -14, 10, 0, -27 ] ], 
  [ [ 1, 0, 0, 0 ], [ 0, 1, 0, 0 ], [ 0, 0, 1, 0 ], [ 0, 0, 0, 1 ] ], 
  [ [ -1, 2, 1, -4 ], [ -52, -1, 26, 13 ], [ 8, 4, -3, -10 ], 
      [ -24, 0, 12, 5 ] ], 
  [ [ -5, 3, 1, -8 ], [ -78, -5, 50, 21 ], [ 4, 7, -7, -20 ], 
      [ -38, -2, 24, 9 ] ], 
  [ [ 10, 8, -7, -19 ], [ -208, 10, 100, 3 ], [ 55, 15, -31, -40 ], 
      [ -100, 5, 48, 1 ] ], 
  [ [ -25, 2, 13, 0 ], [ -52, -25, 26, 65 ], [ -44, 8, 23, -10 ], 
      [ -24, -12, 12, 31 ] ], 
  [ [ -25, 0, 12, 4 ], [ 0, -25, 0, 52 ], [ -52, 4, 25, 0 ], 
      [ 0, -12, 0, 25 ] ], 
  [ [ -25, 0, 12, 4 ], [ 0, -25, 0, 52 ], [ -52, 4, 25, 0 ], 
      [ 0, -12, 0, 25 ] ] ])),rec(TheMatrixStab:=Group([ [ [ -9, 0, 4, 0 ], [ 0, -9, 8, 20 ], [ -20, 0, 9, 0 ], [ 8, -4, 0, 9 ] ], 
  [ [ -1, 0, 0, 0 ], [ 0, -1, 0, 0 ], [ 0, 0, -1, 0 ], [ 0, 0, 0, -1 ] ], 
  [ [ 1, 0, 0, 0 ], [ 0, 1, 0, 0 ], [ 0, 0, 1, 0 ], [ 0, 0, 0, 1 ] ], 
  [ [ 9, 0, -4, 0 ], [ 0, 9, -8, -20 ], [ 20, 0, -9, 0 ], [ -8, 4, 0, -9 ] ] ]),TheRotSubgroup:=Group([ [ [ -9, 0, 4, 0 ], [ 0, -9, 8, 20 ], [ -20, 0, 9, 0 ], [ 8, -4, 0, 9 ] ], 
  [ [ -1, 0, 0, 0 ], [ 0, -1, 0, 0 ], [ 0, 0, -1, 0 ], [ 0, 0, 0, -1 ] ], 
  [ [ 1, 0, 0, 0 ], [ 0, 1, 0, 0 ], [ 0, 0, 1, 0 ], [ 0, 0, 0, 1 ] ], 
  [ [ 9, 0, -4, 0 ], [ 0, 9, -8, -20 ], [ 20, 0, -9, 0 ], [ -8, 4, 0, -9 ] ] ]),BoundaryImage:=rec(ListIFace:=[ 3, 10, 5, 15, 7, 5, 7, 3, 10, 15 ],ListSign:=[ 1, 1, -1, -1, -1, -1, -1, 1, 1, -1 ],ListElt:=[ [ [ 1, 0, 0, 0 ], [ 0, 1, 0, 0 ], [ 0, 0, 1, 0 ], [ 0, 0, 0, 1 ] ], 
  [ [ 1, 0, 0, 0 ], [ 0, 1, 0, 0 ], [ 0, 0, 1, 0 ], [ 0, 0, 0, 1 ] ], 
  [ [ 1, 0, 0, 0 ], [ 0, 1, 0, 0 ], [ 0, 0, 1, 0 ], [ 0, 0, 0, 1 ] ], 
  [ [ -9, 0, 5, 0 ], [ 0, -9, 10, 25 ], [ -20, 0, 11, 0 ], [ 8, -4, 0, 11 ] ],
  [ [ -9, 0, 5, 0 ], [ 0, -9, 10, 25 ], [ -20, 0, 11, 0 ], [ 8, -4, 0, 11 ] ],
  [ [ -2, 0, -1, 0 ], [ 0, -2, -2, -5 ], [ -5, 0, -2, 0 ], [ 2, -1, 0, -2 ] ],
  [ [ 1, 0, -1, 0 ], [ 0, 1, -2, -5 ], [ 0, 0, -1, 0 ], [ 0, 0, 0, -1 ] ], 
  [ [ 9, 0, -4, 0 ], [ 0, 9, -8, -20 ], [ 20, 0, -9, 0 ], [ -8, 4, 0, -9 ] ], 
  [ [ 9, 0, -4, 0 ], [ 0, 9, -8, -20 ], [ 20, 0, -9, 0 ], [ -8, 4, 0, -9 ] ], 
  [ [ 1, 0, -1, 0 ], [ 0, 1, -2, -5 ], [ 0, 0, -1, 0 ], [ 0, 0, 0, -1 ] ] ])),rec(TheMatrixStab:=Group([ [ [ -9, -1, 6, 4 ], [ 26, -9, -12, 22 ], [ -17, -1, 11, 5 ], 
      [ 12, -3, -6, 7 ] ], 
  [ [ -1, 0, 0, 0 ], [ 0, -1, 0, 0 ], [ 0, 0, -1, 0 ], [ 0, 0, 0, -1 ] ], 
  [ [ 1, 0, 0, 0 ], [ 0, 1, 0, 0 ], [ 0, 0, 1, 0 ], [ 0, 0, 0, 1 ] ], 
  [ [ 9, 1, -6, -4 ], [ -26, 9, 12, -22 ], [ 17, 1, -11, -5 ], 
      [ -12, 3, 6, -7 ] ] ]),TheRotSubgroup:=Group([ [ [ -9, -1, 6, 4 ], [ 26, -9, -12, 22 ], [ -17, -1, 11, 5 ], 
      [ 12, -3, -6, 7 ] ], 
  [ [ -1, 0, 0, 0 ], [ 0, -1, 0, 0 ], [ 0, 0, -1, 0 ], [ 0, 0, 0, -1 ] ], 
  [ [ 1, 0, 0, 0 ], [ 0, 1, 0, 0 ], [ 0, 0, 1, 0 ], [ 0, 0, 0, 1 ] ], 
  [ [ 9, 1, -6, -4 ], [ -26, 9, 12, -22 ], [ 17, 1, -11, -5 ], 
      [ -12, 3, 6, -7 ] ] ]),BoundaryImage:=rec(ListIFace:=[ 6, 8, 7, 6, 8, 7 ],ListSign:=[ 1, 1, -1, 1, 1, -1 ],ListElt:=[ [ [ -1, 0, 0, 0 ], [ 0, -1, 0, 0 ], [ 0, 0, -1, 0 ], [ 0, 0, 0, -1 ] ], 
  [ [ -3, 1, 2, -2 ], [ -26, -3, 16, 14 ], [ -1, 2, 1, -5 ], 
      [ -10, -1, 6, 5 ] ], 
  [ [ -9, -1, 6, 4 ], [ 26, -9, -12, 22 ], [ -17, -1, 11, 5 ], 
      [ 12, -3, -6, 7 ] ], 
  [ [ -9, -1, 6, 4 ], [ 26, -9, -12, 22 ], [ -17, -1, 11, 5 ], 
      [ 12, -3, -6, 7 ] ], 
  [ [ -7, -2, 4, 6 ], [ 52, -7, -28, 8 ], [ -16, -3, 9, 10 ], 
      [ 22, -2, -12, 1 ] ], 
  [ [ -1, 0, 0, 0 ], [ 0, -1, 0, 0 ], [ 0, 0, -1, 0 ], [ 0, 0, 0, -1 ] ] ])),rec(TheMatrixStab:=Group([ [ [ -36, 0, 17, 3 ], [ 0, -36, 16, 79 ], [ -79, 3, 36, 0 ], 
      [ 16, -17, 0, 36 ] ], 
  [ [ -1, 0, 0, 0 ], [ 0, -1, 0, 0 ], [ 0, 0, -1, 0 ], [ 0, 0, 0, -1 ] ], 
  [ [ 1, 0, 0, 0 ], [ 0, 1, 0, 0 ], [ 0, 0, 1, 0 ], [ 0, 0, 0, 1 ] ], 
  [ [ 36, 0, -17, -3 ], [ 0, 36, -16, -79 ], [ 79, -3, -36, 0 ], 
      [ -16, 17, 0, -36 ] ] ]),TheRotSubgroup:=Group([ [ [ -36, 0, 17, 3 ], [ 0, -36, 16, 79 ], [ -79, 3, 36, 0 ], 
      [ 16, -17, 0, 36 ] ], 
  [ [ -1, 0, 0, 0 ], [ 0, -1, 0, 0 ], [ 0, 0, -1, 0 ], [ 0, 0, 0, -1 ] ], 
  [ [ 1, 0, 0, 0 ], [ 0, 1, 0, 0 ], [ 0, 0, 1, 0 ], [ 0, 0, 0, 1 ] ], 
  [ [ 36, 0, -17, -3 ], [ 0, 36, -16, -79 ], [ 79, -3, -36, 0 ], 
      [ -16, 17, 0, -36 ] ] ]),BoundaryImage:=rec(ListIFace:=[ 9, 10, 9, 10 ],ListSign:=[ 1, -1, 1, -1 ],ListElt:=[ [ [ -1, 0, 0, 0 ], [ 0, -1, 0, 0 ], [ 0, 0, -1, 0 ], [ 0, 0, 0, -1 ] ], 
  [ [ -10, 0, 5, 1 ], [ 0, -10, 4, 23 ], [ -23, 1, 11, 0 ], [ 4, -5, 0, 11 ] ]
    , 
  [ [ 36, 0, -17, -3 ], [ 0, 36, -16, -79 ], [ 79, -3, -36, 0 ], 
      [ -16, 17, 0, -36 ] ], 
  [ [ 19, -2, -7, 3 ], [ 52, 19, -32, -41 ], [ 38, -6, -13, 10 ], 
      [ 16, 10, -12, -21 ] ] ])),rec(TheMatrixStab:=Group([ [ [ -101, 0, 48, 10 ], [ 0, -101, 36, 220 ], [ -220, 10, 101, 0 ], 
      [ 36, -48, 0, 101 ] ], 
  [ [ -1, 0, 0, 0 ], [ 0, -1, 0, 0 ], [ 0, 0, -1, 0 ], [ 0, 0, 0, -1 ] ], 
  [ [ 1, 0, 0, 0 ], [ 0, 1, 0, 0 ], [ 0, 0, 1, 0 ], [ 0, 0, 0, 1 ] ], 
  [ [ 101, 0, -48, -10 ], [ 0, 101, -36, -220 ], [ 220, -10, -101, 0 ], 
      [ -36, 48, 0, -101 ] ] ]),TheRotSubgroup:=Group([ [ [ -101, 0, 48, 10 ], [ 0, -101, 36, 220 ], [ -220, 10, 101, 0 ], 
      [ 36, -48, 0, 101 ] ], 
  [ [ -1, 0, 0, 0 ], [ 0, -1, 0, 0 ], [ 0, 0, -1, 0 ], [ 0, 0, 0, -1 ] ], 
  [ [ 1, 0, 0, 0 ], [ 0, 1, 0, 0 ], [ 0, 0, 1, 0 ], [ 0, 0, 0, 1 ] ], 
  [ [ 101, 0, -48, -10 ], [ 0, 101, -36, -220 ], [ 220, -10, -101, 0 ], 
      [ -36, 48, 0, -101 ] ] ]),BoundaryImage:=rec(ListIFace:=[ 9, 11, 16, 16, 11, 9 ],ListSign:=[ 1, -1, 1, -1, -1, 1 ],ListElt:=[ [ [ -1, 0, 0, 0 ], [ 0, -1, 0, 0 ], [ 0, 0, -1, 0 ], [ 0, 0, 0, -1 ] ], 
  [ [ -1, 0, 0, 0 ], [ 0, -1, 0, 0 ], [ 0, 0, -1, 0 ], [ 0, 0, 0, -1 ] ], 
  [ [ 245, -62, -91, 114 ], [ 1612, 245, -866, -683 ], 
      [ 377, -159, -114, 315 ], [ 676, 139, -378, -366 ] ], 
  [ [ -45, -82, 55, 184 ], [ 2132, -45, -994, -93 ], [ -313, -174, 220, 410 ],
      [ 1030, 7, -492, -108 ] ], 
  [ [ -101, 0, 48, 10 ], [ 0, -101, 36, 220 ], [ -220, 10, 101, 0 ], 
      [ 36, -48, 0, 101 ] ], 
  [ [ -101, 0, 48, 10 ], [ 0, -101, 36, 220 ], [ -220, 10, 101, 0 ], 
      [ 36, -48, 0, 101 ] ] ])),rec(TheMatrixStab:=Group([ [ [ -44, 0, 21, 5 ], [ 0, -44, 12, 95 ], [ -95, 5, 44, 0 ], 
      [ 12, -21, 0, 44 ] ], 
  [ [ -1, 0, 0, 0 ], [ 0, -1, 0, 0 ], [ 0, 0, -1, 0 ], [ 0, 0, 0, -1 ] ], 
  [ [ 1, 0, 0, 0 ], [ 0, 1, 0, 0 ], [ 0, 0, 1, 0 ], [ 0, 0, 0, 1 ] ], 
  [ [ 44, 0, -21, -5 ], [ 0, 44, -12, -95 ], [ 95, -5, -44, 0 ], 
      [ -12, 21, 0, -44 ] ] ]),TheRotSubgroup:=Group([ [ [ -44, 0, 21, 5 ], [ 0, -44, 12, 95 ], [ -95, 5, 44, 0 ], 
      [ 12, -21, 0, 44 ] ], 
  [ [ -1, 0, 0, 0 ], [ 0, -1, 0, 0 ], [ 0, 0, -1, 0 ], [ 0, 0, 0, -1 ] ], 
  [ [ 1, 0, 0, 0 ], [ 0, 1, 0, 0 ], [ 0, 0, 1, 0 ], [ 0, 0, 0, 1 ] ], 
  [ [ 44, 0, -21, -5 ], [ 0, 44, -12, -95 ], [ 95, -5, -44, 0 ], 
      [ -12, 21, 0, -44 ] ] ]),BoundaryImage:=rec(ListIFace:=[ 11, 12, 11, 12 ],ListSign:=[ 1, -1, 1, -1 ],ListElt:=[ [ [ -1, 0, 0, 0 ], [ 0, -1, 0, 0 ], [ 0, 0, -1, 0 ], [ 0, 0, 0, -1 ] ], 
  [ [ 44, 0, -21, -5 ], [ 0, 44, -12, -95 ], [ 95, -5, -44, 0 ], 
      [ -12, 21, 0, -44 ] ], 
  [ [ 44, 0, -21, -5 ], [ 0, 44, -12, -95 ], [ 95, -5, -44, 0 ], 
      [ -12, 21, 0, -44 ] ], 
  [ [ 1, 0, 0, 0 ], [ 0, 1, 0, 0 ], [ 0, 0, 1, 0 ], [ 0, 0, 0, 1 ] ] ])),rec(TheMatrixStab:=Group([ [ [ -7, 2, 2, -5 ], [ -52, -7, 34, 20 ], [ -12, 4, 3, -10 ], 
      [ -16, -4, 12, 11 ] ], 
  [ [ -1, 0, 0, 0 ], [ 0, -1, 0, 0 ], [ 0, 0, -1, 0 ], [ 0, 0, 0, -1 ] ], 
  [ [ 1, 0, 0, 0 ], [ 0, 1, 0, 0 ], [ 0, 0, 1, 0 ], [ 0, 0, 0, 1 ] ], 
  [ [ 7, -2, -2, 5 ], [ 52, 7, -34, -20 ], [ 12, -4, -3, 10 ], 
      [ 16, 4, -12, -11 ] ] ]),TheRotSubgroup:=Group([ [ [ -7, 2, 2, -5 ], [ -52, -7, 34, 20 ], [ -12, 4, 3, -10 ], 
      [ -16, -4, 12, 11 ] ], 
  [ [ -1, 0, 0, 0 ], [ 0, -1, 0, 0 ], [ 0, 0, -1, 0 ], [ 0, 0, 0, -1 ] ], 
  [ [ 1, 0, 0, 0 ], [ 0, 1, 0, 0 ], [ 0, 0, 1, 0 ], [ 0, 0, 0, 1 ] ], 
  [ [ 7, -2, -2, 5 ], [ 52, 7, -34, -20 ], [ 12, -4, -3, 10 ], 
      [ 16, 4, -12, -11 ] ] ]),BoundaryImage:=rec(ListIFace:=[ 13, 15, 15, 13 ],ListSign:=[ 1, -1, -1, 1 ],ListElt:=[ [ [ -1, 0, 0, 0 ], [ 0, -1, 0, 0 ], [ 0, 0, -1, 0 ], [ 0, 0, 0, -1 ] ], 
  [ [ -1, 0, 0, 0 ], [ 0, -1, 0, 0 ], [ 0, 0, -1, 0 ], [ 0, 0, 0, -1 ] ], 
  [ [ 7, -2, -2, 5 ], [ 52, 7, -34, -20 ], [ 12, -4, -3, 10 ], 
      [ 16, 4, -12, -11 ] ], 
  [ [ 7, -2, -2, 5 ], [ 52, 7, -34, -20 ], [ 12, -4, -3, 10 ], 
      [ 16, 4, -12, -11 ] ] ])),rec(TheMatrixStab:=Group([ [ [ -5, -3, 6, 9 ], [ 78, -5, -42, 12 ], [ -10, -5, 11, 15 ], 
      [ 30, 0, -18, -1 ] ], 
  [ [ -1, 0, 0, 0 ], [ 0, -1, 0, 0 ], [ 0, 0, -1, 0 ], [ 0, 0, 0, -1 ] ], 
  [ [ 1, 0, 0, 0 ], [ 0, 1, 0, 0 ], [ 0, 0, 1, 0 ], [ 0, 0, 0, 1 ] ], 
  [ [ 5, 3, -6, -9 ], [ -78, 5, 42, -12 ], [ 10, 5, -11, -15 ], 
      [ -30, 0, 18, 1 ] ] ]),TheRotSubgroup:=Group([ [ [ -5, -3, 6, 9 ], [ 78, -5, -42, 12 ], [ -10, -5, 11, 15 ], 
      [ 30, 0, -18, -1 ] ], 
  [ [ -1, 0, 0, 0 ], [ 0, -1, 0, 0 ], [ 0, 0, -1, 0 ], [ 0, 0, 0, -1 ] ], 
  [ [ 1, 0, 0, 0 ], [ 0, 1, 0, 0 ], [ 0, 0, 1, 0 ], [ 0, 0, 0, 1 ] ], 
  [ [ 5, 3, -6, -9 ], [ -78, 5, 42, -12 ], [ 10, 5, -11, -15 ], 
      [ -30, 0, 18, 1 ] ] ]),BoundaryImage:=rec(ListIFace:=[ 14, 15, 14, 15 ],ListSign:=[ 1, -1, 1, -1 ],ListElt:=[ [ [ 1, 0, 0, 0 ], [ 0, 1, 0, 0 ], [ 0, 0, 1, 0 ], [ 0, 0, 0, 1 ] ], 
  [ [ 1, 0, 0, 0 ], [ 0, 1, 0, 0 ], [ 0, 0, 1, 0 ], [ 0, 0, 0, 1 ] ], 
  [ [ -5, -3, 6, 9 ], [ 78, -5, -42, 12 ], [ -10, -5, 11, 15 ], 
      [ 30, 0, -18, -1 ] ], 
  [ [ -5, -3, 6, 9 ], [ 78, -5, -42, 12 ], [ -10, -5, 11, 15 ], 
      [ 30, 0, -18, -1 ] ] ]))]];