HAP_GCOMPLEX_SETUP:=[false]; 
HAP_GCOMPLEX_LIST:=[[rec(TheMatrixStab:=Group([ [ [ -1, 0, 0, 0 ], [ 0, -1, 0, 0 ], [ 0, 0, -1, 0 ], [ 0, 0, 0, -1 ] ], 
  [ [ -1, 0, 1, 0 ], [ 0, -1, 0, 1 ], [ -1, 0, 0, 0 ], [ 0, -1, 0, 0 ] ], 
  [ [ 0, 0, -1, 0 ], [ 0, 0, 0, -1 ], [ 1, 0, -1, 0 ], [ 0, 1, 0, -1 ] ], 
  [ [ 0, 0, 1, 0 ], [ 0, 0, 0, 1 ], [ -1, 0, 1, 0 ], [ 0, -1, 0, 1 ] ], 
  [ [ 1, 0, -1, 0 ], [ 0, 1, 0, -1 ], [ 1, 0, 0, 0 ], [ 0, 1, 0, 0 ] ], 
  [ [ 1, 0, 0, 0 ], [ 0, 1, 0, 0 ], [ 0, 0, 1, 0 ], [ 0, 0, 0, 1 ] ] ]),TheRotSubgroup:=Group([ [ [ -1, 0, 0, 0 ], [ 0, -1, 0, 0 ], [ 0, 0, -1, 0 ], [ 0, 0, 0, -1 ] ], 
  [ [ -1, 0, 1, 0 ], [ 0, -1, 0, 1 ], [ -1, 0, 0, 0 ], [ 0, -1, 0, 0 ] ], 
  [ [ 0, 0, -1, 0 ], [ 0, 0, 0, -1 ], [ 1, 0, -1, 0 ], [ 0, 1, 0, -1 ] ], 
  [ [ 0, 0, 1, 0 ], [ 0, 0, 0, 1 ], [ -1, 0, 1, 0 ], [ 0, -1, 0, 1 ] ], 
  [ [ 1, 0, -1, 0 ], [ 0, 1, 0, -1 ], [ 1, 0, 0, 0 ], [ 0, 1, 0, 0 ] ], 
  [ [ 1, 0, 0, 0 ], [ 0, 1, 0, 0 ], [ 0, 0, 1, 0 ], [ 0, 0, 0, 1 ] ] ]),BoundaryImage:=rec(ListIFace:=[  ],ListSign:=[  ],ListElt:=[  ])),rec(TheMatrixStab:=Group([ [ [ -1, 0, -1, 0 ], [ 0, -1, 0, -1 ], [ 1, 0, 0, 0 ], [ 0, 1, 0, 0 ] ], 
  [ [ -1, 0, 0, 0 ], [ 0, -1, 0, 0 ], [ 0, 0, -1, 0 ], [ 0, 0, 0, -1 ] ], 
  [ [ 0, 0, -1, 0 ], [ 0, 0, 0, -1 ], [ 1, 0, 1, 0 ], [ 0, 1, 0, 1 ] ], 
  [ [ 0, 0, 1, 0 ], [ 0, 0, 0, 1 ], [ -1, 0, -1, 0 ], [ 0, -1, 0, -1 ] ], 
  [ [ 1, 0, 0, 0 ], [ 0, 1, 0, 0 ], [ 0, 0, 1, 0 ], [ 0, 0, 0, 1 ] ], 
  [ [ 1, 0, 1, 0 ], [ 0, 1, 0, 1 ], [ -1, 0, 0, 0 ], [ 0, -1, 0, 0 ] ] ]),TheRotSubgroup:=Group([ [ [ -1, 0, -1, 0 ], [ 0, -1, 0, -1 ], [ 1, 0, 0, 0 ], [ 0, 1, 0, 0 ] ], 
  [ [ -1, 0, 0, 0 ], [ 0, -1, 0, 0 ], [ 0, 0, -1, 0 ], [ 0, 0, 0, -1 ] ], 
  [ [ 0, 0, -1, 0 ], [ 0, 0, 0, -1 ], [ 1, 0, 1, 0 ], [ 0, 1, 0, 1 ] ], 
  [ [ 0, 0, 1, 0 ], [ 0, 0, 0, 1 ], [ -1, 0, -1, 0 ], [ 0, -1, 0, -1 ] ], 
  [ [ 1, 0, 0, 0 ], [ 0, 1, 0, 0 ], [ 0, 0, 1, 0 ], [ 0, 0, 0, 1 ] ], 
  [ [ 1, 0, 1, 0 ], [ 0, 1, 0, 1 ], [ -1, 0, 0, 0 ], [ 0, -1, 0, 0 ] ] ]),BoundaryImage:=rec(ListIFace:=[  ],ListSign:=[  ],ListElt:=[  ])),rec(TheMatrixStab:=Group([ [ [ -1, 0, 0, 0 ], [ 0, -1, 0, 0 ], [ 0, 0, -1, 0 ], [ 0, 0, 0, -1 ] ], 
  [ [ 0, -1, -5, 1 ], [ 6, -1, -6, -4 ], [ -1, 0, 0, 1 ], [ 0, -1, -6, 1 ] ], 
  [ [ 0, 1, 5, -1 ], [ -6, 1, 6, 4 ], [ 1, 0, 0, -1 ], [ 0, 1, 6, -1 ] ], 
  [ [ 1, 0, 0, 0 ], [ 0, 1, 0, 0 ], [ 0, 0, 1, 0 ], [ 0, 0, 0, 1 ] ] ]),TheRotSubgroup:=Group([ [ [ -1, 0, 0, 0 ], [ 0, -1, 0, 0 ], [ 0, 0, -1, 0 ], [ 0, 0, 0, -1 ] ], 
  [ [ 0, -1, -5, 1 ], [ 6, -1, -6, -4 ], [ -1, 0, 0, 1 ], [ 0, -1, -6, 1 ] ], 
  [ [ 0, 1, 5, -1 ], [ -6, 1, 6, 4 ], [ 1, 0, 0, -1 ], [ 0, 1, 6, -1 ] ], 
  [ [ 1, 0, 0, 0 ], [ 0, 1, 0, 0 ], [ 0, 0, 1, 0 ], [ 0, 0, 0, 1 ] ] ]),BoundaryImage:=rec(ListIFace:=[  ],ListSign:=[  ],ListElt:=[  ])),rec(TheMatrixStab:=Group([ [ [ -1, 0, 0, 0 ], [ 0, -1, 0, 0 ], [ 0, 0, -1, 0 ], [ 0, 0, 0, -1 ] ], 
  [ [ 0, -1, 5, -1 ], [ 6, -1, 6, 4 ], [ 1, 0, 0, 1 ], [ 0, 1, -6, 1 ] ], 
  [ [ 0, 1, -5, 1 ], [ -6, 1, -6, -4 ], [ -1, 0, 0, -1 ], [ 0, -1, 6, -1 ] ], 
  [ [ 1, 0, 0, 0 ], [ 0, 1, 0, 0 ], [ 0, 0, 1, 0 ], [ 0, 0, 0, 1 ] ] ]),TheRotSubgroup:=Group([ [ [ -1, 0, 0, 0 ], [ 0, -1, 0, 0 ], [ 0, 0, -1, 0 ], [ 0, 0, 0, -1 ] ], 
  [ [ 0, -1, 5, -1 ], [ 6, -1, 6, 4 ], [ 1, 0, 0, 1 ], [ 0, 1, -6, 1 ] ], 
  [ [ 0, 1, -5, 1 ], [ -6, 1, -6, -4 ], [ -1, 0, 0, -1 ], [ 0, -1, 6, -1 ] ], 
  [ [ 1, 0, 0, 0 ], [ 0, 1, 0, 0 ], [ 0, 0, 1, 0 ], [ 0, 0, 0, 1 ] ] ]),BoundaryImage:=rec(ListIFace:=[  ],ListSign:=[  ],ListElt:=[  ]))],[rec(TheMatrixStab:=Group([ [ [ -1, 0, 0, 0 ], [ 0, -1, 0, 0 ], [ 0, 0, -1, 0 ], [ 0, 0, 0, -1 ] ], 
  [ [ 1, 0, 0, 0 ], [ 0, 1, 0, 0 ], [ 0, 0, 1, 0 ], [ 0, 0, 0, 1 ] ] ]),TheRotSubgroup:=Group([ [ [ -1, 0, 0, 0 ], [ 0, -1, 0, 0 ], [ 0, 0, -1, 0 ], [ 0, 0, 0, -1 ] ], 
  [ [ 1, 0, 0, 0 ], [ 0, 1, 0, 0 ], [ 0, 0, 1, 0 ], [ 0, 0, 0, 1 ] ] ]),BoundaryImage:=rec(ListIFace:=[ 1, 3 ],ListSign:=[ -1, 1 ],ListElt:=[ [ [ -1, 0, 0, 0 ], [ 0, -1, 0, 0 ], [ 0, 0, -1, 0 ], [ 0, 0, 0, -1 ] ], 
  [ [ 0, 1, 5, -1 ], [ -6, 1, 6, 4 ], [ 1, 0, 0, -1 ], [ 0, 1, 6, -1 ] ] ])),rec(TheMatrixStab:=Group([ [ [ -1, 0, 0, 0 ], [ 0, -1, 0, 0 ], [ 0, 0, -1, 0 ], [ 0, 0, 0, -1 ] ], 
  [ [ 1, 0, 0, 0 ], [ 0, 1, 0, 0 ], [ 0, 0, 1, 0 ], [ 0, 0, 0, 1 ] ] ]),TheRotSubgroup:=Group([ [ [ -1, 0, 0, 0 ], [ 0, -1, 0, 0 ], [ 0, 0, -1, 0 ], [ 0, 0, 0, -1 ] ], 
  [ [ 1, 0, 0, 0 ], [ 0, 1, 0, 0 ], [ 0, 0, 1, 0 ], [ 0, 0, 0, 1 ] ] ]),BoundaryImage:=rec(ListIFace:=[ 2, 4 ],ListSign:=[ -1, 1 ],ListElt:=[ [ [ 0, 0, 1, 0 ], [ 0, 0, 0, 1 ], [ -1, 0, -1, 0 ], [ 0, -1, 0, -1 ] ], 
  [ [ 0, -1, 5, -1 ], [ 6, -1, 6, 4 ], [ 1, 0, 0, 1 ], [ 0, 1, -6, 1 ] ] ])),rec(TheMatrixStab:=Group([ [ [ -1, 0, 0, 0 ], [ 0, -1, 0, 0 ], [ 0, 0, -1, 0 ], [ 0, 0, 0, -1 ] ], 
  [ [ -1, 0, 1, 0 ], [ 0, -1, 0, 1 ], [ -1, 0, 0, 0 ], [ 0, -1, 0, 0 ] ], 
  [ [ 0, 0, -1, 0 ], [ 0, 0, 0, -1 ], [ 1, 0, -1, 0 ], [ 0, 1, 0, -1 ] ], 
  [ [ 0, 0, 1, 0 ], [ 0, 0, 0, 1 ], [ -1, 0, 1, 0 ], [ 0, -1, 0, 1 ] ], 
  [ [ 1, 0, -1, 0 ], [ 0, 1, 0, -1 ], [ 1, 0, 0, 0 ], [ 0, 1, 0, 0 ] ], 
  [ [ 1, 0, 0, 0 ], [ 0, 1, 0, 0 ], [ 0, 0, 1, 0 ], [ 0, 0, 0, 1 ] ] ]),TheRotSubgroup:=Group([ [ [ -1, 0, 0, 0 ], [ 0, -1, 0, 0 ], [ 0, 0, -1, 0 ], [ 0, 0, 0, -1 ] ], 
  [ [ -1, 0, 1, 0 ], [ 0, -1, 0, 1 ], [ -1, 0, 0, 0 ], [ 0, -1, 0, 0 ] ], 
  [ [ 0, 0, -1, 0 ], [ 0, 0, 0, -1 ], [ 1, 0, -1, 0 ], [ 0, 1, 0, -1 ] ], 
  [ [ 0, 0, 1, 0 ], [ 0, 0, 0, 1 ], [ -1, 0, 1, 0 ], [ 0, -1, 0, 1 ] ], 
  [ [ 1, 0, -1, 0 ], [ 0, 1, 0, -1 ], [ 1, 0, 0, 0 ], [ 0, 1, 0, 0 ] ], 
  [ [ 1, 0, 0, 0 ], [ 0, 1, 0, 0 ], [ 0, 0, 1, 0 ], [ 0, 0, 0, 1 ] ] ]),BoundaryImage:=rec(ListIFace:=[ 1, 2 ],ListSign:=[ -1, 1 ],ListElt:=[ [ [ 1, 0, 0, 0 ], [ 0, 1, 0, 0 ], [ 0, 0, 1, 0 ], [ 0, 0, 0, 1 ] ], 
  [ [ 1, 1, -2, 1 ], [ -6, 2, -6, -1 ], [ 3, 0, 1, 1 ], [ 0, 3, -6, 2 ] ] ])),rec(TheMatrixStab:=Group([ [ [ -1, 0, 0, 0 ], [ 0, -1, 0, 0 ], [ 0, 0, -1, 0 ], [ 0, 0, 0, -1 ] ], 
  [ [ 1, 0, 0, 0 ], [ 0, 1, 0, 0 ], [ 0, 0, 1, 0 ], [ 0, 0, 0, 1 ] ] ]),TheRotSubgroup:=Group([ [ [ -1, 0, 0, 0 ], [ 0, -1, 0, 0 ], [ 0, 0, -1, 0 ], [ 0, 0, 0, -1 ] ], 
  [ [ 1, 0, 0, 0 ], [ 0, 1, 0, 0 ], [ 0, 0, 1, 0 ], [ 0, 0, 0, 1 ] ] ]),BoundaryImage:=rec(ListIFace:=[ 1, 4 ],ListSign:=[ -1, 1 ],ListElt:=[ [ [ 1, 0, 0, 0 ], [ 0, 1, 0, 0 ], [ 0, 0, 1, 0 ], [ 0, 0, 0, 1 ] ], 
  [ [ 1, 0, 1, 1 ], [ 0, 1, -6, 2 ], [ 0, 0, 1, 0 ], [ 0, 0, 0, 1 ] ] ])),rec(TheMatrixStab:=Group([ [ [ -1, 0, 0, 0 ], [ 0, -1, 0, 0 ], [ 0, 0, -1, 0 ], [ 0, 0, 0, -1 ] ], 
  [ [ 1, 0, 0, 0 ], [ 0, 1, 0, 0 ], [ 0, 0, 1, 0 ], [ 0, 0, 0, 1 ] ] ]),TheRotSubgroup:=Group([ [ [ -1, 0, 0, 0 ], [ 0, -1, 0, 0 ], [ 0, 0, -1, 0 ], [ 0, 0, 0, -1 ] ], 
  [ [ 1, 0, 0, 0 ], [ 0, 1, 0, 0 ], [ 0, 0, 1, 0 ], [ 0, 0, 0, 1 ] ] ]),BoundaryImage:=rec(ListIFace:=[ 2, 3 ],ListSign:=[ -1, 1 ],ListElt:=[ [ [ -1, 0, 0, 0 ], [ 0, -1, 0, 0 ], [ 0, 0, -1, 0 ], [ 0, 0, 0, -1 ] ], 
  [ [ 1, 0, -1, -1 ], [ 0, 1, 6, -2 ], [ 0, 0, 1, 0 ], [ 0, 0, 0, 1 ] ] ])),rec(TheMatrixStab:=Group([ [ [ -1, 0, 0, 0 ], [ 0, -1, 0, 0 ], [ 0, 0, -1, 0 ], [ 0, 0, 0, -1 ] ], 
  [ [ -1, 0, 1, 0 ], [ 0, -1, 0, 1 ], [ -1, 0, 0, 0 ], [ 0, -1, 0, 0 ] ], 
  [ [ 0, 0, -1, 0 ], [ 0, 0, 0, -1 ], [ 1, 0, -1, 0 ], [ 0, 1, 0, -1 ] ], 
  [ [ 0, 0, 1, 0 ], [ 0, 0, 0, 1 ], [ -1, 0, 1, 0 ], [ 0, -1, 0, 1 ] ], 
  [ [ 1, 0, -1, 0 ], [ 0, 1, 0, -1 ], [ 1, 0, 0, 0 ], [ 0, 1, 0, 0 ] ], 
  [ [ 1, 0, 0, 0 ], [ 0, 1, 0, 0 ], [ 0, 0, 1, 0 ], [ 0, 0, 0, 1 ] ] ]),TheRotSubgroup:=Group([ [ [ -1, 0, 0, 0 ], [ 0, -1, 0, 0 ], [ 0, 0, -1, 0 ], [ 0, 0, 0, -1 ] ], 
  [ [ -1, 0, 1, 0 ], [ 0, -1, 0, 1 ], [ -1, 0, 0, 0 ], [ 0, -1, 0, 0 ] ], 
  [ [ 0, 0, -1, 0 ], [ 0, 0, 0, -1 ], [ 1, 0, -1, 0 ], [ 0, 1, 0, -1 ] ], 
  [ [ 0, 0, 1, 0 ], [ 0, 0, 0, 1 ], [ -1, 0, 1, 0 ], [ 0, -1, 0, 1 ] ], 
  [ [ 1, 0, -1, 0 ], [ 0, 1, 0, -1 ], [ 1, 0, 0, 0 ], [ 0, 1, 0, 0 ] ], 
  [ [ 1, 0, 0, 0 ], [ 0, 1, 0, 0 ], [ 0, 0, 1, 0 ], [ 0, 0, 0, 1 ] ] ]),BoundaryImage:=rec(ListIFace:=[ 1, 2 ],ListSign:=[ -1, 1 ],ListElt:=[ [ [ 0, 0, -1, 0 ], [ 0, 0, 0, -1 ], [ 1, 0, -1, 0 ], [ 0, 1, 0, -1 ] ], 
  [ [ 0, 0, -1, 0 ], [ 0, 0, 0, -1 ], [ 1, 0, 0, 0 ], [ 0, 1, 0, 0 ] ] ])),rec(TheMatrixStab:=Group([ [ [ -1, 0, 0, 0 ], [ 0, -1, 0, 0 ], [ 0, 0, -1, 0 ], [ 0, 0, 0, -1 ] ], 
  [ [ 0, -1, -5, 1 ], [ 6, -1, -6, -4 ], [ -1, 0, 0, 1 ], [ 0, -1, -6, 1 ] ], 
  [ [ 0, 1, 5, -1 ], [ -6, 1, 6, 4 ], [ 1, 0, 0, -1 ], [ 0, 1, 6, -1 ] ], 
  [ [ 1, 0, 0, 0 ], [ 0, 1, 0, 0 ], [ 0, 0, 1, 0 ], [ 0, 0, 0, 1 ] ] ]),TheRotSubgroup:=Group([ [ [ -1, 0, 0, 0 ], [ 0, -1, 0, 0 ], [ 0, 0, -1, 0 ], [ 0, 0, 0, -1 ] ], 
  [ [ 0, -1, -5, 1 ], [ 6, -1, -6, -4 ], [ -1, 0, 0, 1 ], [ 0, -1, -6, 1 ] ], 
  [ [ 0, 1, 5, -1 ], [ -6, 1, 6, 4 ], [ 1, 0, 0, -1 ], [ 0, 1, 6, -1 ] ], 
  [ [ 1, 0, 0, 0 ], [ 0, 1, 0, 0 ], [ 0, 0, 1, 0 ], [ 0, 0, 0, 1 ] ] ]),BoundaryImage:=rec(ListIFace:=[ 3, 4 ],ListSign:=[ -1, 1 ],ListElt:=[ [ [ 1, 0, 0, 0 ], [ 0, 1, 0, 0 ], [ 0, 0, 1, 0 ], [ 0, 0, 0, 1 ] ], 
  [ [ 3, -2, 8, 0 ], [ 12, 1, 0, 8 ], [ -2, -1, 3, -2 ], [ 6, -3, 12, 1 ] ] ]))],[rec(TheMatrixStab:=Group([ [ [ -1, 0, 0, 0 ], [ 0, -1, 0, 0 ], [ 0, 0, -1, 0 ], [ 0, 0, 0, -1 ] ], 
  [ [ 1, 0, 0, 0 ], [ 0, 1, 0, 0 ], [ 0, 0, 1, 0 ], [ 0, 0, 0, 1 ] ] ]),TheRotSubgroup:=Group([ [ [ -1, 0, 0, 0 ], [ 0, -1, 0, 0 ], [ 0, 0, -1, 0 ], [ 0, 0, 0, -1 ] ], 
  [ [ 1, 0, 0, 0 ], [ 0, 1, 0, 0 ], [ 0, 0, 1, 0 ], [ 0, 0, 0, 1 ] ] ]),BoundaryImage:=rec(ListIFace:=[ 1, 7, 4, 3, 2, 3, 5, 7 ],ListSign:=[ 1, 1, -1, 1, 1, -1, -1, -1 ],ListElt:=[ [ [ 1, 0, 0, 0 ], [ 0, 1, 0, 0 ], [ 0, 0, 1, 0 ], [ 0, 0, 0, 1 ] ], 
  [ [ 0, 1, 5, -1 ], [ -6, 1, 6, 4 ], [ 1, 0, 0, -1 ], [ 0, 1, 6, -1 ] ], 
  [ [ -3, 2, 7, -1 ], [ -12, -1, 6, 6 ], [ 2, 1, 1, -2 ], [ -6, 3, 12, -1 ] ],
  [ [ -4, -1, -3, 2 ], [ 6, -5, -12, -1 ], [ -3, 1, 2, 1 ], [ -6, -2, -6, 3 ] 
     ], 
  [ [ 1, 2, -6, 2 ], [ -12, 3, -12, -4 ], [ 4, 0, 1, 2 ], [ 0, 4, -12, 3 ] ], 
  [ [ 0, 0, -1, 0 ], [ 0, 0, 0, -1 ], [ 1, 0, -1, 0 ], [ 0, 1, 0, -1 ] ], 
  [ [ 3, 0, 1, 1 ], [ 0, 3, -6, 2 ], [ 2, -1, 3, 0 ], [ 6, 1, 0, 3 ] ], 
  [ [ 3, 0, -2, -2 ], [ 0, 3, 12, -4 ], [ 2, -1, -5, 0 ], [ 6, 1, 0, -5 ] ] ])),rec(TheMatrixStab:=Group([ [ [ -1, 0, 0, 0 ], [ 0, -1, 0, 0 ], [ 0, 0, -1, 0 ], [ 0, 0, 0, -1 ] ], 
  [ [ 1, 0, 0, 0 ], [ 0, 1, 0, 0 ], [ 0, 0, 1, 0 ], [ 0, 0, 0, 1 ] ] ]),TheRotSubgroup:=Group([ [ [ -1, 0, 0, 0 ], [ 0, -1, 0, 0 ], [ 0, 0, -1, 0 ], [ 0, 0, 0, -1 ] ], 
  [ [ 1, 0, 0, 0 ], [ 0, 1, 0, 0 ], [ 0, 0, 1, 0 ], [ 0, 0, 0, 1 ] ] ]),BoundaryImage:=rec(ListIFace:=[ 1, 5, 2, 4 ],ListSign:=[ 1, -1, 1, -1 ],ListElt:=[ [ [ 1, 0, 0, 0 ], [ 0, 1, 0, 0 ], [ 0, 0, 1, 0 ], [ 0, 0, 0, 1 ] ], 
  [ [ -1, 0, -1, -1 ], [ 0, -1, 6, -2 ], [ 0, 0, -1, 0 ], [ 0, 0, 0, -1 ] ], 
  [ [ -1, 0, -1, -1 ], [ 0, -1, 6, -2 ], [ 0, 0, -1, 0 ], [ 0, 0, 0, -1 ] ], 
  [ [ -1, 0, 0, 0 ], [ 0, -1, 0, 0 ], [ 0, 0, -1, 0 ], [ 0, 0, 0, -1 ] ] ])),rec(TheMatrixStab:=Group([ [ [ -1, 0, 0, 0 ], [ 0, -1, 0, 0 ], [ 0, 0, -1, 0 ], [ 0, 0, 0, -1 ] ], 
  [ [ 1, 0, 0, 0 ], [ 0, 1, 0, 0 ], [ 0, 0, 1, 0 ], [ 0, 0, 0, 1 ] ] ]),TheRotSubgroup:=Group([ [ [ -1, 0, 0, 0 ], [ 0, -1, 0, 0 ], [ 0, 0, -1, 0 ], [ 0, 0, 0, -1 ] ], 
  [ [ 1, 0, 0, 0 ], [ 0, 1, 0, 0 ], [ 0, 0, 1, 0 ], [ 0, 0, 0, 1 ] ] ]),BoundaryImage:=rec(ListIFace:=[ 1, 4, 2, 5 ],ListSign:=[ 1, -1, 1, -1 ],ListElt:=[ [ [ -1, 0, 0, 0 ], [ 0, -1, 0, 0 ], [ 0, 0, -1, 0 ], [ 0, 0, 0, -1 ] ], 
  [ [ 0, 0, -1, 0 ], [ 0, 0, 0, -1 ], [ 1, 0, -1, 0 ], [ 0, 1, 0, -1 ] ], 
  [ [ -1, 0, 0, -1 ], [ 0, -1, 6, -1 ], [ 0, 0, -1, 0 ], [ 0, 0, 0, -1 ] ], 
  [ [ 0, -1, 1, -1 ], [ 6, -1, 6, 0 ], [ -1, 0, -1, 0 ], [ 0, -1, 0, -1 ] ] ])),rec(TheMatrixStab:=Group([ [ [ -1, 0, 0, 0 ], [ 0, -1, 0, 0 ], [ 0, 0, -1, 0 ], [ 0, 0, 0, -1 ] ], 
  [ [ -1, 0, 2, 0 ], [ 0, -1, 0, 2 ], [ -1, 0, 1, 0 ], [ 0, -1, 0, 1 ] ], 
  [ [ 1, 0, -2, 0 ], [ 0, 1, 0, -2 ], [ 1, 0, -1, 0 ], [ 0, 1, 0, -1 ] ], 
  [ [ 1, 0, 0, 0 ], [ 0, 1, 0, 0 ], [ 0, 0, 1, 0 ], [ 0, 0, 0, 1 ] ] ]),TheRotSubgroup:=Group([ [ [ -1, 0, 0, 0 ], [ 0, -1, 0, 0 ], [ 0, 0, -1, 0 ], [ 0, 0, 0, -1 ] ], 
  [ [ 1, 0, 0, 0 ], [ 0, 1, 0, 0 ], [ 0, 0, 1, 0 ], [ 0, 0, 0, 1 ] ] ]),BoundaryImage:=rec(ListIFace:=[ 4, 4, 6, 6, 5, 5 ],ListSign:=[ 1, -1, -1, 1, -1, 1 ],ListElt:=[ [ [ -1, 0, 0, 0 ], [ 0, -1, 0, 0 ], [ 0, 0, -1, 0 ], [ 0, 0, 0, -1 ] ], 
  [ [ 1, 0, -2, 0 ], [ 0, 1, 0, -2 ], [ 1, 0, -1, 0 ], [ 0, 1, 0, -1 ] ], 
  [ [ 0, 0, -1, 0 ], [ 0, 0, 0, -1 ], [ 1, 0, -1, 0 ], [ 0, 1, 0, -1 ] ], 
  [ [ -1, 0, -1, 0 ], [ 0, -1, 0, -1 ], [ 0, 0, -1, 0 ], [ 0, 0, 0, -1 ] ], 
  [ [ 1, 0, 0, 0 ], [ 0, 1, 0, 0 ], [ 1, 0, 1, 0 ], [ 0, 1, 0, 1 ] ], 
  [ [ -1, 0, -2, 0 ], [ 0, -1, 0, -2 ], [ 0, 0, -1, 0 ], [ 0, 0, 0, -1 ] ] ]))]];