HAP_GCOMPLEX_SETUP:=[false]; 
HAP_GCOMPLEX_LIST:=[[rec(TheMatrixStab:=Group([ [ [ -2, 0, 1, 0 ], [ 0, -2, 2, 5 ], [ -5, 0, 2, 0 ], [ 2, -1, 0, 2 ] ], 
  [ [ -1, 0, 0, 0 ], [ 0, -1, 0, 0 ], [ 0, 0, -1, 0 ], [ 0, 0, 0, -1 ] ], 
  [ [ 1, 0, 0, 0 ], [ 0, 1, 0, 0 ], [ 0, 0, 1, 0 ], [ 0, 0, 0, 1 ] ], 
  [ [ 2, 0, -1, 0 ], [ 0, 2, -2, -5 ], [ 5, 0, -2, 0 ], [ -2, 1, 0, -2 ] ] ]),TheRotSubgroup:=Group([ [ [ -2, 0, 1, 0 ], [ 0, -2, 2, 5 ], [ -5, 0, 2, 0 ], [ 2, -1, 0, 2 ] ], 
  [ [ -1, 0, 0, 0 ], [ 0, -1, 0, 0 ], [ 0, 0, -1, 0 ], [ 0, 0, 0, -1 ] ], 
  [ [ 1, 0, 0, 0 ], [ 0, 1, 0, 0 ], [ 0, 0, 1, 0 ], [ 0, 0, 0, 1 ] ], 
  [ [ 2, 0, -1, 0 ], [ 0, 2, -2, -5 ], [ 5, 0, -2, 0 ], [ -2, 1, 0, -2 ] ] ]),BoundaryImage:=rec(ListIFace:=[  ],ListSign:=[  ],ListElt:=[  ])),rec(TheMatrixStab:=Group([ [ [ -2, 0, -1, 0 ], [ 0, -2, -2, -5 ], [ 5, 0, 2, 0 ], [ -2, 1, 0, 2 ] ], 
  [ [ -1, 0, 0, 0 ], [ 0, -1, 0, 0 ], [ 0, 0, -1, 0 ], [ 0, 0, 0, -1 ] ], 
  [ [ 1, 0, 0, 0 ], [ 0, 1, 0, 0 ], [ 0, 0, 1, 0 ], [ 0, 0, 0, 1 ] ], 
  [ [ 2, 0, 1, 0 ], [ 0, 2, 2, 5 ], [ -5, 0, -2, 0 ], [ 2, -1, 0, -2 ] ] ]),TheRotSubgroup:=Group([ [ [ -2, 0, -1, 0 ], [ 0, -2, -2, -5 ], [ 5, 0, 2, 0 ], [ -2, 1, 0, 2 ] ], 
  [ [ -1, 0, 0, 0 ], [ 0, -1, 0, 0 ], [ 0, 0, -1, 0 ], [ 0, 0, 0, -1 ] ], 
  [ [ 1, 0, 0, 0 ], [ 0, 1, 0, 0 ], [ 0, 0, 1, 0 ], [ 0, 0, 0, 1 ] ], 
  [ [ 2, 0, 1, 0 ], [ 0, 2, 2, 5 ], [ -5, 0, -2, 0 ], [ 2, -1, 0, -2 ] ] ]),BoundaryImage:=rec(ListIFace:=[  ],ListSign:=[  ],ListElt:=[  ])),rec(TheMatrixStab:=Group([ [ [ -3, 0, 2, 0 ], [ 0, -3, 4, 10 ], [ -5, 0, 3, 0 ], [ 2, -1, 0, 3 ] ], 
  [ [ -1, 0, 0, 0 ], [ 0, -1, 0, 0 ], [ 0, 0, -1, 0 ], [ 0, 0, 0, -1 ] ], 
  [ [ 1, 0, 0, 0 ], [ 0, 1, 0, 0 ], [ 0, 0, 1, 0 ], [ 0, 0, 0, 1 ] ], 
  [ [ 3, 0, -2, 0 ], [ 0, 3, -4, -10 ], [ 5, 0, -3, 0 ], [ -2, 1, 0, -3 ] ] ]),TheRotSubgroup:=Group([ [ [ -3, 0, 2, 0 ], [ 0, -3, 4, 10 ], [ -5, 0, 3, 0 ], [ 2, -1, 0, 3 ] ], 
  [ [ -1, 0, 0, 0 ], [ 0, -1, 0, 0 ], [ 0, 0, -1, 0 ], [ 0, 0, 0, -1 ] ], 
  [ [ 1, 0, 0, 0 ], [ 0, 1, 0, 0 ], [ 0, 0, 1, 0 ], [ 0, 0, 0, 1 ] ], 
  [ [ 3, 0, -2, 0 ], [ 0, 3, -4, -10 ], [ 5, 0, -3, 0 ], [ -2, 1, 0, -3 ] ] ]),BoundaryImage:=rec(ListIFace:=[  ],ListSign:=[  ],ListElt:=[  ])),rec(TheMatrixStab:=Group([ [ [ -3, 0, -2, 0 ], [ 0, -3, -4, -10 ], [ 5, 0, 3, 0 ], [ -2, 1, 0, 3 ] ], 
  [ [ -1, 0, 0, 0 ], [ 0, -1, 0, 0 ], [ 0, 0, -1, 0 ], [ 0, 0, 0, -1 ] ], 
  [ [ 1, 0, 0, 0 ], [ 0, 1, 0, 0 ], [ 0, 0, 1, 0 ], [ 0, 0, 0, 1 ] ], 
  [ [ 3, 0, 2, 0 ], [ 0, 3, 4, 10 ], [ -5, 0, -3, 0 ], [ 2, -1, 0, -3 ] ] ]),TheRotSubgroup:=Group([ [ [ -3, 0, -2, 0 ], [ 0, -3, -4, -10 ], [ 5, 0, 3, 0 ], [ -2, 1, 0, 3 ] ], 
  [ [ -1, 0, 0, 0 ], [ 0, -1, 0, 0 ], [ 0, 0, -1, 0 ], [ 0, 0, 0, -1 ] ], 
  [ [ 1, 0, 0, 0 ], [ 0, 1, 0, 0 ], [ 0, 0, 1, 0 ], [ 0, 0, 0, 1 ] ], 
  [ [ 3, 0, 2, 0 ], [ 0, 3, 4, 10 ], [ -5, 0, -3, 0 ], [ 2, -1, 0, -3 ] ] ]),BoundaryImage:=rec(ListIFace:=[  ],ListSign:=[  ],ListElt:=[  ])),rec(TheMatrixStab:=Group([ [ [ -3, 2, 2, -4 ], [ -52, -3, 28, 18 ], [ 3, 4, -1, -10 ], 
      [ -22, -1, 12, 7 ] ], 
  [ [ -1, 0, 0, 0 ], [ 0, -1, 0, 0 ], [ 0, 0, -1, 0 ], [ 0, 0, 0, -1 ] ], 
  [ [ 1, 0, 0, 0 ], [ 0, 1, 0, 0 ], [ 0, 0, 1, 0 ], [ 0, 0, 0, 1 ] ], 
  [ [ 3, -2, -2, 4 ], [ 52, 3, -28, -18 ], [ -3, -4, 1, 10 ], 
      [ 22, 1, -12, -7 ] ] ]),TheRotSubgroup:=Group([ [ [ -3, 2, 2, -4 ], [ -52, -3, 28, 18 ], [ 3, 4, -1, -10 ], 
      [ -22, -1, 12, 7 ] ], 
  [ [ -1, 0, 0, 0 ], [ 0, -1, 0, 0 ], [ 0, 0, -1, 0 ], [ 0, 0, 0, -1 ] ], 
  [ [ 1, 0, 0, 0 ], [ 0, 1, 0, 0 ], [ 0, 0, 1, 0 ], [ 0, 0, 0, 1 ] ], 
  [ [ 3, -2, -2, 4 ], [ 52, 3, -28, -18 ], [ -3, -4, 1, 10 ], 
      [ 22, 1, -12, -7 ] ] ]),BoundaryImage:=rec(ListIFace:=[  ],ListSign:=[  ],ListElt:=[  ])),rec(TheMatrixStab:=Group([ [ [ -3, 2, -2, 4 ], [ -52, -3, -28, -18 ], [ -3, -4, -1, -10 ], 
      [ 22, 1, 12, 7 ] ], 
  [ [ -1, 0, 0, 0 ], [ 0, -1, 0, 0 ], [ 0, 0, -1, 0 ], [ 0, 0, 0, -1 ] ], 
  [ [ 1, 0, 0, 0 ], [ 0, 1, 0, 0 ], [ 0, 0, 1, 0 ], [ 0, 0, 0, 1 ] ], 
  [ [ 3, -2, 2, -4 ], [ 52, 3, 28, 18 ], [ 3, 4, 1, 10 ], 
      [ -22, -1, -12, -7 ] ] ]),TheRotSubgroup:=Group([ [ [ -3, 2, -2, 4 ], [ -52, -3, -28, -18 ], [ -3, -4, -1, -10 ], 
      [ 22, 1, 12, 7 ] ], 
  [ [ -1, 0, 0, 0 ], [ 0, -1, 0, 0 ], [ 0, 0, -1, 0 ], [ 0, 0, 0, -1 ] ], 
  [ [ 1, 0, 0, 0 ], [ 0, 1, 0, 0 ], [ 0, 0, 1, 0 ], [ 0, 0, 0, 1 ] ], 
  [ [ 3, -2, 2, -4 ], [ 52, 3, 28, 18 ], [ 3, 4, 1, 10 ], 
      [ -22, -1, -12, -7 ] ] ]),BoundaryImage:=rec(ListIFace:=[  ],ListSign:=[  ],ListElt:=[  ])),rec(TheMatrixStab:=Group([ [ [ -11, 0, 5, 1 ], [ 0, -11, 4, 23 ], [ -23, 1, 10, 0 ], [ 4, -5, 0, 10 ] ]
    , 
  [ [ -10, 0, 5, 1 ], [ 0, -10, 4, 23 ], [ -23, 1, 11, 0 ], [ 4, -5, 0, 11 ] ]
    , [ [ -1, 0, 0, 0 ], [ 0, -1, 0, 0 ], [ 0, 0, -1, 0 ], [ 0, 0, 0, -1 ] ], 
  [ [ 1, 0, 0, 0 ], [ 0, 1, 0, 0 ], [ 0, 0, 1, 0 ], [ 0, 0, 0, 1 ] ], 
  [ [ 10, 0, -5, -1 ], [ 0, 10, -4, -23 ], [ 23, -1, -11, 0 ], 
      [ -4, 5, 0, -11 ] ], 
  [ [ 11, 0, -5, -1 ], [ 0, 11, -4, -23 ], [ 23, -1, -10, 0 ], 
      [ -4, 5, 0, -10 ] ] ]),TheRotSubgroup:=Group([ [ [ -11, 0, 5, 1 ], [ 0, -11, 4, 23 ], [ -23, 1, 10, 0 ], [ 4, -5, 0, 10 ] ]
    , 
  [ [ -10, 0, 5, 1 ], [ 0, -10, 4, 23 ], [ -23, 1, 11, 0 ], [ 4, -5, 0, 11 ] ]
    , [ [ -1, 0, 0, 0 ], [ 0, -1, 0, 0 ], [ 0, 0, -1, 0 ], [ 0, 0, 0, -1 ] ], 
  [ [ 1, 0, 0, 0 ], [ 0, 1, 0, 0 ], [ 0, 0, 1, 0 ], [ 0, 0, 0, 1 ] ], 
  [ [ 10, 0, -5, -1 ], [ 0, 10, -4, -23 ], [ 23, -1, -11, 0 ], 
      [ -4, 5, 0, -11 ] ], 
  [ [ 11, 0, -5, -1 ], [ 0, 11, -4, -23 ], [ 23, -1, -10, 0 ], 
      [ -4, 5, 0, -10 ] ] ]),BoundaryImage:=rec(ListIFace:=[  ],ListSign:=[  ],ListElt:=[  ])),rec(TheMatrixStab:=Group([ [ [ -11, 0, -5, -1 ], [ 0, -11, -4, -23 ], [ 23, -1, 10, 0 ], 
      [ -4, 5, 0, 10 ] ], 
  [ [ -10, 0, -5, -1 ], [ 0, -10, -4, -23 ], [ 23, -1, 11, 0 ], 
      [ -4, 5, 0, 11 ] ], 
  [ [ -1, 0, 0, 0 ], [ 0, -1, 0, 0 ], [ 0, 0, -1, 0 ], [ 0, 0, 0, -1 ] ], 
  [ [ 1, 0, 0, 0 ], [ 0, 1, 0, 0 ], [ 0, 0, 1, 0 ], [ 0, 0, 0, 1 ] ], 
  [ [ 10, 0, 5, 1 ], [ 0, 10, 4, 23 ], [ -23, 1, -11, 0 ], [ 4, -5, 0, -11 ] ]
    , 
  [ [ 11, 0, 5, 1 ], [ 0, 11, 4, 23 ], [ -23, 1, -10, 0 ], [ 4, -5, 0, -10 ] 
     ] ]),TheRotSubgroup:=Group([ [ [ -11, 0, -5, -1 ], [ 0, -11, -4, -23 ], [ 23, -1, 10, 0 ], 
      [ -4, 5, 0, 10 ] ], 
  [ [ -10, 0, -5, -1 ], [ 0, -10, -4, -23 ], [ 23, -1, 11, 0 ], 
      [ -4, 5, 0, 11 ] ], 
  [ [ -1, 0, 0, 0 ], [ 0, -1, 0, 0 ], [ 0, 0, -1, 0 ], [ 0, 0, 0, -1 ] ], 
  [ [ 1, 0, 0, 0 ], [ 0, 1, 0, 0 ], [ 0, 0, 1, 0 ], [ 0, 0, 0, 1 ] ], 
  [ [ 10, 0, 5, 1 ], [ 0, 10, 4, 23 ], [ -23, 1, -11, 0 ], [ 4, -5, 0, -11 ] ]
    , 
  [ [ 11, 0, 5, 1 ], [ 0, 11, 4, 23 ], [ -23, 1, -10, 0 ], [ 4, -5, 0, -10 ] 
     ] ]),BoundaryImage:=rec(ListIFace:=[  ],ListSign:=[  ],ListElt:=[  ])),rec(TheMatrixStab:=Group([ [ [ -1, 0, 0, 0 ], [ 0, -1, 0, 0 ], [ 0, 0, -1, 0 ], [ 0, 0, 0, -1 ] ], 
  [ [ 1, 0, 0, 0 ], [ 0, 1, 0, 0 ], [ 0, 0, 1, 0 ], [ 0, 0, 0, 1 ] ] ]),TheRotSubgroup:=Group([ [ [ -1, 0, 0, 0 ], [ 0, -1, 0, 0 ], [ 0, 0, -1, 0 ], [ 0, 0, 0, -1 ] ], 
  [ [ 1, 0, 0, 0 ], [ 0, 1, 0, 0 ], [ 0, 0, 1, 0 ], [ 0, 0, 0, 1 ] ] ]),BoundaryImage:=rec(ListIFace:=[  ],ListSign:=[  ],ListElt:=[  ])),rec(TheMatrixStab:=Group([ [ [ -1, 0, 0, 0 ], [ 0, -1, 0, 0 ], [ 0, 0, -1, 0 ], [ 0, 0, 0, -1 ] ], 
  [ [ 1, 0, 0, 0 ], [ 0, 1, 0, 0 ], [ 0, 0, 1, 0 ], [ 0, 0, 0, 1 ] ] ]),TheRotSubgroup:=Group([ [ [ -1, 0, 0, 0 ], [ 0, -1, 0, 0 ], [ 0, 0, -1, 0 ], [ 0, 0, 0, -1 ] ], 
  [ [ 1, 0, 0, 0 ], [ 0, 1, 0, 0 ], [ 0, 0, 1, 0 ], [ 0, 0, 0, 1 ] ] ]),BoundaryImage:=rec(ListIFace:=[  ],ListSign:=[  ],ListElt:=[  ])),rec(TheMatrixStab:=Group([ [ [ -180, 0, 85, 16 ], [ 0, -180, 74, 393 ], [ -393, 16, 179, 0 ], 
      [ 74, -85, 0, 179 ] ], 
  [ [ -179, 0, 85, 16 ], [ 0, -179, 74, 393 ], [ -393, 16, 180, 0 ], 
      [ 74, -85, 0, 180 ] ], 
  [ [ -131, -29, 74, 75 ], [ 754, -131, -302, 220 ], [ -354, -52, 189, 145 ], 
      [ 412, -50, -174, 73 ] ], 
  [ [ -131, 29, 50, -52 ], [ -754, -131, 412, 354 ], [ -220, 75, 73, -145 ], 
      [ -302, -74, 174, 189 ] ], 
  [ [ -97, 0, 46, 9 ], [ 0, -97, 38, 212 ], [ -212, 9, 97, 0 ], 
      [ 38, -46, 0, 97 ] ], 
  [ [ -83, 0, 39, 7 ], [ 0, -83, 36, 181 ], [ -181, 7, 82, 0 ], 
      [ 36, -39, 0, 82 ] ], 
  [ [ -82, 0, 39, 7 ], [ 0, -82, 36, 181 ], [ -181, 7, 83, 0 ], 
      [ 36, -39, 0, 83 ] ], 
  [ [ -49, -29, 35, 68 ], [ 754, -49, -338, 39 ], [ -173, -59, 106, 145 ], 
      [ 376, -11, -174, -10 ] ], 
  [ [ -49, 29, 11, -59 ], [ -754, -49, 376, 173 ], [ -39, 68, -10, -145 ], 
      [ -338, -35, 174, 106 ] ], 
  [ [ -48, -29, 35, 68 ], [ 754, -48, -338, 39 ], [ -173, -59, 107, 145 ], 
      [ 376, -11, -174, -9 ] ], 
  [ [ -48, 29, 11, -59 ], [ -754, -48, 376, 173 ], [ -39, 68, -9, -145 ], 
      [ -338, -35, 174, 107 ] ], 
  [ [ -1, 0, 0, 0 ], [ 0, -1, 0, 0 ], [ 0, 0, -1, 0 ], [ 0, 0, 0, -1 ] ], 
  [ [ 1, 0, 0, 0 ], [ 0, 1, 0, 0 ], [ 0, 0, 1, 0 ], [ 0, 0, 0, 1 ] ], 
  [ [ 48, -29, -11, 59 ], [ 754, 48, -376, -173 ], [ 39, -68, 9, 145 ], 
      [ 338, 35, -174, -107 ] ], 
  [ [ 48, 29, -35, -68 ], [ -754, 48, 338, -39 ], [ 173, 59, -107, -145 ], 
      [ -376, 11, 174, 9 ] ], 
  [ [ 49, -29, -11, 59 ], [ 754, 49, -376, -173 ], [ 39, -68, 10, 145 ], 
      [ 338, 35, -174, -106 ] ], 
  [ [ 49, 29, -35, -68 ], [ -754, 49, 338, -39 ], [ 173, 59, -106, -145 ], 
      [ -376, 11, 174, 10 ] ], 
  [ [ 82, 0, -39, -7 ], [ 0, 82, -36, -181 ], [ 181, -7, -83, 0 ], 
      [ -36, 39, 0, -83 ] ], 
  [ [ 83, 0, -39, -7 ], [ 0, 83, -36, -181 ], [ 181, -7, -82, 0 ], 
      [ -36, 39, 0, -82 ] ], 
  [ [ 97, 0, -46, -9 ], [ 0, 97, -38, -212 ], [ 212, -9, -97, 0 ], 
      [ -38, 46, 0, -97 ] ], 
  [ [ 131, -29, -50, 52 ], [ 754, 131, -412, -354 ], [ 220, -75, -73, 145 ], 
      [ 302, 74, -174, -189 ] ], 
  [ [ 131, 29, -74, -75 ], [ -754, 131, 302, -220 ], [ 354, 52, -189, -145 ], 
      [ -412, 50, 174, -73 ] ], 
  [ [ 179, 0, -85, -16 ], [ 0, 179, -74, -393 ], [ 393, -16, -180, 0 ], 
      [ -74, 85, 0, -180 ] ], 
  [ [ 180, 0, -85, -16 ], [ 0, 180, -74, -393 ], [ 393, -16, -179, 0 ], 
      [ -74, 85, 0, -179 ] ] ]),TheRotSubgroup:=Group([ [ [ -180, 0, 85, 16 ], [ 0, -180, 74, 393 ], [ -393, 16, 179, 0 ], 
      [ 74, -85, 0, 179 ] ], 
  [ [ -179, 0, 85, 16 ], [ 0, -179, 74, 393 ], [ -393, 16, 180, 0 ], 
      [ 74, -85, 0, 180 ] ], 
  [ [ -131, -29, 74, 75 ], [ 754, -131, -302, 220 ], [ -354, -52, 189, 145 ], 
      [ 412, -50, -174, 73 ] ], 
  [ [ -131, 29, 50, -52 ], [ -754, -131, 412, 354 ], [ -220, 75, 73, -145 ], 
      [ -302, -74, 174, 189 ] ], 
  [ [ -97, 0, 46, 9 ], [ 0, -97, 38, 212 ], [ -212, 9, 97, 0 ], 
      [ 38, -46, 0, 97 ] ], 
  [ [ -83, 0, 39, 7 ], [ 0, -83, 36, 181 ], [ -181, 7, 82, 0 ], 
      [ 36, -39, 0, 82 ] ], 
  [ [ -82, 0, 39, 7 ], [ 0, -82, 36, 181 ], [ -181, 7, 83, 0 ], 
      [ 36, -39, 0, 83 ] ], 
  [ [ -49, -29, 35, 68 ], [ 754, -49, -338, 39 ], [ -173, -59, 106, 145 ], 
      [ 376, -11, -174, -10 ] ], 
  [ [ -49, 29, 11, -59 ], [ -754, -49, 376, 173 ], [ -39, 68, -10, -145 ], 
      [ -338, -35, 174, 106 ] ], 
  [ [ -48, -29, 35, 68 ], [ 754, -48, -338, 39 ], [ -173, -59, 107, 145 ], 
      [ 376, -11, -174, -9 ] ], 
  [ [ -48, 29, 11, -59 ], [ -754, -48, 376, 173 ], [ -39, 68, -9, -145 ], 
      [ -338, -35, 174, 107 ] ], 
  [ [ -1, 0, 0, 0 ], [ 0, -1, 0, 0 ], [ 0, 0, -1, 0 ], [ 0, 0, 0, -1 ] ], 
  [ [ 1, 0, 0, 0 ], [ 0, 1, 0, 0 ], [ 0, 0, 1, 0 ], [ 0, 0, 0, 1 ] ], 
  [ [ 48, -29, -11, 59 ], [ 754, 48, -376, -173 ], [ 39, -68, 9, 145 ], 
      [ 338, 35, -174, -107 ] ], 
  [ [ 48, 29, -35, -68 ], [ -754, 48, 338, -39 ], [ 173, 59, -107, -145 ], 
      [ -376, 11, 174, 9 ] ], 
  [ [ 49, -29, -11, 59 ], [ 754, 49, -376, -173 ], [ 39, -68, 10, 145 ], 
      [ 338, 35, -174, -106 ] ], 
  [ [ 49, 29, -35, -68 ], [ -754, 49, 338, -39 ], [ 173, 59, -106, -145 ], 
      [ -376, 11, 174, 10 ] ], 
  [ [ 82, 0, -39, -7 ], [ 0, 82, -36, -181 ], [ 181, -7, -83, 0 ], 
      [ -36, 39, 0, -83 ] ], 
  [ [ 83, 0, -39, -7 ], [ 0, 83, -36, -181 ], [ 181, -7, -82, 0 ], 
      [ -36, 39, 0, -82 ] ], 
  [ [ 97, 0, -46, -9 ], [ 0, 97, -38, -212 ], [ 212, -9, -97, 0 ], 
      [ -38, 46, 0, -97 ] ], 
  [ [ 131, -29, -50, 52 ], [ 754, 131, -412, -354 ], [ 220, -75, -73, 145 ], 
      [ 302, 74, -174, -189 ] ], 
  [ [ 131, 29, -74, -75 ], [ -754, 131, 302, -220 ], [ 354, 52, -189, -145 ], 
      [ -412, 50, 174, -73 ] ], 
  [ [ 179, 0, -85, -16 ], [ 0, 179, -74, -393 ], [ 393, -16, -180, 0 ], 
      [ -74, 85, 0, -180 ] ], 
  [ [ 180, 0, -85, -16 ], [ 0, 180, -74, -393 ], [ 393, -16, -179, 0 ], 
      [ -74, 85, 0, -179 ] ] ]),BoundaryImage:=rec(ListIFace:=[  ],ListSign:=[  ],ListElt:=[  ])),rec(TheMatrixStab:=Group([ [ [ -180, 0, -85, -16 ], [ 0, -180, -74, -393 ], [ 393, -16, 179, 0 ], 
      [ -74, 85, 0, 179 ] ], 
  [ [ -179, 0, -85, -16 ], [ 0, -179, -74, -393 ], [ 393, -16, 180, 0 ], 
      [ -74, 85, 0, 180 ] ], 
  [ [ -131, -29, -74, -75 ], [ 754, -131, 302, -220 ], [ 354, 52, 189, 145 ], 
      [ -412, 50, -174, 73 ] ], 
  [ [ -131, 29, -50, 52 ], [ -754, -131, -412, -354 ], [ 220, -75, 73, -145 ],
      [ 302, 74, 174, 189 ] ], 
  [ [ -97, 0, -46, -9 ], [ 0, -97, -38, -212 ], [ 212, -9, 97, 0 ], 
      [ -38, 46, 0, 97 ] ], 
  [ [ -83, 0, -39, -7 ], [ 0, -83, -36, -181 ], [ 181, -7, 82, 0 ], 
      [ -36, 39, 0, 82 ] ], 
  [ [ -82, 0, -39, -7 ], [ 0, -82, -36, -181 ], [ 181, -7, 83, 0 ], 
      [ -36, 39, 0, 83 ] ], 
  [ [ -49, -29, -35, -68 ], [ 754, -49, 338, -39 ], [ 173, 59, 106, 145 ], 
      [ -376, 11, -174, -10 ] ], 
  [ [ -49, 29, -11, 59 ], [ -754, -49, -376, -173 ], [ 39, -68, -10, -145 ], 
      [ 338, 35, 174, 106 ] ], 
  [ [ -48, -29, -35, -68 ], [ 754, -48, 338, -39 ], [ 173, 59, 107, 145 ], 
      [ -376, 11, -174, -9 ] ], 
  [ [ -48, 29, -11, 59 ], [ -754, -48, -376, -173 ], [ 39, -68, -9, -145 ], 
      [ 338, 35, 174, 107 ] ], 
  [ [ -1, 0, 0, 0 ], [ 0, -1, 0, 0 ], [ 0, 0, -1, 0 ], [ 0, 0, 0, -1 ] ], 
  [ [ 1, 0, 0, 0 ], [ 0, 1, 0, 0 ], [ 0, 0, 1, 0 ], [ 0, 0, 0, 1 ] ], 
  [ [ 48, -29, 11, -59 ], [ 754, 48, 376, 173 ], [ -39, 68, 9, 145 ], 
      [ -338, -35, -174, -107 ] ], 
  [ [ 48, 29, 35, 68 ], [ -754, 48, -338, 39 ], [ -173, -59, -107, -145 ], 
      [ 376, -11, 174, 9 ] ], 
  [ [ 49, -29, 11, -59 ], [ 754, 49, 376, 173 ], [ -39, 68, 10, 145 ], 
      [ -338, -35, -174, -106 ] ], 
  [ [ 49, 29, 35, 68 ], [ -754, 49, -338, 39 ], [ -173, -59, -106, -145 ], 
      [ 376, -11, 174, 10 ] ], 
  [ [ 82, 0, 39, 7 ], [ 0, 82, 36, 181 ], [ -181, 7, -83, 0 ], 
      [ 36, -39, 0, -83 ] ], 
  [ [ 83, 0, 39, 7 ], [ 0, 83, 36, 181 ], [ -181, 7, -82, 0 ], 
      [ 36, -39, 0, -82 ] ], 
  [ [ 97, 0, 46, 9 ], [ 0, 97, 38, 212 ], [ -212, 9, -97, 0 ], 
      [ 38, -46, 0, -97 ] ], 
  [ [ 131, -29, 50, -52 ], [ 754, 131, 412, 354 ], [ -220, 75, -73, 145 ], 
      [ -302, -74, -174, -189 ] ], 
  [ [ 131, 29, 74, 75 ], [ -754, 131, -302, 220 ], [ -354, -52, -189, -145 ], 
      [ 412, -50, 174, -73 ] ], 
  [ [ 179, 0, 85, 16 ], [ 0, 179, 74, 393 ], [ -393, 16, -180, 0 ], 
      [ 74, -85, 0, -180 ] ], 
  [ [ 180, 0, 85, 16 ], [ 0, 180, 74, 393 ], [ -393, 16, -179, 0 ], 
      [ 74, -85, 0, -179 ] ] ]),TheRotSubgroup:=Group([ [ [ -180, 0, -85, -16 ], [ 0, -180, -74, -393 ], [ 393, -16, 179, 0 ], 
      [ -74, 85, 0, 179 ] ], 
  [ [ -179, 0, -85, -16 ], [ 0, -179, -74, -393 ], [ 393, -16, 180, 0 ], 
      [ -74, 85, 0, 180 ] ], 
  [ [ -131, -29, -74, -75 ], [ 754, -131, 302, -220 ], [ 354, 52, 189, 145 ], 
      [ -412, 50, -174, 73 ] ], 
  [ [ -131, 29, -50, 52 ], [ -754, -131, -412, -354 ], [ 220, -75, 73, -145 ],
      [ 302, 74, 174, 189 ] ], 
  [ [ -97, 0, -46, -9 ], [ 0, -97, -38, -212 ], [ 212, -9, 97, 0 ], 
      [ -38, 46, 0, 97 ] ], 
  [ [ -83, 0, -39, -7 ], [ 0, -83, -36, -181 ], [ 181, -7, 82, 0 ], 
      [ -36, 39, 0, 82 ] ], 
  [ [ -82, 0, -39, -7 ], [ 0, -82, -36, -181 ], [ 181, -7, 83, 0 ], 
      [ -36, 39, 0, 83 ] ], 
  [ [ -49, -29, -35, -68 ], [ 754, -49, 338, -39 ], [ 173, 59, 106, 145 ], 
      [ -376, 11, -174, -10 ] ], 
  [ [ -49, 29, -11, 59 ], [ -754, -49, -376, -173 ], [ 39, -68, -10, -145 ], 
      [ 338, 35, 174, 106 ] ], 
  [ [ -48, -29, -35, -68 ], [ 754, -48, 338, -39 ], [ 173, 59, 107, 145 ], 
      [ -376, 11, -174, -9 ] ], 
  [ [ -48, 29, -11, 59 ], [ -754, -48, -376, -173 ], [ 39, -68, -9, -145 ], 
      [ 338, 35, 174, 107 ] ], 
  [ [ -1, 0, 0, 0 ], [ 0, -1, 0, 0 ], [ 0, 0, -1, 0 ], [ 0, 0, 0, -1 ] ], 
  [ [ 1, 0, 0, 0 ], [ 0, 1, 0, 0 ], [ 0, 0, 1, 0 ], [ 0, 0, 0, 1 ] ], 
  [ [ 48, -29, 11, -59 ], [ 754, 48, 376, 173 ], [ -39, 68, 9, 145 ], 
      [ -338, -35, -174, -107 ] ], 
  [ [ 48, 29, 35, 68 ], [ -754, 48, -338, 39 ], [ -173, -59, -107, -145 ], 
      [ 376, -11, 174, 9 ] ], 
  [ [ 49, -29, 11, -59 ], [ 754, 49, 376, 173 ], [ -39, 68, 10, 145 ], 
      [ -338, -35, -174, -106 ] ], 
  [ [ 49, 29, 35, 68 ], [ -754, 49, -338, 39 ], [ -173, -59, -106, -145 ], 
      [ 376, -11, 174, 10 ] ], 
  [ [ 82, 0, 39, 7 ], [ 0, 82, 36, 181 ], [ -181, 7, -83, 0 ], 
      [ 36, -39, 0, -83 ] ], 
  [ [ 83, 0, 39, 7 ], [ 0, 83, 36, 181 ], [ -181, 7, -82, 0 ], 
      [ 36, -39, 0, -82 ] ], 
  [ [ 97, 0, 46, 9 ], [ 0, 97, 38, 212 ], [ -212, 9, -97, 0 ], 
      [ 38, -46, 0, -97 ] ], 
  [ [ 131, -29, 50, -52 ], [ 754, 131, 412, 354 ], [ -220, 75, -73, 145 ], 
      [ -302, -74, -174, -189 ] ], 
  [ [ 131, 29, 74, 75 ], [ -754, 131, -302, 220 ], [ -354, -52, -189, -145 ], 
      [ 412, -50, 174, -73 ] ], 
  [ [ 179, 0, 85, 16 ], [ 0, 179, 74, 393 ], [ -393, 16, -180, 0 ], 
      [ 74, -85, 0, -180 ] ], 
  [ [ 180, 0, 85, 16 ], [ 0, 180, 74, 393 ], [ -393, 16, -179, 0 ], 
      [ 74, -85, 0, -179 ] ] ]),BoundaryImage:=rec(ListIFace:=[  ],ListSign:=[  ],ListElt:=[  ]))],[rec(TheMatrixStab:=Group([ [ [ -1, 0, 0, 0 ], [ 0, -1, 0, 0 ], [ 0, 0, -1, 0 ], [ 0, 0, 0, -1 ] ], 
  [ [ 1, 0, 0, 0 ], [ 0, 1, 0, 0 ], [ 0, 0, 1, 0 ], [ 0, 0, 0, 1 ] ] ]),TheRotSubgroup:=Group([ [ [ -1, 0, 0, 0 ], [ 0, -1, 0, 0 ], [ 0, 0, -1, 0 ], [ 0, 0, 0, -1 ] ], 
  [ [ 1, 0, 0, 0 ], [ 0, 1, 0, 0 ], [ 0, 0, 1, 0 ], [ 0, 0, 0, 1 ] ] ]),BoundaryImage:=rec(ListIFace:=[ 1, 3 ],ListSign:=[ -1, 1 ],ListElt:=[ [ [ 2, 0, -1, 0 ], [ 0, 2, -2, -5 ], [ 5, 0, -2, 0 ], [ -2, 1, 0, -2 ] ], 
  [ [ -1, 0, 0, 0 ], [ 0, -1, 0, 0 ], [ 0, 0, -1, 0 ], [ 0, 0, 0, -1 ] ] ])),rec(TheMatrixStab:=Group([ [ [ -1, 0, 0, 0 ], [ 0, -1, 0, 0 ], [ 0, 0, -1, 0 ], [ 0, 0, 0, -1 ] ], 
  [ [ 1, 0, 0, 0 ], [ 0, 1, 0, 0 ], [ 0, 0, 1, 0 ], [ 0, 0, 0, 1 ] ] ]),TheRotSubgroup:=Group([ [ [ -1, 0, 0, 0 ], [ 0, -1, 0, 0 ], [ 0, 0, -1, 0 ], [ 0, 0, 0, -1 ] ], 
  [ [ 1, 0, 0, 0 ], [ 0, 1, 0, 0 ], [ 0, 0, 1, 0 ], [ 0, 0, 0, 1 ] ] ]),BoundaryImage:=rec(ListIFace:=[ 2, 4 ],ListSign:=[ -1, 1 ],ListElt:=[ [ [ -2, 0, -1, 0 ], [ 0, -2, -2, -5 ], [ 5, 0, 2, 0 ], [ -2, 1, 0, 2 ] ], 
  [ [ 1, 0, 0, 0 ], [ 0, 1, 0, 0 ], [ 0, 0, 1, 0 ], [ 0, 0, 0, 1 ] ] ])),rec(TheMatrixStab:=Group([ [ [ -1, 0, 0, 0 ], [ 0, -1, 0, 0 ], [ 0, 0, -1, 0 ], [ 0, 0, 0, -1 ] ], 
  [ [ 1, 0, 0, 0 ], [ 0, 1, 0, 0 ], [ 0, 0, 1, 0 ], [ 0, 0, 0, 1 ] ] ]),TheRotSubgroup:=Group([ [ [ -1, 0, 0, 0 ], [ 0, -1, 0, 0 ], [ 0, 0, -1, 0 ], [ 0, 0, 0, -1 ] ], 
  [ [ 1, 0, 0, 0 ], [ 0, 1, 0, 0 ], [ 0, 0, 1, 0 ], [ 0, 0, 0, 1 ] ] ]),BoundaryImage:=rec(ListIFace:=[ 1, 5 ],ListSign:=[ -1, 1 ],ListElt:=[ [ [ -1, 0, 0, 0 ], [ 0, -1, 0, 0 ], [ 0, 0, -1, 0 ], [ 0, 0, 0, -1 ] ], 
  [ [ -1, 0, 0, 0 ], [ 0, -1, 0, 0 ], [ 0, 0, -1, 0 ], [ 0, 0, 0, -1 ] ] ])),rec(TheMatrixStab:=Group([ [ [ -1, 0, 0, 0 ], [ 0, -1, 0, 0 ], [ 0, 0, -1, 0 ], [ 0, 0, 0, -1 ] ], 
  [ [ 1, 0, 0, 0 ], [ 0, 1, 0, 0 ], [ 0, 0, 1, 0 ], [ 0, 0, 0, 1 ] ] ]),TheRotSubgroup:=Group([ [ [ -1, 0, 0, 0 ], [ 0, -1, 0, 0 ], [ 0, 0, -1, 0 ], [ 0, 0, 0, -1 ] ], 
  [ [ 1, 0, 0, 0 ], [ 0, 1, 0, 0 ], [ 0, 0, 1, 0 ], [ 0, 0, 0, 1 ] ] ]),BoundaryImage:=rec(ListIFace:=[ 2, 6 ],ListSign:=[ -1, 1 ],ListElt:=[ [ [ 2, 0, 1, 0 ], [ 0, 2, 2, 5 ], [ -5, 0, -2, 0 ], [ 2, -1, 0, -2 ] ], 
  [ [ 3, -2, 2, -4 ], [ 52, 3, 28, 18 ], [ 3, 4, 1, 10 ], 
      [ -22, -1, -12, -7 ] ] ])),rec(TheMatrixStab:=Group([ [ [ -1, 0, 0, 0 ], [ 0, -1, 0, 0 ], [ 0, 0, -1, 0 ], [ 0, 0, 0, -1 ] ], 
  [ [ 1, 0, 0, 0 ], [ 0, 1, 0, 0 ], [ 0, 0, 1, 0 ], [ 0, 0, 0, 1 ] ] ]),TheRotSubgroup:=Group([ [ [ -1, 0, 0, 0 ], [ 0, -1, 0, 0 ], [ 0, 0, -1, 0 ], [ 0, 0, 0, -1 ] ], 
  [ [ 1, 0, 0, 0 ], [ 0, 1, 0, 0 ], [ 0, 0, 1, 0 ], [ 0, 0, 0, 1 ] ] ]),BoundaryImage:=rec(ListIFace:=[ 1, 7 ],ListSign:=[ -1, 1 ],ListElt:=[ [ [ 2, 0, -1, 0 ], [ 0, 2, -2, -5 ], [ 5, 0, -2, 0 ], [ -2, 1, 0, -2 ] ], 
  [ [ 11, 0, -5, -1 ], [ 0, 11, -4, -23 ], [ 23, -1, -10, 0 ], 
      [ -4, 5, 0, -10 ] ] ])),rec(TheMatrixStab:=Group([ [ [ -1, 0, 0, 0 ], [ 0, -1, 0, 0 ], [ 0, 0, -1, 0 ], [ 0, 0, 0, -1 ] ], 
  [ [ 1, 0, 0, 0 ], [ 0, 1, 0, 0 ], [ 0, 0, 1, 0 ], [ 0, 0, 0, 1 ] ] ]),TheRotSubgroup:=Group([ [ [ -1, 0, 0, 0 ], [ 0, -1, 0, 0 ], [ 0, 0, -1, 0 ], [ 0, 0, 0, -1 ] ], 
  [ [ 1, 0, 0, 0 ], [ 0, 1, 0, 0 ], [ 0, 0, 1, 0 ], [ 0, 0, 0, 1 ] ] ]),BoundaryImage:=rec(ListIFace:=[ 2, 8 ],ListSign:=[ -1, 1 ],ListElt:=[ [ [ 1, 0, 0, 0 ], [ 0, 1, 0, 0 ], [ 0, 0, 1, 0 ], [ 0, 0, 0, 1 ] ], 
  [ [ 11, 0, 5, 1 ], [ 0, 11, 4, 23 ], [ -23, 1, -10, 0 ], [ 4, -5, 0, -10 ] 
     ] ])),rec(TheMatrixStab:=Group([ [ [ -2, 0, 1, 0 ], [ 0, -2, 2, 5 ], [ -5, 0, 2, 0 ], [ 2, -1, 0, 2 ] ], 
  [ [ -1, 0, 0, 0 ], [ 0, -1, 0, 0 ], [ 0, 0, -1, 0 ], [ 0, 0, 0, -1 ] ], 
  [ [ 1, 0, 0, 0 ], [ 0, 1, 0, 0 ], [ 0, 0, 1, 0 ], [ 0, 0, 0, 1 ] ], 
  [ [ 2, 0, -1, 0 ], [ 0, 2, -2, -5 ], [ 5, 0, -2, 0 ], [ -2, 1, 0, -2 ] ] ]),TheRotSubgroup:=Group([ [ [ -2, 0, 1, 0 ], [ 0, -2, 2, 5 ], [ -5, 0, 2, 0 ], [ 2, -1, 0, 2 ] ], 
  [ [ -1, 0, 0, 0 ], [ 0, -1, 0, 0 ], [ 0, 0, -1, 0 ], [ 0, 0, 0, -1 ] ], 
  [ [ 1, 0, 0, 0 ], [ 0, 1, 0, 0 ], [ 0, 0, 1, 0 ], [ 0, 0, 0, 1 ] ], 
  [ [ 2, 0, -1, 0 ], [ 0, 2, -2, -5 ], [ 5, 0, -2, 0 ], [ -2, 1, 0, -2 ] ] ]),BoundaryImage:=rec(ListIFace:=[ 1, 6 ],ListSign:=[ -1, 1 ],ListElt:=[ [ [ -2, 0, 1, 0 ], [ 0, -2, 2, 5 ], [ -5, 0, 2, 0 ], [ 2, -1, 0, 2 ] ], 
  [ [ -1, 2, -1, 4 ], [ -52, -1, -26, -13 ], [ 8, 4, 3, 10 ], 
      [ -24, 0, -12, -5 ] ] ])),rec(TheMatrixStab:=Group([ [ [ -2, 0, -1, 0 ], [ 0, -2, -2, -5 ], [ 5, 0, 2, 0 ], [ -2, 1, 0, 2 ] ], 
  [ [ -1, 0, 0, 0 ], [ 0, -1, 0, 0 ], [ 0, 0, -1, 0 ], [ 0, 0, 0, -1 ] ], 
  [ [ 1, 0, 0, 0 ], [ 0, 1, 0, 0 ], [ 0, 0, 1, 0 ], [ 0, 0, 0, 1 ] ], 
  [ [ 2, 0, 1, 0 ], [ 0, 2, 2, 5 ], [ -5, 0, -2, 0 ], [ 2, -1, 0, -2 ] ] ]),TheRotSubgroup:=Group([ [ [ -2, 0, -1, 0 ], [ 0, -2, -2, -5 ], [ 5, 0, 2, 0 ], [ -2, 1, 0, 2 ] ], 
  [ [ -1, 0, 0, 0 ], [ 0, -1, 0, 0 ], [ 0, 0, -1, 0 ], [ 0, 0, 0, -1 ] ], 
  [ [ 1, 0, 0, 0 ], [ 0, 1, 0, 0 ], [ 0, 0, 1, 0 ], [ 0, 0, 0, 1 ] ], 
  [ [ 2, 0, 1, 0 ], [ 0, 2, 2, 5 ], [ -5, 0, -2, 0 ], [ 2, -1, 0, -2 ] ] ]),BoundaryImage:=rec(ListIFace:=[ 2, 5 ],ListSign:=[ -1, 1 ],ListElt:=[ [ [ -1, 0, 0, 0 ], [ 0, -1, 0, 0 ], [ 0, 0, -1, 0 ], [ 0, 0, 0, -1 ] ], 
  [ [ 10, 0, -5, -2 ], [ 0, 10, 2, -21 ], [ -21, 2, 11, 0 ], 
      [ -2, -5, 0, 11 ] ] ])),rec(TheMatrixStab:=Group([ [ [ -2, 0, 1, 0 ], [ 0, -2, 2, 5 ], [ -5, 0, 2, 0 ], [ 2, -1, 0, 2 ] ], 
  [ [ -1, 0, 0, 0 ], [ 0, -1, 0, 0 ], [ 0, 0, -1, 0 ], [ 0, 0, 0, -1 ] ], 
  [ [ 1, 0, 0, 0 ], [ 0, 1, 0, 0 ], [ 0, 0, 1, 0 ], [ 0, 0, 0, 1 ] ], 
  [ [ 2, 0, -1, 0 ], [ 0, 2, -2, -5 ], [ 5, 0, -2, 0 ], [ -2, 1, 0, -2 ] ] ]),TheRotSubgroup:=Group([ [ [ -2, 0, 1, 0 ], [ 0, -2, 2, 5 ], [ -5, 0, 2, 0 ], [ 2, -1, 0, 2 ] ], 
  [ [ -1, 0, 0, 0 ], [ 0, -1, 0, 0 ], [ 0, 0, -1, 0 ], [ 0, 0, 0, -1 ] ], 
  [ [ 1, 0, 0, 0 ], [ 0, 1, 0, 0 ], [ 0, 0, 1, 0 ], [ 0, 0, 0, 1 ] ], 
  [ [ 2, 0, -1, 0 ], [ 0, 2, -2, -5 ], [ 5, 0, -2, 0 ], [ -2, 1, 0, -2 ] ] ]),BoundaryImage:=rec(ListIFace:=[ 1, 4 ],ListSign:=[ -1, 1 ],ListElt:=[ [ [ -1, 0, 0, 0 ], [ 0, -1, 0, 0 ], [ 0, 0, -1, 0 ], [ 0, 0, 0, -1 ] ], 
  [ [ 2, 0, 1, 0 ], [ 0, 2, 2, 5 ], [ 5, 0, 3, 0 ], [ -2, 1, 0, 3 ] ] ])),rec(TheMatrixStab:=Group([ [ [ -2, 0, -1, 0 ], [ 0, -2, -2, -5 ], [ 5, 0, 2, 0 ], [ -2, 1, 0, 2 ] ], 
  [ [ -1, 0, 0, 0 ], [ 0, -1, 0, 0 ], [ 0, 0, -1, 0 ], [ 0, 0, 0, -1 ] ], 
  [ [ 1, 0, 0, 0 ], [ 0, 1, 0, 0 ], [ 0, 0, 1, 0 ], [ 0, 0, 0, 1 ] ], 
  [ [ 2, 0, 1, 0 ], [ 0, 2, 2, 5 ], [ -5, 0, -2, 0 ], [ 2, -1, 0, -2 ] ] ]),TheRotSubgroup:=Group([ [ [ -2, 0, -1, 0 ], [ 0, -2, -2, -5 ], [ 5, 0, 2, 0 ], [ -2, 1, 0, 2 ] ], 
  [ [ -1, 0, 0, 0 ], [ 0, -1, 0, 0 ], [ 0, 0, -1, 0 ], [ 0, 0, 0, -1 ] ], 
  [ [ 1, 0, 0, 0 ], [ 0, 1, 0, 0 ], [ 0, 0, 1, 0 ], [ 0, 0, 0, 1 ] ], 
  [ [ 2, 0, 1, 0 ], [ 0, 2, 2, 5 ], [ -5, 0, -2, 0 ], [ 2, -1, 0, -2 ] ] ]),BoundaryImage:=rec(ListIFace:=[ 2, 3 ],ListSign:=[ -1, 1 ],ListElt:=[ [ [ -1, 0, 0, 0 ], [ 0, -1, 0, 0 ], [ 0, 0, -1, 0 ], [ 0, 0, 0, -1 ] ], 
  [ [ 2, 0, -1, 0 ], [ 0, 2, -2, -5 ], [ -5, 0, 3, 0 ], [ 2, -1, 0, 3 ] ] ])),rec(TheMatrixStab:=Group([ [ [ -3, 0, 2, 0 ], [ 0, -3, 4, 10 ], [ -5, 0, 3, 0 ], [ 2, -1, 0, 3 ] ], 
  [ [ -1, 0, 0, 0 ], [ 0, -1, 0, 0 ], [ 0, 0, -1, 0 ], [ 0, 0, 0, -1 ] ], 
  [ [ 1, 0, 0, 0 ], [ 0, 1, 0, 0 ], [ 0, 0, 1, 0 ], [ 0, 0, 0, 1 ] ], 
  [ [ 3, 0, -2, 0 ], [ 0, 3, -4, -10 ], [ 5, 0, -3, 0 ], [ -2, 1, 0, -3 ] ] ]),TheRotSubgroup:=Group([ [ [ -3, 0, 2, 0 ], [ 0, -3, 4, 10 ], [ -5, 0, 3, 0 ], [ 2, -1, 0, 3 ] ], 
  [ [ -1, 0, 0, 0 ], [ 0, -1, 0, 0 ], [ 0, 0, -1, 0 ], [ 0, 0, 0, -1 ] ], 
  [ [ 1, 0, 0, 0 ], [ 0, 1, 0, 0 ], [ 0, 0, 1, 0 ], [ 0, 0, 0, 1 ] ], 
  [ [ 3, 0, -2, 0 ], [ 0, 3, -4, -10 ], [ 5, 0, -3, 0 ], [ -2, 1, 0, -3 ] ] ]),BoundaryImage:=rec(ListIFace:=[ 3, 6 ],ListSign:=[ -1, 1 ],ListElt:=[ [ [ -1, 0, 0, 0 ], [ 0, -1, 0, 0 ], [ 0, 0, -1, 0 ], [ 0, 0, 0, -1 ] ], 
  [ [ 7, 1, 4, 4 ], [ -26, 7, -16, 12 ], [ 12, 1, 7, 5 ], [ -10, 2, -6, 3 ] ] 
 ])),rec(TheMatrixStab:=Group([ [ [ -3, 0, -2, 0 ], [ 0, -3, -4, -10 ], [ 5, 0, 3, 0 ], [ -2, 1, 0, 3 ] ], 
  [ [ -1, 0, 0, 0 ], [ 0, -1, 0, 0 ], [ 0, 0, -1, 0 ], [ 0, 0, 0, -1 ] ], 
  [ [ 1, 0, 0, 0 ], [ 0, 1, 0, 0 ], [ 0, 0, 1, 0 ], [ 0, 0, 0, 1 ] ], 
  [ [ 3, 0, 2, 0 ], [ 0, 3, 4, 10 ], [ -5, 0, -3, 0 ], [ 2, -1, 0, -3 ] ] ]),TheRotSubgroup:=Group([ [ [ -3, 0, -2, 0 ], [ 0, -3, -4, -10 ], [ 5, 0, 3, 0 ], [ -2, 1, 0, 3 ] ], 
  [ [ -1, 0, 0, 0 ], [ 0, -1, 0, 0 ], [ 0, 0, -1, 0 ], [ 0, 0, 0, -1 ] ], 
  [ [ 1, 0, 0, 0 ], [ 0, 1, 0, 0 ], [ 0, 0, 1, 0 ], [ 0, 0, 0, 1 ] ], 
  [ [ 3, 0, 2, 0 ], [ 0, 3, 4, 10 ], [ -5, 0, -3, 0 ], [ 2, -1, 0, -3 ] ] ]),BoundaryImage:=rec(ListIFace:=[ 4, 5 ],ListSign:=[ -1, 1 ],ListElt:=[ [ [ -3, 0, -2, 0 ], [ 0, -3, -4, -10 ], [ 5, 0, 3, 0 ], [ -2, 1, 0, 3 ] ], 
  [ [ 3, -1, -2, 2 ], [ 26, 3, -16, -14 ], [ -1, 2, 1, -5 ], 
      [ -10, -1, 6, 5 ] ] ])),rec(TheMatrixStab:=Group([ [ [ -1, 0, 0, 0 ], [ 0, -1, 0, 0 ], [ 0, 0, -1, 0 ], [ 0, 0, 0, -1 ] ], 
  [ [ 1, 0, 0, 0 ], [ 0, 1, 0, 0 ], [ 0, 0, 1, 0 ], [ 0, 0, 0, 1 ] ] ]),TheRotSubgroup:=Group([ [ [ -1, 0, 0, 0 ], [ 0, -1, 0, 0 ], [ 0, 0, -1, 0 ], [ 0, 0, 0, -1 ] ], 
  [ [ 1, 0, 0, 0 ], [ 0, 1, 0, 0 ], [ 0, 0, 1, 0 ], [ 0, 0, 0, 1 ] ] ]),BoundaryImage:=rec(ListIFace:=[ 3, 9 ],ListSign:=[ -1, 1 ],ListElt:=[ [ [ -3, 0, 2, 0 ], [ 0, -3, 4, 10 ], [ -5, 0, 3, 0 ], [ 2, -1, 0, 3 ] ], 
  [ [ 1, 0, 0, 0 ], [ 0, 1, 0, 0 ], [ 0, 0, 1, 0 ], [ 0, 0, 0, 1 ] ] ])),rec(TheMatrixStab:=Group([ [ [ -1, 0, 0, 0 ], [ 0, -1, 0, 0 ], [ 0, 0, -1, 0 ], [ 0, 0, 0, -1 ] ], 
  [ [ 1, 0, 0, 0 ], [ 0, 1, 0, 0 ], [ 0, 0, 1, 0 ], [ 0, 0, 0, 1 ] ] ]),TheRotSubgroup:=Group([ [ [ -1, 0, 0, 0 ], [ 0, -1, 0, 0 ], [ 0, 0, -1, 0 ], [ 0, 0, 0, -1 ] ], 
  [ [ 1, 0, 0, 0 ], [ 0, 1, 0, 0 ], [ 0, 0, 1, 0 ], [ 0, 0, 0, 1 ] ] ]),BoundaryImage:=rec(ListIFace:=[ 4, 10 ],ListSign:=[ -1, 1 ],ListElt:=[ [ [ -1, 0, 0, 0 ], [ 0, -1, 0, 0 ], [ 0, 0, -1, 0 ], [ 0, 0, 0, -1 ] ], 
  [ [ 1, 0, 0, 0 ], [ 0, 1, 0, 0 ], [ 0, 0, 1, 0 ], [ 0, 0, 0, 1 ] ] ])),rec(TheMatrixStab:=Group([ [ [ -1, 0, 0, 0 ], [ 0, -1, 0, 0 ], [ 0, 0, -1, 0 ], [ 0, 0, 0, -1 ] ], 
  [ [ 1, 0, 0, 0 ], [ 0, 1, 0, 0 ], [ 0, 0, 1, 0 ], [ 0, 0, 0, 1 ] ] ]),TheRotSubgroup:=Group([ [ [ -1, 0, 0, 0 ], [ 0, -1, 0, 0 ], [ 0, 0, -1, 0 ], [ 0, 0, 0, -1 ] ], 
  [ [ 1, 0, 0, 0 ], [ 0, 1, 0, 0 ], [ 0, 0, 1, 0 ], [ 0, 0, 0, 1 ] ] ]),BoundaryImage:=rec(ListIFace:=[ 5, 9 ],ListSign:=[ -1, 1 ],ListElt:=[ [ [ 1, 0, 0, 0 ], [ 0, 1, 0, 0 ], [ 0, 0, 1, 0 ], [ 0, 0, 0, 1 ] ], 
  [ [ 5, 2, -4, -6 ], [ -52, 5, 28, -8 ], [ 16, 3, -11, -10 ], 
      [ -22, 2, 12, -3 ] ] ])),rec(TheMatrixStab:=Group([ [ [ -1, 0, 0, 0 ], [ 0, -1, 0, 0 ], [ 0, 0, -1, 0 ], [ 0, 0, 0, -1 ] ], 
  [ [ 1, 0, 0, 0 ], [ 0, 1, 0, 0 ], [ 0, 0, 1, 0 ], [ 0, 0, 0, 1 ] ] ]),TheRotSubgroup:=Group([ [ [ -1, 0, 0, 0 ], [ 0, -1, 0, 0 ], [ 0, 0, -1, 0 ], [ 0, 0, 0, -1 ] ], 
  [ [ 1, 0, 0, 0 ], [ 0, 1, 0, 0 ], [ 0, 0, 1, 0 ], [ 0, 0, 0, 1 ] ] ]),BoundaryImage:=rec(ListIFace:=[ 6, 10 ],ListSign:=[ -1, 1 ],ListElt:=[ [ [ 1, 0, 0, 0 ], [ 0, 1, 0, 0 ], [ 0, 0, 1, 0 ], [ 0, 0, 0, 1 ] ], 
  [ [ 5, 2, 4, 6 ], [ -52, 5, -28, 8 ], [ -16, -3, -11, -10 ], 
      [ 22, -2, 12, -3 ] ] ])),rec(TheMatrixStab:=Group([ [ [ -1, 0, 0, 0 ], [ 0, -1, 0, 0 ], [ 0, 0, -1, 0 ], [ 0, 0, 0, -1 ] ], 
  [ [ 1, 0, 0, 0 ], [ 0, 1, 0, 0 ], [ 0, 0, 1, 0 ], [ 0, 0, 0, 1 ] ] ]),TheRotSubgroup:=Group([ [ [ -1, 0, 0, 0 ], [ 0, -1, 0, 0 ], [ 0, 0, -1, 0 ], [ 0, 0, 0, -1 ] ], 
  [ [ 1, 0, 0, 0 ], [ 0, 1, 0, 0 ], [ 0, 0, 1, 0 ], [ 0, 0, 0, 1 ] ] ]),BoundaryImage:=rec(ListIFace:=[ 7, 11 ],ListSign:=[ -1, 1 ],ListElt:=[ [ [ 10, 0, -5, -1 ], [ 0, 10, -4, -23 ], [ 23, -1, -11, 0 ], 
      [ -4, 5, 0, -11 ] ], 
  [ [ -179, 0, 85, 16 ], [ 0, -179, 74, 393 ], [ -393, 16, 180, 0 ], 
      [ 74, -85, 0, 180 ] ] ])),rec(TheMatrixStab:=Group([ [ [ -1, 0, 0, 0 ], [ 0, -1, 0, 0 ], [ 0, 0, -1, 0 ], [ 0, 0, 0, -1 ] ], 
  [ [ 1, 0, 0, 0 ], [ 0, 1, 0, 0 ], [ 0, 0, 1, 0 ], [ 0, 0, 0, 1 ] ] ]),TheRotSubgroup:=Group([ [ [ -1, 0, 0, 0 ], [ 0, -1, 0, 0 ], [ 0, 0, -1, 0 ], [ 0, 0, 0, -1 ] ], 
  [ [ 1, 0, 0, 0 ], [ 0, 1, 0, 0 ], [ 0, 0, 1, 0 ], [ 0, 0, 0, 1 ] ] ]),BoundaryImage:=rec(ListIFace:=[ 8, 12 ],ListSign:=[ -1, 1 ],ListElt:=[ [ [ 10, 0, 5, 1 ], [ 0, 10, 4, 23 ], [ -23, 1, -11, 0 ], [ 4, -5, 0, -11 ] ]
    , [ [ -179, 0, -85, -16 ], [ 0, -179, -74, -393 ], [ 393, -16, 180, 0 ], 
      [ -74, 85, 0, 180 ] ] ])),rec(TheMatrixStab:=Group([ [ [ -11, 0, 5, 1 ], [ 0, -11, 4, 23 ], [ -23, 1, 10, 0 ], [ 4, -5, 0, 10 ] ]
    , 
  [ [ -10, 0, 5, 1 ], [ 0, -10, 4, 23 ], [ -23, 1, 11, 0 ], [ 4, -5, 0, 11 ] ]
    , [ [ -1, 0, 0, 0 ], [ 0, -1, 0, 0 ], [ 0, 0, -1, 0 ], [ 0, 0, 0, -1 ] ], 
  [ [ 1, 0, 0, 0 ], [ 0, 1, 0, 0 ], [ 0, 0, 1, 0 ], [ 0, 0, 0, 1 ] ], 
  [ [ 10, 0, -5, -1 ], [ 0, 10, -4, -23 ], [ 23, -1, -11, 0 ], 
      [ -4, 5, 0, -11 ] ], 
  [ [ 11, 0, -5, -1 ], [ 0, 11, -4, -23 ], [ 23, -1, -10, 0 ], 
      [ -4, 5, 0, -10 ] ] ]),TheRotSubgroup:=Group([ [ [ -11, 0, 5, 1 ], [ 0, -11, 4, 23 ], [ -23, 1, 10, 0 ], [ 4, -5, 0, 10 ] ]
    , 
  [ [ -10, 0, 5, 1 ], [ 0, -10, 4, 23 ], [ -23, 1, 11, 0 ], [ 4, -5, 0, 11 ] ]
    , [ [ -1, 0, 0, 0 ], [ 0, -1, 0, 0 ], [ 0, 0, -1, 0 ], [ 0, 0, 0, -1 ] ], 
  [ [ 1, 0, 0, 0 ], [ 0, 1, 0, 0 ], [ 0, 0, 1, 0 ], [ 0, 0, 0, 1 ] ], 
  [ [ 10, 0, -5, -1 ], [ 0, 10, -4, -23 ], [ 23, -1, -11, 0 ], 
      [ -4, 5, 0, -11 ] ], 
  [ [ 11, 0, -5, -1 ], [ 0, 11, -4, -23 ], [ 23, -1, -10, 0 ], 
      [ -4, 5, 0, -10 ] ] ]),BoundaryImage:=rec(ListIFace:=[ 7, 12 ],ListSign:=[ -1, 1 ],ListElt:=[ [ [ 10, 0, -5, -1 ], [ 0, 10, -4, -23 ], [ 23, -1, -11, 0 ], 
      [ -4, 5, 0, -11 ] ], 
  [ [ -36, 0, -17, -3 ], [ 0, -36, -16, -79 ], [ -79, 3, -36, 0 ], 
      [ 16, -17, 0, -36 ] ] ])),rec(TheMatrixStab:=Group([ [ [ -11, 0, -5, -1 ], [ 0, -11, -4, -23 ], [ 23, -1, 10, 0 ], 
      [ -4, 5, 0, 10 ] ], 
  [ [ -10, 0, -5, -1 ], [ 0, -10, -4, -23 ], [ 23, -1, 11, 0 ], 
      [ -4, 5, 0, 11 ] ], 
  [ [ -1, 0, 0, 0 ], [ 0, -1, 0, 0 ], [ 0, 0, -1, 0 ], [ 0, 0, 0, -1 ] ], 
  [ [ 1, 0, 0, 0 ], [ 0, 1, 0, 0 ], [ 0, 0, 1, 0 ], [ 0, 0, 0, 1 ] ], 
  [ [ 10, 0, 5, 1 ], [ 0, 10, 4, 23 ], [ -23, 1, -11, 0 ], [ 4, -5, 0, -11 ] ]
    , 
  [ [ 11, 0, 5, 1 ], [ 0, 11, 4, 23 ], [ -23, 1, -10, 0 ], [ 4, -5, 0, -10 ] 
     ] ]),TheRotSubgroup:=Group([ [ [ -11, 0, -5, -1 ], [ 0, -11, -4, -23 ], [ 23, -1, 10, 0 ], 
      [ -4, 5, 0, 10 ] ], 
  [ [ -10, 0, -5, -1 ], [ 0, -10, -4, -23 ], [ 23, -1, 11, 0 ], 
      [ -4, 5, 0, 11 ] ], 
  [ [ -1, 0, 0, 0 ], [ 0, -1, 0, 0 ], [ 0, 0, -1, 0 ], [ 0, 0, 0, -1 ] ], 
  [ [ 1, 0, 0, 0 ], [ 0, 1, 0, 0 ], [ 0, 0, 1, 0 ], [ 0, 0, 0, 1 ] ], 
  [ [ 10, 0, 5, 1 ], [ 0, 10, 4, 23 ], [ -23, 1, -11, 0 ], [ 4, -5, 0, -11 ] ]
    , 
  [ [ 11, 0, 5, 1 ], [ 0, 11, 4, 23 ], [ -23, 1, -10, 0 ], [ 4, -5, 0, -10 ] 
     ] ]),BoundaryImage:=rec(ListIFace:=[ 8, 11 ],ListSign:=[ -1, 1 ],ListElt:=[ [ [ 10, 0, 5, 1 ], [ 0, 10, 4, 23 ], [ -23, 1, -11, 0 ], [ 4, -5, 0, -11 ] ]
    , [ [ 19, 2, -10, -6 ], [ -52, 19, 16, -38 ], [ -41, -3, 21, 10 ], 
      [ 32, -7, -12, 13 ] ] ])),rec(TheMatrixStab:=Group([ [ [ -1, 0, 0, 0 ], [ 0, -1, 0, 0 ], [ 0, 0, -1, 0 ], [ 0, 0, 0, -1 ] ], 
  [ [ 1, 0, 0, 0 ], [ 0, 1, 0, 0 ], [ 0, 0, 1, 0 ], [ 0, 0, 0, 1 ] ] ]),TheRotSubgroup:=Group([ [ [ -1, 0, 0, 0 ], [ 0, -1, 0, 0 ], [ 0, 0, -1, 0 ], [ 0, 0, 0, -1 ] ], 
  [ [ 1, 0, 0, 0 ], [ 0, 1, 0, 0 ], [ 0, 0, 1, 0 ], [ 0, 0, 0, 1 ] ] ]),BoundaryImage:=rec(ListIFace:=[ 7, 11 ],ListSign:=[ -1, 1 ],ListElt:=[ [ [ 10, 0, -5, -1 ], [ 0, 10, -4, -23 ], [ 23, -1, -11, 0 ], 
      [ -4, 5, 0, -11 ] ], 
  [ [ -108, -34, 65, 84 ], [ 884, -108, -374, 157 ], [ -329, -62, 181, 165 ], 
      [ 454, -41, -198, 49 ] ] ])),rec(TheMatrixStab:=Group([ [ [ -1, 0, 0, 0 ], [ 0, -1, 0, 0 ], [ 0, 0, -1, 0 ], [ 0, 0, 0, -1 ] ], 
  [ [ 1, 0, 0, 0 ], [ 0, 1, 0, 0 ], [ 0, 0, 1, 0 ], [ 0, 0, 0, 1 ] ] ]),TheRotSubgroup:=Group([ [ [ -1, 0, 0, 0 ], [ 0, -1, 0, 0 ], [ 0, 0, -1, 0 ], [ 0, 0, 0, -1 ] ], 
  [ [ 1, 0, 0, 0 ], [ 0, 1, 0, 0 ], [ 0, 0, 1, 0 ], [ 0, 0, 0, 1 ] ] ]),BoundaryImage:=rec(ListIFace:=[ 8, 12 ],ListSign:=[ -1, 1 ],ListElt:=[ [ [ 11, 0, 5, 1 ], [ 0, 11, 4, 23 ], [ -23, 1, -10, 0 ], [ 4, -5, 0, -10 ] ]
    , [ [ 110, 6, 55, 23 ], [ -156, 110, -28, 229 ], [ -257, -1, -123, -25 ], 
      [ 108, -51, 30, -103 ] ] ])),rec(TheMatrixStab:=Group([ [ [ -11, 0, 5, 1 ], [ 0, -11, 4, 23 ], [ -23, 1, 10, 0 ], [ 4, -5, 0, 10 ] ]
    , 
  [ [ -10, 0, 5, 1 ], [ 0, -10, 4, 23 ], [ -23, 1, 11, 0 ], [ 4, -5, 0, 11 ] ]
    , [ [ -1, 0, 0, 0 ], [ 0, -1, 0, 0 ], [ 0, 0, -1, 0 ], [ 0, 0, 0, -1 ] ], 
  [ [ 1, 0, 0, 0 ], [ 0, 1, 0, 0 ], [ 0, 0, 1, 0 ], [ 0, 0, 0, 1 ] ], 
  [ [ 10, 0, -5, -1 ], [ 0, 10, -4, -23 ], [ 23, -1, -11, 0 ], 
      [ -4, 5, 0, -11 ] ], 
  [ [ 11, 0, -5, -1 ], [ 0, 11, -4, -23 ], [ 23, -1, -10, 0 ], 
      [ -4, 5, 0, -10 ] ] ]),TheRotSubgroup:=Group([ [ [ -11, 0, 5, 1 ], [ 0, -11, 4, 23 ], [ -23, 1, 10, 0 ], [ 4, -5, 0, 10 ] ]
    , 
  [ [ -10, 0, 5, 1 ], [ 0, -10, 4, 23 ], [ -23, 1, 11, 0 ], [ 4, -5, 0, 11 ] ]
    , [ [ -1, 0, 0, 0 ], [ 0, -1, 0, 0 ], [ 0, 0, -1, 0 ], [ 0, 0, 0, -1 ] ], 
  [ [ 1, 0, 0, 0 ], [ 0, 1, 0, 0 ], [ 0, 0, 1, 0 ], [ 0, 0, 0, 1 ] ], 
  [ [ 10, 0, -5, -1 ], [ 0, 10, -4, -23 ], [ 23, -1, -11, 0 ], 
      [ -4, 5, 0, -11 ] ], 
  [ [ 11, 0, -5, -1 ], [ 0, 11, -4, -23 ], [ 23, -1, -10, 0 ], 
      [ -4, 5, 0, -10 ] ] ]),BoundaryImage:=rec(ListIFace:=[ 7, 12 ],ListSign:=[ -1, 1 ],ListElt:=[ [ [ 1, 0, 0, 0 ], [ 0, 1, 0, 0 ], [ 0, 0, 1, 0 ], [ 0, 0, 0, 1 ] ], 
  [ [ 23, -12, 6, -24 ], [ 312, 23, 156, 78 ], [ 9, -28, -7, -60 ], 
      [ 142, 13, 72, 41 ] ] ])),rec(TheMatrixStab:=Group([ [ [ -11, 0, -5, -1 ], [ 0, -11, -4, -23 ], [ 23, -1, 10, 0 ], 
      [ -4, 5, 0, 10 ] ], 
  [ [ -10, 0, -5, -1 ], [ 0, -10, -4, -23 ], [ 23, -1, 11, 0 ], 
      [ -4, 5, 0, 11 ] ], 
  [ [ -1, 0, 0, 0 ], [ 0, -1, 0, 0 ], [ 0, 0, -1, 0 ], [ 0, 0, 0, -1 ] ], 
  [ [ 1, 0, 0, 0 ], [ 0, 1, 0, 0 ], [ 0, 0, 1, 0 ], [ 0, 0, 0, 1 ] ], 
  [ [ 10, 0, 5, 1 ], [ 0, 10, 4, 23 ], [ -23, 1, -11, 0 ], [ 4, -5, 0, -11 ] ]
    , 
  [ [ 11, 0, 5, 1 ], [ 0, 11, 4, 23 ], [ -23, 1, -10, 0 ], [ 4, -5, 0, -10 ] 
     ] ]),TheRotSubgroup:=Group([ [ [ -11, 0, -5, -1 ], [ 0, -11, -4, -23 ], [ 23, -1, 10, 0 ], 
      [ -4, 5, 0, 10 ] ], 
  [ [ -10, 0, -5, -1 ], [ 0, -10, -4, -23 ], [ 23, -1, 11, 0 ], 
      [ -4, 5, 0, 11 ] ], 
  [ [ -1, 0, 0, 0 ], [ 0, -1, 0, 0 ], [ 0, 0, -1, 0 ], [ 0, 0, 0, -1 ] ], 
  [ [ 1, 0, 0, 0 ], [ 0, 1, 0, 0 ], [ 0, 0, 1, 0 ], [ 0, 0, 0, 1 ] ], 
  [ [ 10, 0, 5, 1 ], [ 0, 10, 4, 23 ], [ -23, 1, -11, 0 ], [ 4, -5, 0, -11 ] ]
    , 
  [ [ 11, 0, 5, 1 ], [ 0, 11, 4, 23 ], [ -23, 1, -10, 0 ], [ 4, -5, 0, -10 ] 
     ] ]),BoundaryImage:=rec(ListIFace:=[ 8, 11 ],ListSign:=[ -1, 1 ],ListElt:=[ [ [ -10, 0, -5, -1 ], [ 0, -10, -4, -23 ], [ 23, -1, 11, 0 ], 
      [ -4, 5, 0, 11 ] ], 
  [ [ 23, -12, -6, 24 ], [ 312, 23, -156, -78 ], [ -9, 28, -7, -60 ], 
      [ -142, -13, 72, 41 ] ] ])),rec(TheMatrixStab:=Group([ [ [ -1, 0, 0, 0 ], [ 0, -1, 0, 0 ], [ 0, 0, -1, 0 ], [ 0, 0, 0, -1 ] ], 
  [ [ 1, 0, 0, 0 ], [ 0, 1, 0, 0 ], [ 0, 0, 1, 0 ], [ 0, 0, 0, 1 ] ] ]),TheRotSubgroup:=Group([ [ [ -1, 0, 0, 0 ], [ 0, -1, 0, 0 ], [ 0, 0, -1, 0 ], [ 0, 0, 0, -1 ] ], 
  [ [ 1, 0, 0, 0 ], [ 0, 1, 0, 0 ], [ 0, 0, 1, 0 ], [ 0, 0, 0, 1 ] ] ]),BoundaryImage:=rec(ListIFace:=[ 9, 11 ],ListSign:=[ -1, 1 ],ListElt:=[ [ [ -1, 0, 0, 0 ], [ 0, -1, 0, 0 ], [ 0, 0, -1, 0 ], [ 0, 0, 0, -1 ] ], 
  [ [ 53, -15, -19, 28 ], [ 390, 53, -206, -151 ], [ 79, -33, -24, 65 ], 
      [ 140, 29, -78, -76 ] ] ])),rec(TheMatrixStab:=Group([ [ [ -1, 0, 0, 0 ], [ 0, -1, 0, 0 ], [ 0, 0, -1, 0 ], [ 0, 0, 0, -1 ] ], 
  [ [ 1, 0, 0, 0 ], [ 0, 1, 0, 0 ], [ 0, 0, 1, 0 ], [ 0, 0, 0, 1 ] ] ]),TheRotSubgroup:=Group([ [ [ -1, 0, 0, 0 ], [ 0, -1, 0, 0 ], [ 0, 0, -1, 0 ], [ 0, 0, 0, -1 ] ], 
  [ [ 1, 0, 0, 0 ], [ 0, 1, 0, 0 ], [ 0, 0, 1, 0 ], [ 0, 0, 0, 1 ] ] ]),BoundaryImage:=rec(ListIFace:=[ 10, 12 ],ListSign:=[ -1, 1 ],ListElt:=[ [ [ 1, 0, 0, 0 ], [ 0, 1, 0, 0 ], [ 0, 0, 1, 0 ], [ 0, 0, 0, 1 ] ], 
  [ [ -101, -5, -50, -20 ], [ 130, -101, 20, -210 ], [ 206, 3, 99, 25 ], 
      [ -98, 40, -30, 79 ] ] ])),rec(TheMatrixStab:=Group([ [ [ -1, 0, 0, 0 ], [ 0, -1, 0, 0 ], [ 0, 0, -1, 0 ], [ 0, 0, 0, -1 ] ], 
  [ [ 1, 0, 0, 0 ], [ 0, 1, 0, 0 ], [ 0, 0, 1, 0 ], [ 0, 0, 0, 1 ] ] ]),TheRotSubgroup:=Group([ [ [ -1, 0, 0, 0 ], [ 0, -1, 0, 0 ], [ 0, 0, -1, 0 ], [ 0, 0, 0, -1 ] ], 
  [ [ 1, 0, 0, 0 ], [ 0, 1, 0, 0 ], [ 0, 0, 1, 0 ], [ 0, 0, 0, 1 ] ] ]),BoundaryImage:=rec(ListIFace:=[ 9, 11 ],ListSign:=[ -1, 1 ],ListElt:=[ [ [ 1, 0, 0, 0 ], [ 0, 1, 0, 0 ], [ 0, 0, 1, 0 ], [ 0, 0, 0, 1 ] ], 
  [ [ 77, -3, -35, 0 ], [ 78, 77, -70, -175 ], [ 121, -7, -54, 5 ], 
      [ -12, 27, -6, -58 ] ] ])),rec(TheMatrixStab:=Group([ [ [ -1, 0, 0, 0 ], [ 0, -1, 0, 0 ], [ 0, 0, -1, 0 ], [ 0, 0, 0, -1 ] ], 
  [ [ 1, 0, 0, 0 ], [ 0, 1, 0, 0 ], [ 0, 0, 1, 0 ], [ 0, 0, 0, 1 ] ] ]),TheRotSubgroup:=Group([ [ [ -1, 0, 0, 0 ], [ 0, -1, 0, 0 ], [ 0, 0, -1, 0 ], [ 0, 0, 0, -1 ] ], 
  [ [ 1, 0, 0, 0 ], [ 0, 1, 0, 0 ], [ 0, 0, 1, 0 ], [ 0, 0, 0, 1 ] ] ]),BoundaryImage:=rec(ListIFace:=[ 10, 12 ],ListSign:=[ -1, 1 ],ListElt:=[ [ [ -1, 0, 0, 0 ], [ 0, -1, 0, 0 ], [ 0, 0, -1, 0 ], [ 0, 0, 0, -1 ] ], 
  [ [ 146, 0, 69, 13 ], [ 0, 146, 60, 319 ], [ -235, 5, -109, -10 ], 
      [ 68, -49, 12, -101 ] ] ])),rec(TheMatrixStab:=Group([ [ [ -1, 0, 0, 0 ], [ 0, -1, 0, 0 ], [ 0, 0, -1, 0 ], [ 0, 0, 0, -1 ] ], 
  [ [ 1, 0, 0, 0 ], [ 0, 1, 0, 0 ], [ 0, 0, 1, 0 ], [ 0, 0, 0, 1 ] ] ]),TheRotSubgroup:=Group([ [ [ -1, 0, 0, 0 ], [ 0, -1, 0, 0 ], [ 0, 0, -1, 0 ], [ 0, 0, 0, -1 ] ], 
  [ [ 1, 0, 0, 0 ], [ 0, 1, 0, 0 ], [ 0, 0, 1, 0 ], [ 0, 0, 0, 1 ] ] ]),BoundaryImage:=rec(ListIFace:=[ 9, 12 ],ListSign:=[ -1, 1 ],ListElt:=[ [ [ 1, 0, 0, 0 ], [ 0, 1, 0, 0 ], [ 0, 0, 1, 0 ], [ 0, 0, 0, 1 ] ], 
  [ [ 133, 0, 63, 12 ], [ 0, 133, 54, 291 ], [ 239, -3, 112, 15 ], 
      [ -80, 49, -18, 100 ] ] ])),rec(TheMatrixStab:=Group([ [ [ -1, 0, 0, 0 ], [ 0, -1, 0, 0 ], [ 0, 0, -1, 0 ], [ 0, 0, 0, -1 ] ], 
  [ [ 1, 0, 0, 0 ], [ 0, 1, 0, 0 ], [ 0, 0, 1, 0 ], [ 0, 0, 0, 1 ] ] ]),TheRotSubgroup:=Group([ [ [ -1, 0, 0, 0 ], [ 0, -1, 0, 0 ], [ 0, 0, -1, 0 ], [ 0, 0, 0, -1 ] ], 
  [ [ 1, 0, 0, 0 ], [ 0, 1, 0, 0 ], [ 0, 0, 1, 0 ], [ 0, 0, 0, 1 ] ] ]),BoundaryImage:=rec(ListIFace:=[ 10, 11 ],ListSign:=[ -1, 1 ],ListElt:=[ [ [ 1, 0, 0, 0 ], [ 0, 1, 0, 0 ], [ 0, 0, 1, 0 ], [ 0, 0, 0, 1 ] ], 
  [ [ 3, -8, 2, 17 ], [ 208, 3, -98, -24 ], [ -2, 14, -5, -30 ], 
      [ -72, -6, 36, 19 ] ] ])),rec(TheMatrixStab:=Group([ [ [ -131, -29, 74, 75 ], [ 754, -131, -302, 220 ], [ -354, -52, 189, 145 ], 
      [ 412, -50, -174, 73 ] ], 
  [ [ -1, 0, 0, 0 ], [ 0, -1, 0, 0 ], [ 0, 0, -1, 0 ], [ 0, 0, 0, -1 ] ], 
  [ [ 1, 0, 0, 0 ], [ 0, 1, 0, 0 ], [ 0, 0, 1, 0 ], [ 0, 0, 0, 1 ] ], 
  [ [ 131, 29, -74, -75 ], [ -754, 131, 302, -220 ], [ 354, 52, -189, -145 ], 
      [ -412, 50, 174, -73 ] ] ]),TheRotSubgroup:=Group([ [ [ -131, -29, 74, 75 ], [ 754, -131, -302, 220 ], [ -354, -52, 189, 145 ], 
      [ 412, -50, -174, 73 ] ], 
  [ [ -1, 0, 0, 0 ], [ 0, -1, 0, 0 ], [ 0, 0, -1, 0 ], [ 0, 0, 0, -1 ] ], 
  [ [ 1, 0, 0, 0 ], [ 0, 1, 0, 0 ], [ 0, 0, 1, 0 ], [ 0, 0, 0, 1 ] ], 
  [ [ 131, 29, -74, -75 ], [ -754, 131, 302, -220 ], [ 354, 52, -189, -145 ], 
      [ -412, 50, 174, -73 ] ] ]),BoundaryImage:=rec(ListIFace:=[ 11, 12 ],ListSign:=[ -1, 1 ],ListElt:=[ [ [ 1, 0, 0, 0 ], [ 0, 1, 0, 0 ], [ 0, 0, 1, 0 ], [ 0, 0, 0, 1 ] ], 
  [ [ -999, 194, -393, 334 ], [ -5044, -999, -2790, -2633 ], 
      [ -1729, 513, -608, 965 ], [ -1976, -551, -1158, -1380 ] ] ]))],[rec(TheMatrixStab:=Group([ [ [ -1, 0, 0, 0 ], [ 0, -1, 0, 0 ], [ 0, 0, -1, 0 ], [ 0, 0, 0, -1 ] ], 
  [ [ 1, 0, 0, 0 ], [ 0, 1, 0, 0 ], [ 0, 0, 1, 0 ], [ 0, 0, 0, 1 ] ] ]),TheRotSubgroup:=Group([ [ [ -1, 0, 0, 0 ], [ 0, -1, 0, 0 ], [ 0, 0, -1, 0 ], [ 0, 0, 0, -1 ] ], 
  [ [ 1, 0, 0, 0 ], [ 0, 1, 0, 0 ], [ 0, 0, 1, 0 ], [ 0, 0, 0, 1 ] ] ]),BoundaryImage:=rec(ListIFace:=[ 1, 3, 12, 2, 4, 11 ],ListSign:=[ 1, -1, 1, 1, -1, 1 ],ListElt:=[ [ [ 1, 0, 0, 0 ], [ 0, 1, 0, 0 ], [ 0, 0, 1, 0 ], [ 0, 0, 0, 1 ] ], 
  [ [ 1, 0, 0, 0 ], [ 0, 1, 0, 0 ], [ 0, 0, 1, 0 ], [ 0, 0, 0, 1 ] ], 
  [ [ 5, 1, 4, 4 ], [ -26, 5, -16, 12 ], [ 12, 1, 9, 5 ], [ -10, 2, -6, 5 ] ],
  [ [ -3, 1, -2, 2 ], [ -26, -3, -16, -14 ], [ -1, 2, -1, 5 ], 
      [ -10, -1, -6, -5 ] ], 
  [ [ -3, 1, -2, 2 ], [ -26, -3, -16, -14 ], [ -1, 2, -1, 5 ], 
      [ -10, -1, -6, -5 ] ], 
  [ [ -3, 0, 2, 0 ], [ 0, -3, 4, 10 ], [ -5, 0, 3, 0 ], [ 2, -1, 0, 3 ] ] ])),rec(TheMatrixStab:=Group([ [ [ -1, 0, 0, 0 ], [ 0, -1, 0, 0 ], [ 0, 0, -1, 0 ], [ 0, 0, 0, -1 ] ], 
  [ [ 1, 0, 0, 0 ], [ 0, 1, 0, 0 ], [ 0, 0, 1, 0 ], [ 0, 0, 0, 1 ] ] ]),TheRotSubgroup:=Group([ [ [ -1, 0, 0, 0 ], [ 0, -1, 0, 0 ], [ 0, 0, -1, 0 ], [ 0, 0, 0, -1 ] ], 
  [ [ 1, 0, 0, 0 ], [ 0, 1, 0, 0 ], [ 0, 0, 1, 0 ], [ 0, 0, 0, 1 ] ] ]),BoundaryImage:=rec(ListIFace:=[ 1, 5, 17, 25, 13 ],ListSign:=[ 1, -1, -1, 1, 1 ],ListElt:=[ [ [ 1, 0, 0, 0 ], [ 0, 1, 0, 0 ], [ 0, 0, 1, 0 ], [ 0, 0, 0, 1 ] ], 
  [ [ -1, 0, 0, 0 ], [ 0, -1, 0, 0 ], [ 0, 0, -1, 0 ], [ 0, 0, 0, -1 ] ], 
  [ [ -10, 0, 5, 1 ], [ 0, -10, 4, 23 ], [ -23, 1, 11, 0 ], [ 4, -5, 0, 11 ] ]
    , [ [ 1, 0, 0, 0 ], [ 0, 1, 0, 0 ], [ 0, 0, 1, 0 ], [ 0, 0, 0, 1 ] ], 
  [ [ 1, 0, 0, 0 ], [ 0, 1, 0, 0 ], [ 0, 0, 1, 0 ], [ 0, 0, 0, 1 ] ] ])),rec(TheMatrixStab:=Group([ [ [ -1, 0, 0, 0 ], [ 0, -1, 0, 0 ], [ 0, 0, -1, 0 ], [ 0, 0, 0, -1 ] ], 
  [ [ 1, 0, 0, 0 ], [ 0, 1, 0, 0 ], [ 0, 0, 1, 0 ], [ 0, 0, 0, 1 ] ] ]),TheRotSubgroup:=Group([ [ [ -1, 0, 0, 0 ], [ 0, -1, 0, 0 ], [ 0, 0, -1, 0 ], [ 0, 0, 0, -1 ] ], 
  [ [ 1, 0, 0, 0 ], [ 0, 1, 0, 0 ], [ 0, 0, 1, 0 ], [ 0, 0, 0, 1 ] ] ]),BoundaryImage:=rec(ListIFace:=[ 2, 6, 18, 14, 26 ],ListSign:=[ 1, -1, -1, 1, 1 ],ListElt:=[ [ [ 1, 0, 0, 0 ], [ 0, 1, 0, 0 ], [ 0, 0, 1, 0 ], [ 0, 0, 0, 1 ] ], 
  [ [ -1, 0, 0, 0 ], [ 0, -1, 0, 0 ], [ 0, 0, -1, 0 ], [ 0, 0, 0, -1 ] ], 
  [ [ -10, 0, -5, -1 ], [ 0, -10, -4, -23 ], [ 23, -1, 11, 0 ], 
      [ -4, 5, 0, 11 ] ], 
  [ [ 1, 0, 0, 0 ], [ 0, 1, 0, 0 ], [ 0, 0, 1, 0 ], [ 0, 0, 0, 1 ] ], 
  [ [ -1, 0, 0, 0 ], [ 0, -1, 0, 0 ], [ 0, 0, -1, 0 ], [ 0, 0, 0, -1 ] ] ])),rec(TheMatrixStab:=Group([ [ [ -1, 0, 0, 0 ], [ 0, -1, 0, 0 ], [ 0, 0, -1, 0 ], [ 0, 0, 0, -1 ] ], 
  [ [ 1, 0, 0, 0 ], [ 0, 1, 0, 0 ], [ 0, 0, 1, 0 ], [ 0, 0, 0, 1 ] ] ]),TheRotSubgroup:=Group([ [ [ -1, 0, 0, 0 ], [ 0, -1, 0, 0 ], [ 0, 0, -1, 0 ], [ 0, 0, 0, -1 ] ], 
  [ [ 1, 0, 0, 0 ], [ 0, 1, 0, 0 ], [ 0, 0, 1, 0 ], [ 0, 0, 0, 1 ] ] ]),BoundaryImage:=rec(ListIFace:=[ 1, 9, 10, 2 ],ListSign:=[ 1, -1, -1, 1 ],ListElt:=[ [ [ 1, 0, 0, 0 ], [ 0, 1, 0, 0 ], [ 0, 0, 1, 0 ], [ 0, 0, 0, 1 ] ], 
  [ [ 2, 0, -1, 0 ], [ 0, 2, -2, -5 ], [ 5, 0, -2, 0 ], [ -2, 1, 0, -2 ] ], 
  [ [ 3, 0, 1, 0 ], [ 0, 3, 2, 5 ], [ 5, 0, 2, 0 ], [ -2, 1, 0, 2 ] ], 
  [ [ -1, 0, -1, 0 ], [ 0, -1, -2, -5 ], [ 0, 0, -1, 0 ], [ 0, 0, 0, -1 ] ] ])),rec(TheMatrixStab:=Group([ [ [ -1, 0, 0, 0 ], [ 0, -1, 0, 0 ], [ 0, 0, -1, 0 ], [ 0, 0, 0, -1 ] ], 
  [ [ 1, 0, 0, 0 ], [ 0, 1, 0, 0 ], [ 0, 0, 1, 0 ], [ 0, 0, 0, 1 ] ] ]),TheRotSubgroup:=Group([ [ [ -1, 0, 0, 0 ], [ 0, -1, 0, 0 ], [ 0, 0, -1, 0 ], [ 0, 0, 0, -1 ] ], 
  [ [ 1, 0, 0, 0 ], [ 0, 1, 0, 0 ], [ 0, 0, 1, 0 ], [ 0, 0, 0, 1 ] ] ]),BoundaryImage:=rec(ListIFace:=[ 1, 13, 27, 17, 5 ],ListSign:=[ 1, 1, 1, -1, -1 ],ListElt:=[ [ [ 1, 0, 0, 0 ], [ 0, 1, 0, 0 ], [ 0, 0, 1, 0 ], [ 0, 0, 0, 1 ] ], 
  [ [ 3, 0, -2, 0 ], [ 0, 3, -4, -10 ], [ 5, 0, -3, 0 ], [ -2, 1, 0, -3 ] ], 
  [ [ 3, 0, -2, 0 ], [ 0, 3, -4, -10 ], [ 5, 0, -3, 0 ], [ -2, 1, 0, -3 ] ], 
  [ [ 1, -1, 0, 2 ], [ 26, 1, -12, -4 ], [ -9, -2, 5, 5 ], [ 14, -1, -6, 1 ] ]
    , [ [ -2, 0, 1, 0 ], [ 0, -2, 2, 5 ], [ -5, 0, 2, 0 ], [ 2, -1, 0, 2 ] ] ])),rec(TheMatrixStab:=Group([ [ [ -1, 0, 0, 0 ], [ 0, -1, 0, 0 ], [ 0, 0, -1, 0 ], [ 0, 0, 0, -1 ] ], 
  [ [ 1, 0, 0, 0 ], [ 0, 1, 0, 0 ], [ 0, 0, 1, 0 ], [ 0, 0, 0, 1 ] ] ]),TheRotSubgroup:=Group([ [ [ -1, 0, 0, 0 ], [ 0, -1, 0, 0 ], [ 0, 0, -1, 0 ], [ 0, 0, 0, -1 ] ], 
  [ [ 1, 0, 0, 0 ], [ 0, 1, 0, 0 ], [ 0, 0, 1, 0 ], [ 0, 0, 0, 1 ] ] ]),BoundaryImage:=rec(ListIFace:=[ 2, 14, 6, 28, 18 ],ListSign:=[ 1, 1, -1, 1, -1 ],ListElt:=[ [ [ 1, 0, 0, 0 ], [ 0, 1, 0, 0 ], [ 0, 0, 1, 0 ], [ 0, 0, 0, 1 ] ], 
  [ [ 3, 0, 2, 0 ], [ 0, 3, 4, 10 ], [ -5, 0, -3, 0 ], [ 2, -1, 0, -3 ] ], 
  [ [ -2, 0, -1, 0 ], [ 0, -2, -2, -5 ], [ 5, 0, 2, 0 ], [ -2, 1, 0, 2 ] ], 
  [ [ 3, 0, 2, 0 ], [ 0, 3, 4, 10 ], [ -5, 0, -3, 0 ], [ 2, -1, 0, -3 ] ], 
  [ [ 1, -1, 0, -2 ], [ 26, 1, 12, 4 ], [ 9, 2, 5, 5 ], [ -14, 1, -6, 1 ] ] ])),rec(TheMatrixStab:=Group([ [ [ -1, 0, 0, 0 ], [ 0, -1, 0, 0 ], [ 0, 0, -1, 0 ], [ 0, 0, 0, -1 ] ], 
  [ [ 1, 0, 0, 0 ], [ 0, 1, 0, 0 ], [ 0, 0, 1, 0 ], [ 0, 0, 0, 1 ] ] ]),TheRotSubgroup:=Group([ [ [ -1, 0, 0, 0 ], [ 0, -1, 0, 0 ], [ 0, 0, -1, 0 ], [ 0, 0, 0, -1 ] ], 
  [ [ 1, 0, 0, 0 ], [ 0, 1, 0, 0 ], [ 0, 0, 1, 0 ], [ 0, 0, 0, 1 ] ] ]),BoundaryImage:=rec(ListIFace:=[ 3, 15, 25, 5, 21 ],ListSign:=[ 1, 1, 1, -1, -1 ],ListElt:=[ [ [ 1, 0, 0, 0 ], [ 0, 1, 0, 0 ], [ 0, 0, 1, 0 ], [ 0, 0, 0, 1 ] ], 
  [ [ -1, 0, 0, 0 ], [ 0, -1, 0, 0 ], [ 0, 0, -1, 0 ], [ 0, 0, 0, -1 ] ], 
  [ [ 5, 2, -4, -6 ], [ -52, 5, 28, -8 ], [ 16, 3, -11, -10 ], 
      [ -22, 2, 12, -3 ] ], 
  [ [ -1, 0, 0, 0 ], [ 0, -1, 0, 0 ], [ 0, 0, -1, 0 ], [ 0, 0, 0, -1 ] ], 
  [ [ 10, 0, -5, -1 ], [ 0, 10, -4, -23 ], [ 23, -1, -11, 0 ], 
      [ -4, 5, 0, -11 ] ] ])),rec(TheMatrixStab:=Group([ [ [ -1, 0, 0, 0 ], [ 0, -1, 0, 0 ], [ 0, 0, -1, 0 ], [ 0, 0, 0, -1 ] ], 
  [ [ 1, 0, 0, 0 ], [ 0, 1, 0, 0 ], [ 0, 0, 1, 0 ], [ 0, 0, 0, 1 ] ] ]),TheRotSubgroup:=Group([ [ [ -1, 0, 0, 0 ], [ 0, -1, 0, 0 ], [ 0, 0, -1, 0 ], [ 0, 0, 0, -1 ] ], 
  [ [ 1, 0, 0, 0 ], [ 0, 1, 0, 0 ], [ 0, 0, 1, 0 ], [ 0, 0, 0, 1 ] ] ]),BoundaryImage:=rec(ListIFace:=[ 4, 6, 16, 26, 22 ],ListSign:=[ 1, -1, 1, 1, -1 ],ListElt:=[ [ [ 1, 0, 0, 0 ], [ 0, 1, 0, 0 ], [ 0, 0, 1, 0 ], [ 0, 0, 0, 1 ] ], 
  [ [ 1, 0, 0, 0 ], [ 0, 1, 0, 0 ], [ 0, 0, 1, 0 ], [ 0, 0, 0, 1 ] ], 
  [ [ 1, 0, 0, 0 ], [ 0, 1, 0, 0 ], [ 0, 0, 1, 0 ], [ 0, 0, 0, 1 ] ], 
  [ [ -5, -2, -4, -6 ], [ 52, -5, 28, -8 ], [ 16, 3, 11, 10 ], 
      [ -22, 2, -12, 3 ] ], 
  [ [ -10, 0, -5, -1 ], [ 0, -10, -4, -23 ], [ 23, -1, 11, 0 ], 
      [ -4, 5, 0, 11 ] ] ])),rec(TheMatrixStab:=Group([ [ [ -1, 0, 0, 0 ], [ 0, -1, 0, 0 ], [ 0, 0, -1, 0 ], [ 0, 0, 0, -1 ] ], 
  [ [ 1, 0, 0, 0 ], [ 0, 1, 0, 0 ], [ 0, 0, 1, 0 ], [ 0, 0, 0, 1 ] ] ]),TheRotSubgroup:=Group([ [ [ -1, 0, 0, 0 ], [ 0, -1, 0, 0 ], [ 0, 0, -1, 0 ], [ 0, 0, 0, -1 ] ], 
  [ [ 1, 0, 0, 0 ], [ 0, 1, 0, 0 ], [ 0, 0, 1, 0 ], [ 0, 0, 0, 1 ] ] ]),BoundaryImage:=rec(ListIFace:=[ 3, 8, 7, 4 ],ListSign:=[ 1, -1, -1, 1 ],ListElt:=[ [ [ 1, 0, 0, 0 ], [ 0, 1, 0, 0 ], [ 0, 0, 1, 0 ], [ 0, 0, 0, 1 ] ], 
  [ [ 1, -2, 1, -4 ], [ 52, 1, 26, 13 ], [ -8, -4, -3, -10 ], 
      [ 24, 0, 12, 5 ] ], 
  [ [ -2, 0, 1, 0 ], [ 0, -2, 2, 5 ], [ -5, 0, 2, 0 ], [ 2, -1, 0, 2 ] ], 
  [ [ 1, -2, 1, -4 ], [ 52, 1, 26, 13 ], [ -8, -4, -3, -10 ], 
      [ 24, 0, 12, 5 ] ] ])),rec(TheMatrixStab:=Group([ [ [ -1, 0, 0, 0 ], [ 0, -1, 0, 0 ], [ 0, 0, -1, 0 ], [ 0, 0, 0, -1 ] ], 
  [ [ 1, 0, 0, 0 ], [ 0, 1, 0, 0 ], [ 0, 0, 1, 0 ], [ 0, 0, 0, 1 ] ] ]),TheRotSubgroup:=Group([ [ [ -1, 0, 0, 0 ], [ 0, -1, 0, 0 ], [ 0, 0, -1, 0 ], [ 0, 0, 0, -1 ] ], 
  [ [ 1, 0, 0, 0 ], [ 0, 1, 0, 0 ], [ 0, 0, 1, 0 ], [ 0, 0, 0, 1 ] ] ]),BoundaryImage:=rec(ListIFace:=[ 3, 5, 15, 27, 21 ],ListSign:=[ 1, -1, 1, 1, -1 ],ListElt:=[ [ [ -1, 0, 0, 0 ], [ 0, -1, 0, 0 ], [ 0, 0, -1, 0 ], [ 0, 0, 0, -1 ] ], 
  [ [ -2, 0, 1, 0 ], [ 0, -2, 2, 5 ], [ -5, 0, 2, 0 ], [ 2, -1, 0, 2 ] ], 
  [ [ 3, -2, -2, 4 ], [ 52, 3, -28, -18 ], [ -3, -4, 1, 10 ], 
      [ 22, 1, -12, -7 ] ], 
  [ [ 1, 2, -2, -6 ], [ -52, 1, 32, 2 ], [ 11, 3, -9, -10 ], 
      [ -20, 1, 12, -1 ] ], 
  [ [ -1, 1, 0, -2 ], [ -26, -1, 12, 4 ], [ 9, 2, -5, -5 ], [ -14, 1, 6, -1 ] 
     ] ])),rec(TheMatrixStab:=Group([ [ [ -1, 0, 0, 0 ], [ 0, -1, 0, 0 ], [ 0, 0, -1, 0 ], [ 0, 0, 0, -1 ] ], 
  [ [ 1, 0, 0, 0 ], [ 0, 1, 0, 0 ], [ 0, 0, 1, 0 ], [ 0, 0, 0, 1 ] ] ]),TheRotSubgroup:=Group([ [ [ -1, 0, 0, 0 ], [ 0, -1, 0, 0 ], [ 0, 0, -1, 0 ], [ 0, 0, 0, -1 ] ], 
  [ [ 1, 0, 0, 0 ], [ 0, 1, 0, 0 ], [ 0, 0, 1, 0 ], [ 0, 0, 0, 1 ] ] ]),BoundaryImage:=rec(ListIFace:=[ 4, 6, 16, 28, 22 ],ListSign:=[ 1, -1, 1, 1, -1 ],ListElt:=[ [ [ -1, 0, 0, 0 ], [ 0, -1, 0, 0 ], [ 0, 0, -1, 0 ], [ 0, 0, 0, -1 ] ], 
  [ [ -2, 0, -1, 0 ], [ 0, -2, -2, -5 ], [ 5, 0, 2, 0 ], [ -2, 1, 0, 2 ] ], 
  [ [ -3, 2, -2, 4 ], [ -52, -3, -28, -18 ], [ -3, -4, -1, -10 ], 
      [ 22, 1, 12, 7 ] ], 
  [ [ -1, -2, -2, -6 ], [ 52, -1, 32, 2 ], [ 11, 3, 9, 10 ], 
      [ -20, 1, -12, 1 ] ], 
  [ [ 1, -1, 0, -2 ], [ 26, 1, 12, 4 ], [ 9, 2, 5, 5 ], [ -14, 1, -6, 1 ] ] ])),rec(TheMatrixStab:=Group([ [ [ -1, 0, 0, 0 ], [ 0, -1, 0, 0 ], [ 0, 0, -1, 0 ], [ 0, 0, 0, -1 ] ], 
  [ [ 1, 0, 0, 0 ], [ 0, 1, 0, 0 ], [ 0, 0, 1, 0 ], [ 0, 0, 0, 1 ] ] ]),TheRotSubgroup:=Group([ [ [ -1, 0, 0, 0 ], [ 0, -1, 0, 0 ], [ 0, 0, -1, 0 ], [ 0, 0, 0, -1 ] ], 
  [ [ 1, 0, 0, 0 ], [ 0, 1, 0, 0 ], [ 0, 0, 1, 0 ], [ 0, 0, 0, 1 ] ] ]),BoundaryImage:=rec(ListIFace:=[ 5, 23, 7, 29, 16, 30, 24, 15, 8, 6 ],ListSign:=[ 1, 1, -1, -1, -1, -1, 1, -1, -1, 1 ],ListElt:=[ [ [ 1, 0, 0, 0 ], [ 0, 1, 0, 0 ], [ 0, 0, 1, 0 ], [ 0, 0, 0, 1 ] ], 
  [ [ 10, 0, -5, -1 ], [ 0, 10, -4, -23 ], [ 23, -1, -11, 0 ], 
      [ -4, 5, 0, -11 ] ], 
  [ [ -2, 0, 1, 0 ], [ 0, -2, 2, 5 ], [ -5, 0, 2, 0 ], [ 2, -1, 0, 2 ] ], 
  [ [ 21, 1, -13, -4 ], [ -26, 21, -2, -57 ], [ 48, -1, -27, 0 ], 
      [ -14, 10, 0, -27 ] ], 
  [ [ 1, -2, 1, -4 ], [ 52, 1, 26, 13 ], [ -8, -4, -3, -10 ], 
      [ 24, 0, 12, 5 ] ], 
  [ [ 5, -3, 1, -8 ], [ 78, 5, 50, 21 ], [ -4, -7, -7, -20 ], 
      [ 38, 2, 24, 9 ] ], 
  [ [ 15, -8, 5, -15 ], [ 208, 15, 100, 55 ], [ -3, -19, -6, -40 ], 
      [ 100, 7, 48, 26 ] ], 
  [ [ -25, 2, 13, 0 ], [ -52, -25, 26, 65 ], [ -44, 8, 23, -10 ], 
      [ -24, -12, 12, 31 ] ], 
  [ [ -25, 0, -12, -4 ], [ 0, -25, 0, -52 ], [ -52, 4, -25, 0 ], 
      [ 0, -12, 0, -25 ] ], 
  [ [ -25, 0, -12, -4 ], [ 0, -25, 0, -52 ], [ -52, 4, -25, 0 ], 
      [ 0, -12, 0, -25 ] ] ])),rec(TheMatrixStab:=Group([ [ [ -1, 0, 0, 0 ], [ 0, -1, 0, 0 ], [ 0, 0, -1, 0 ], [ 0, 0, 0, -1 ] ], 
  [ [ 1, 0, 0, 0 ], [ 0, 1, 0, 0 ], [ 0, 0, 1, 0 ], [ 0, 0, 0, 1 ] ] ]),TheRotSubgroup:=Group([ [ [ -1, 0, 0, 0 ], [ 0, -1, 0, 0 ], [ 0, 0, -1, 0 ], [ 0, 0, 0, -1 ] ], 
  [ [ 1, 0, 0, 0 ], [ 0, 1, 0, 0 ], [ 0, 0, 1, 0 ], [ 0, 0, 0, 1 ] ] ]),BoundaryImage:=rec(ListIFace:=[ 5, 9, 14, 19, 29, 30, 13, 10, 6, 20 ],ListSign:=[ 1, -1, -1, 1, -1, -1, -1, -1, 1, 1 ],ListElt:=[ [ [ -1, 0, 0, 0 ], [ 0, -1, 0, 0 ], [ 0, 0, -1, 0 ], [ 0, 0, 0, -1 ] ], 
  [ [ -1, 0, 0, 0 ], [ 0, -1, 0, 0 ], [ 0, 0, -1, 0 ], [ 0, 0, 0, -1 ] ], 
  [ [ -1, 0, -1, 0 ], [ 0, -1, -2, -5 ], [ 0, 0, -1, 0 ], [ 0, 0, 0, -1 ] ], 
  [ [ -11, 0, 5, 1 ], [ 0, -11, 4, 23 ], [ -23, 1, 10, 0 ], [ 4, -5, 0, 10 ] ]
    , 
  [ [ -9, 0, 5, 0 ], [ 0, -9, 10, 25 ], [ -20, 0, 11, 0 ], [ 8, -4, 0, 11 ] ],
  [ [ 1, 0, 1, 0 ], [ 0, 1, 2, 5 ], [ 0, 0, 1, 0 ], [ 0, 0, 0, 1 ] ], 
  [ [ -9, 0, 5, 0 ], [ 0, -9, 10, 25 ], [ -20, 0, 11, 0 ], [ 8, -4, 0, 11 ] ],
  [ [ 9, 0, 4, 0 ], [ 0, 9, 8, 20 ], [ 20, 0, 9, 0 ], [ -8, 4, 0, 9 ] ], 
  [ [ 9, 0, 4, 0 ], [ 0, 9, 8, 20 ], [ 20, 0, 9, 0 ], [ -8, 4, 0, 9 ] ], 
  [ [ -7, -4, -5, -9 ], [ 104, -7, 44, -7 ], [ -13, -9, -10, -20 ], 
      [ 52, 1, 24, 6 ] ] ])),rec(TheMatrixStab:=Group([ [ [ -1, 0, 0, 0 ], [ 0, -1, 0, 0 ], [ 0, 0, -1, 0 ], [ 0, 0, 0, -1 ] ], 
  [ [ 1, 0, 0, 0 ], [ 0, 1, 0, 0 ], [ 0, 0, 1, 0 ], [ 0, 0, 0, 1 ] ] ]),TheRotSubgroup:=Group([ [ [ -1, 0, 0, 0 ], [ 0, -1, 0, 0 ], [ 0, 0, -1, 0 ], [ 0, 0, 0, -1 ] ], 
  [ [ 1, 0, 0, 0 ], [ 0, 1, 0, 0 ], [ 0, 0, 1, 0 ], [ 0, 0, 0, 1 ] ] ]),BoundaryImage:=rec(ListIFace:=[ 11, 16, 13, 14, 12, 15 ],ListSign:=[ 1, 1, -1, -1, 1, 1 ],ListElt:=[ [ [ -1, 0, 0, 0 ], [ 0, -1, 0, 0 ], [ 0, 0, -1, 0 ], [ 0, 0, 0, -1 ] ], 
  [ [ -3, 1, -2, 2 ], [ -26, -3, -16, -14 ], [ -1, 2, -1, 5 ], 
      [ -10, -1, -6, -5 ] ], 
  [ [ -1, 0, 0, 0 ], [ 0, -1, 0, 0 ], [ 0, 0, -1, 0 ], [ 0, 0, 0, -1 ] ], 
  [ [ 9, 1, 6, 4 ], [ -26, 9, -12, 22 ], [ 17, 1, 11, 5 ], [ -12, 3, -6, 7 ] ]
    , [ [ 5, -1, 4, -2 ], [ 26, 5, 20, 24 ], [ 6, -2, 5, -5 ], [ 8, 2, 6, 9 ] 
     ], 
  [ [ 7, 2, -4, -6 ], [ -52, 7, 28, -8 ], [ 16, 3, -9, -10 ], 
      [ -22, 2, 12, -1 ] ] ])),rec(TheMatrixStab:=Group([ [ [ -1, 0, 0, 0 ], [ 0, -1, 0, 0 ], [ 0, 0, -1, 0 ], [ 0, 0, 0, -1 ] ], 
  [ [ 1, 0, 0, 0 ], [ 0, 1, 0, 0 ], [ 0, 0, 1, 0 ], [ 0, 0, 0, 1 ] ] ]),TheRotSubgroup:=Group([ [ [ -1, 0, 0, 0 ], [ 0, -1, 0, 0 ], [ 0, 0, -1, 0 ], [ 0, 0, 0, -1 ] ], 
  [ [ 1, 0, 0, 0 ], [ 0, 1, 0, 0 ], [ 0, 0, 1, 0 ], [ 0, 0, 0, 1 ] ] ]),BoundaryImage:=rec(ListIFace:=[ 17, 20, 18, 19 ],ListSign:=[ 1, -1, 1, -1 ],ListElt:=[ [ [ 1, 0, 0, 0 ], [ 0, 1, 0, 0 ], [ 0, 0, 1, 0 ], [ 0, 0, 0, 1 ] ], 
  [ [ 19, -2, 7, -3 ], [ 52, 19, 32, 41 ], [ 38, -6, 13, -10 ], 
      [ 16, 10, 12, 21 ] ], 
  [ [ 36, 0, 17, 3 ], [ 0, 36, 16, 79 ], [ 79, -3, 36, 0 ], 
      [ -16, 17, 0, 36 ] ], 
  [ [ 1, 0, 0, 0 ], [ 0, 1, 0, 0 ], [ 0, 0, 1, 0 ], [ 0, 0, 0, 1 ] ] ])),rec(TheMatrixStab:=Group([ [ [ -1, 0, 0, 0 ], [ 0, -1, 0, 0 ], [ 0, 0, -1, 0 ], [ 0, 0, 0, -1 ] ], 
  [ [ 1, 0, 0, 0 ], [ 0, 1, 0, 0 ], [ 0, 0, 1, 0 ], [ 0, 0, 0, 1 ] ] ]),TheRotSubgroup:=Group([ [ [ -1, 0, 0, 0 ], [ 0, -1, 0, 0 ], [ 0, 0, -1, 0 ], [ 0, 0, 0, -1 ] ], 
  [ [ 1, 0, 0, 0 ], [ 0, 1, 0, 0 ], [ 0, 0, 1, 0 ], [ 0, 0, 0, 1 ] ] ]),BoundaryImage:=rec(ListIFace:=[ 17, 31, 21, 22, 31, 18 ],ListSign:=[ 1, 1, -1, -1, -1, 1 ],ListElt:=[ [ [ -1, 0, 0, 0 ], [ 0, -1, 0, 0 ], [ 0, 0, -1, 0 ], [ 0, 0, 0, -1 ] ], 
  [ [ -49, -29, 35, 68 ], [ 754, -49, -338, 39 ], [ -173, -59, 106, 145 ], 
      [ 376, -11, -174, -10 ] ], 
  [ [ 1, 0, 0, 0 ], [ 0, 1, 0, 0 ], [ 0, 0, 1, 0 ], [ 0, 0, 0, 1 ] ], 
  [ [ -101, 0, -48, -10 ], [ 0, -101, -36, -220 ], [ -220, 10, -101, 0 ], 
      [ 36, -48, 0, -101 ] ], 
  [ [ -115, 33, 41, -62 ], [ -858, -115, 454, 329 ], [ -157, 84, 40, -170 ], 
      [ -374, -65, 204, 176 ] ], 
  [ [ -101, 0, -48, -10 ], [ 0, -101, -36, -220 ], [ -220, 10, -101, 0 ], 
      [ 36, -48, 0, -101 ] ] ])),rec(TheMatrixStab:=Group([ [ [ -1, 0, 0, 0 ], [ 0, -1, 0, 0 ], [ 0, 0, -1, 0 ], [ 0, 0, 0, -1 ] ], 
  [ [ 1, 0, 0, 0 ], [ 0, 1, 0, 0 ], [ 0, 0, 1, 0 ], [ 0, 0, 0, 1 ] ] ]),TheRotSubgroup:=Group([ [ [ -1, 0, 0, 0 ], [ 0, -1, 0, 0 ], [ 0, 0, -1, 0 ], [ 0, 0, 0, -1 ] ], 
  [ [ 1, 0, 0, 0 ], [ 0, 1, 0, 0 ], [ 0, 0, 1, 0 ], [ 0, 0, 0, 1 ] ] ]),BoundaryImage:=rec(ListIFace:=[ 21, 23, 22, 24 ],ListSign:=[ 1, -1, 1, -1 ],ListElt:=[ [ [ -1, 0, 0, 0 ], [ 0, -1, 0, 0 ], [ 0, 0, -1, 0 ], [ 0, 0, 0, -1 ] ], 
  [ [ 10, 0, -5, -1 ], [ 0, 10, -4, -23 ], [ 23, -1, -11, 0 ], 
      [ -4, 5, 0, -11 ] ], 
  [ [ 44, 0, 21, 5 ], [ 0, 44, 12, 95 ], [ 95, -5, 44, 0 ], 
      [ -12, 21, 0, 44 ] ], 
  [ [ 44, 0, 21, 5 ], [ 0, 44, 12, 95 ], [ 95, -5, 44, 0 ], 
      [ -12, 21, 0, 44 ] ] ])),rec(TheMatrixStab:=Group([ [ [ -1, 0, 0, 0 ], [ 0, -1, 0, 0 ], [ 0, 0, -1, 0 ], [ 0, 0, 0, -1 ] ], 
  [ [ 1, 0, 0, 0 ], [ 0, 1, 0, 0 ], [ 0, 0, 1, 0 ], [ 0, 0, 0, 1 ] ] ]),TheRotSubgroup:=Group([ [ [ -1, 0, 0, 0 ], [ 0, -1, 0, 0 ], [ 0, 0, -1, 0 ], [ 0, 0, 0, -1 ] ], 
  [ [ 1, 0, 0, 0 ], [ 0, 1, 0, 0 ], [ 0, 0, 1, 0 ], [ 0, 0, 0, 1 ] ] ]),BoundaryImage:=rec(ListIFace:=[ 25, 30, 26, 29 ],ListSign:=[ 1, -1, 1, -1 ],ListElt:=[ [ [ -1, 0, 0, 0 ], [ 0, -1, 0, 0 ], [ 0, 0, -1, 0 ], [ 0, 0, 0, -1 ] ], 
  [ [ -7, 2, -2, 5 ], [ -52, -7, -34, -20 ], [ -12, 4, -3, 10 ], 
      [ -16, -4, -12, -11 ] ], 
  [ [ 7, -2, 2, -5 ], [ 52, 7, 34, 20 ], [ 12, -4, 3, -10 ], 
      [ 16, 4, 12, 11 ] ], 
  [ [ -1, 0, 0, 0 ], [ 0, -1, 0, 0 ], [ 0, 0, -1, 0 ], [ 0, 0, 0, -1 ] ] ])),rec(TheMatrixStab:=Group([ [ [ -1, 0, 0, 0 ], [ 0, -1, 0, 0 ], [ 0, 0, -1, 0 ], [ 0, 0, 0, -1 ] ], 
  [ [ 1, 0, 0, 0 ], [ 0, 1, 0, 0 ], [ 0, 0, 1, 0 ], [ 0, 0, 0, 1 ] ] ]),TheRotSubgroup:=Group([ [ [ -1, 0, 0, 0 ], [ 0, -1, 0, 0 ], [ 0, 0, -1, 0 ], [ 0, 0, 0, -1 ] ], 
  [ [ 1, 0, 0, 0 ], [ 0, 1, 0, 0 ], [ 0, 0, 1, 0 ], [ 0, 0, 0, 1 ] ] ]),BoundaryImage:=rec(ListIFace:=[ 27, 30, 28, 29 ],ListSign:=[ 1, -1, 1, -1 ],ListElt:=[ [ [ 1, 0, 0, 0 ], [ 0, 1, 0, 0 ], [ 0, 0, 1, 0 ], [ 0, 0, 0, 1 ] ], 
  [ [ 5, 3, 6, 9 ], [ -78, 5, -42, 12 ], [ 10, 5, 11, 15 ], 
      [ -30, 0, -18, -1 ] ], 
  [ [ 5, 3, 6, 9 ], [ -78, 5, -42, 12 ], [ 10, 5, 11, 15 ], 
      [ -30, 0, -18, -1 ] ], 
  [ [ 1, 0, 0, 0 ], [ 0, 1, 0, 0 ], [ 0, 0, 1, 0 ], [ 0, 0, 0, 1 ] ] ]))]];