HAP_GCOMPLEX_SETUP:=[false]; 
HAP_GCOMPLEX_LIST:=[[rec(TheMatrixStab:=Group([ [ [ -2, 0, 0, 1 ], [ 0, -2, -3, 1 ], [ -1, 1, 1, 0 ], [ -3, 0, 0, 1 ] ], 
  [ [ -2, 0, 1, 1 ], [ 0, -2, -3, 2 ], [ -2, 1, 2, 0 ], [ -3, -1, 0, 2 ] ], 
  [ [ -2, 1, 2, 0 ], [ -3, -1, 0, 2 ], [ 0, 1, 1, -1 ], [ -3, 1, 3, 0 ] ], 
  [ [ -1, -1, -1, 1 ], [ 3, -2, -3, 0 ], [ -2, 0, 0, 1 ], [ 0, -2, -3, 1 ] ], 
  [ [ -1, 0, 0, 0 ], [ 0, -1, 0, 0 ], [ 0, 0, -1, 0 ], [ 0, 0, 0, -1 ] ], 
  [ [ -1, 0, 0, 1 ], [ 0, -1, -3, 1 ], [ -1, 1, 2, 0 ], [ -3, 0, 0, 2 ] ], 
  [ [ -1, 0, 1, 0 ], [ 0, -1, 0, 1 ], [ -1, 0, 0, 0 ], [ 0, -1, 0, 0 ] ], 
  [ [ -1, 1, 1, 0 ], [ -3, 0, 0, 1 ], [ 1, 1, 1, -1 ], [ -3, 2, 3, 0 ] ], 
  [ [ -1, 1, 2, 0 ], [ -3, 0, 0, 2 ], [ 0, 1, 2, -1 ], [ -3, 1, 3, 1 ] ], 
  [ [ 0, -1, -2, 1 ], [ 3, -1, -3, -1 ], [ -1, 0, 0, 1 ], [ 0, -1, -3, 1 ] ], 
  [ [ 0, -1, -1, 1 ], [ 3, -1, -3, 0 ], [ -2, 0, 1, 1 ], [ 0, -2, -3, 2 ] ], 
  [ [ 0, 0, -1, 0 ], [ 0, 0, 0, -1 ], [ 1, 0, -1, 0 ], [ 0, 1, 0, -1 ] ], 
  [ [ 0, 0, 1, 0 ], [ 0, 0, 0, 1 ], [ -1, 0, 1, 0 ], [ 0, -1, 0, 1 ] ], 
  [ [ 0, 1, 1, -1 ], [ -3, 1, 3, 0 ], [ 2, 0, -1, -1 ], [ 0, 2, 3, -2 ] ], 
  [ [ 0, 1, 2, -1 ], [ -3, 1, 3, 1 ], [ 1, 0, 0, -1 ], [ 0, 1, 3, -1 ] ], 
  [ [ 1, -1, -2, 0 ], [ 3, 0, 0, -2 ], [ 0, -1, -2, 1 ], [ 3, -1, -3, -1 ] ], 
  [ [ 1, -1, -1, 0 ], [ 3, 0, 0, -1 ], [ -1, -1, -1, 1 ], [ 3, -2, -3, 0 ] ], 
  [ [ 1, 0, -1, 0 ], [ 0, 1, 0, -1 ], [ 1, 0, 0, 0 ], [ 0, 1, 0, 0 ] ], 
  [ [ 1, 0, 0, -1 ], [ 0, 1, 3, -1 ], [ 1, -1, -2, 0 ], [ 3, 0, 0, -2 ] ], 
  [ [ 1, 0, 0, 0 ], [ 0, 1, 0, 0 ], [ 0, 0, 1, 0 ], [ 0, 0, 0, 1 ] ], 
  [ [ 1, 1, 1, -1 ], [ -3, 2, 3, 0 ], [ 2, 0, 0, -1 ], [ 0, 2, 3, -1 ] ], 
  [ [ 2, -1, -2, 0 ], [ 3, 1, 0, -2 ], [ 0, -1, -1, 1 ], [ 3, -1, -3, 0 ] ], 
  [ [ 2, 0, -1, -1 ], [ 0, 2, 3, -2 ], [ 2, -1, -2, 0 ], [ 3, 1, 0, -2 ] ], 
  [ [ 2, 0, 0, -1 ], [ 0, 2, 3, -1 ], [ 1, -1, -1, 0 ], [ 3, 0, 0, -1 ] ] ]),TheRotSubgroup:=Group([ [ [ -2, 0, 0, 1 ], [ 0, -2, -3, 1 ], [ -1, 1, 1, 0 ], [ -3, 0, 0, 1 ] ], 
  [ [ -2, 0, 1, 1 ], [ 0, -2, -3, 2 ], [ -2, 1, 2, 0 ], [ -3, -1, 0, 2 ] ], 
  [ [ -2, 1, 2, 0 ], [ -3, -1, 0, 2 ], [ 0, 1, 1, -1 ], [ -3, 1, 3, 0 ] ], 
  [ [ -1, -1, -1, 1 ], [ 3, -2, -3, 0 ], [ -2, 0, 0, 1 ], [ 0, -2, -3, 1 ] ], 
  [ [ -1, 0, 0, 0 ], [ 0, -1, 0, 0 ], [ 0, 0, -1, 0 ], [ 0, 0, 0, -1 ] ], 
  [ [ -1, 0, 0, 1 ], [ 0, -1, -3, 1 ], [ -1, 1, 2, 0 ], [ -3, 0, 0, 2 ] ], 
  [ [ -1, 0, 1, 0 ], [ 0, -1, 0, 1 ], [ -1, 0, 0, 0 ], [ 0, -1, 0, 0 ] ], 
  [ [ -1, 1, 1, 0 ], [ -3, 0, 0, 1 ], [ 1, 1, 1, -1 ], [ -3, 2, 3, 0 ] ], 
  [ [ -1, 1, 2, 0 ], [ -3, 0, 0, 2 ], [ 0, 1, 2, -1 ], [ -3, 1, 3, 1 ] ], 
  [ [ 0, -1, -2, 1 ], [ 3, -1, -3, -1 ], [ -1, 0, 0, 1 ], [ 0, -1, -3, 1 ] ], 
  [ [ 0, -1, -1, 1 ], [ 3, -1, -3, 0 ], [ -2, 0, 1, 1 ], [ 0, -2, -3, 2 ] ], 
  [ [ 0, 0, -1, 0 ], [ 0, 0, 0, -1 ], [ 1, 0, -1, 0 ], [ 0, 1, 0, -1 ] ], 
  [ [ 0, 0, 1, 0 ], [ 0, 0, 0, 1 ], [ -1, 0, 1, 0 ], [ 0, -1, 0, 1 ] ], 
  [ [ 0, 1, 1, -1 ], [ -3, 1, 3, 0 ], [ 2, 0, -1, -1 ], [ 0, 2, 3, -2 ] ], 
  [ [ 0, 1, 2, -1 ], [ -3, 1, 3, 1 ], [ 1, 0, 0, -1 ], [ 0, 1, 3, -1 ] ], 
  [ [ 1, -1, -2, 0 ], [ 3, 0, 0, -2 ], [ 0, -1, -2, 1 ], [ 3, -1, -3, -1 ] ], 
  [ [ 1, -1, -1, 0 ], [ 3, 0, 0, -1 ], [ -1, -1, -1, 1 ], [ 3, -2, -3, 0 ] ], 
  [ [ 1, 0, -1, 0 ], [ 0, 1, 0, -1 ], [ 1, 0, 0, 0 ], [ 0, 1, 0, 0 ] ], 
  [ [ 1, 0, 0, -1 ], [ 0, 1, 3, -1 ], [ 1, -1, -2, 0 ], [ 3, 0, 0, -2 ] ], 
  [ [ 1, 0, 0, 0 ], [ 0, 1, 0, 0 ], [ 0, 0, 1, 0 ], [ 0, 0, 0, 1 ] ], 
  [ [ 1, 1, 1, -1 ], [ -3, 2, 3, 0 ], [ 2, 0, 0, -1 ], [ 0, 2, 3, -1 ] ], 
  [ [ 2, -1, -2, 0 ], [ 3, 1, 0, -2 ], [ 0, -1, -1, 1 ], [ 3, -1, -3, 0 ] ], 
  [ [ 2, 0, -1, -1 ], [ 0, 2, 3, -2 ], [ 2, -1, -2, 0 ], [ 3, 1, 0, -2 ] ], 
  [ [ 2, 0, 0, -1 ], [ 0, 2, 3, -1 ], [ 1, -1, -1, 0 ], [ 3, 0, 0, -1 ] ] ]),BoundaryImage:=rec(ListIFace:=[  ],ListSign:=[  ],ListElt:=[  ]))],[rec(TheMatrixStab:=Group([ [ [ -7, 2, 6, 1 ], [ -6, -5, -3, 7 ], [ -4, 4, 7, -2 ], [ -12, 0, 6, 5 ] ], 
  [ [ -5, -2, 0, 4 ], [ 6, -7, -12, 4 ], [ -7, 1, 5, 2 ], [ -3, -6, -6, 7 ] ],
  [ [ -2, 0, 0, 1 ], [ 0, -2, -3, 1 ], [ -1, 1, 1, 0 ], [ -3, 0, 0, 1 ] ], 
  [ [ -2, 4, 6, -3 ], [ -12, 2, 9, 3 ], [ 3, 3, 2, -4 ], [ -9, 6, 12, -2 ] ], 
  [ [ -1, 0, 0, 0 ], [ 0, -1, 0, 0 ], [ 0, 0, -1, 0 ], [ 0, 0, 0, -1 ] ], 
  [ [ -1, 0, 0, 1 ], [ 0, -1, -3, 1 ], [ -1, 1, 2, 0 ], [ -3, 0, 0, 2 ] ], 
  [ [ 1, 0, 0, -1 ], [ 0, 1, 3, -1 ], [ 1, -1, -2, 0 ], [ 3, 0, 0, -2 ] ], 
  [ [ 1, 0, 0, 0 ], [ 0, 1, 0, 0 ], [ 0, 0, 1, 0 ], [ 0, 0, 0, 1 ] ], 
  [ [ 2, -4, -6, 3 ], [ 12, -2, -9, -3 ], [ -3, -3, -2, 4 ], 
      [ 9, -6, -12, 2 ] ], 
  [ [ 2, 0, 0, -1 ], [ 0, 2, 3, -1 ], [ 1, -1, -1, 0 ], [ 3, 0, 0, -1 ] ], 
  [ [ 5, 2, 0, -4 ], [ -6, 7, 12, -4 ], [ 7, -1, -5, -2 ], [ 3, 6, 6, -7 ] ], 
  [ [ 7, -2, -6, -1 ], [ 6, 5, 3, -7 ], [ 4, -4, -7, 2 ], [ 12, 0, -6, -5 ] ] 
 ]),TheRotSubgroup:=Group([ [ [ -2, 0, 0, 1 ], [ 0, -2, -3, 1 ], [ -1, 1, 1, 0 ], [ -3, 0, 0, 1 ] ], 
  [ [ -1, 0, 0, 0 ], [ 0, -1, 0, 0 ], [ 0, 0, -1, 0 ], [ 0, 0, 0, -1 ] ], 
  [ [ -1, 0, 0, 1 ], [ 0, -1, -3, 1 ], [ -1, 1, 2, 0 ], [ -3, 0, 0, 2 ] ], 
  [ [ 1, 0, 0, -1 ], [ 0, 1, 3, -1 ], [ 1, -1, -2, 0 ], [ 3, 0, 0, -2 ] ], 
  [ [ 1, 0, 0, 0 ], [ 0, 1, 0, 0 ], [ 0, 0, 1, 0 ], [ 0, 0, 0, 1 ] ], 
  [ [ 2, 0, 0, -1 ], [ 0, 2, 3, -1 ], [ 1, -1, -1, 0 ], [ 3, 0, 0, -1 ] ] ]),BoundaryImage:=rec(ListIFace:=[ 1, 1 ],ListSign:=[ -1, 1 ],ListElt:=[ [ [ 0, 4, 5, -2 ], [ -12, 4, 6, 3 ], [ 5, 2, 2, -3 ], [ -6, 7, 9, -1 ] ], 
  [ [ 1, -1, -1, 0 ], [ 3, 0, 0, -1 ], [ -1, -1, -1, 1 ], [ 3, -2, -3, 0 ] ] ])),rec(TheMatrixStab:=Group([ [ [ -4, 0, 1, 2 ], [ 0, -4, -6, 3 ], [ -3, 2, 4, 0 ], [ -6, -1, 0, 4 ] ], 
  [ [ -3, 2, 4, 0 ], [ -6, -1, 0, 4 ], [ 1, 2, 3, -2 ], [ -6, 3, 6, 1 ] ], 
  [ [ -1, -2, -3, 2 ], [ 6, -3, -6, -1 ], [ -4, 0, 1, 2 ], [ 0, -4, -6, 3 ] ],
  [ [ -1, 0, 0, 0 ], [ 0, -1, 0, 0 ], [ 0, 0, -1, 0 ], [ 0, 0, 0, -1 ] ], 
  [ [ -1, 0, 1, 0 ], [ 0, -1, 0, 1 ], [ -1, 0, 0, 0 ], [ 0, -1, 0, 0 ] ], 
  [ [ 0, 0, -1, 0 ], [ 0, 0, 0, -1 ], [ 1, 0, -1, 0 ], [ 0, 1, 0, -1 ] ], 
  [ [ 0, 0, 1, 0 ], [ 0, 0, 0, 1 ], [ -1, 0, 1, 0 ], [ 0, -1, 0, 1 ] ], 
  [ [ 1, 0, -1, 0 ], [ 0, 1, 0, -1 ], [ 1, 0, 0, 0 ], [ 0, 1, 0, 0 ] ], 
  [ [ 1, 0, 0, 0 ], [ 0, 1, 0, 0 ], [ 0, 0, 1, 0 ], [ 0, 0, 0, 1 ] ], 
  [ [ 1, 2, 3, -2 ], [ -6, 3, 6, 1 ], [ 4, 0, -1, -2 ], [ 0, 4, 6, -3 ] ], 
  [ [ 3, -2, -4, 0 ], [ 6, 1, 0, -4 ], [ -1, -2, -3, 2 ], [ 6, -3, -6, -1 ] ],
  [ [ 4, 0, -1, -2 ], [ 0, 4, 6, -3 ], [ 3, -2, -4, 0 ], [ 6, 1, 0, -4 ] ] ]),TheRotSubgroup:=Group([ [ [ -1, 0, 0, 0 ], [ 0, -1, 0, 0 ], [ 0, 0, -1, 0 ], [ 0, 0, 0, -1 ] ], 
  [ [ -1, 0, 1, 0 ], [ 0, -1, 0, 1 ], [ -1, 0, 0, 0 ], [ 0, -1, 0, 0 ] ], 
  [ [ 0, 0, -1, 0 ], [ 0, 0, 0, -1 ], [ 1, 0, -1, 0 ], [ 0, 1, 0, -1 ] ], 
  [ [ 0, 0, 1, 0 ], [ 0, 0, 0, 1 ], [ -1, 0, 1, 0 ], [ 0, -1, 0, 1 ] ], 
  [ [ 1, 0, -1, 0 ], [ 0, 1, 0, -1 ], [ 1, 0, 0, 0 ], [ 0, 1, 0, 0 ] ], 
  [ [ 1, 0, 0, 0 ], [ 0, 1, 0, 0 ], [ 0, 0, 1, 0 ], [ 0, 0, 0, 1 ] ] ]),BoundaryImage:=rec(ListIFace:=[ 1, 1 ],ListSign:=[ -1, 1 ],ListElt:=[ [ [ 1, 1, 1, -2 ], [ -3, 2, 6, -1 ], [ 2, 0, -2, -1 ], [ 0, 2, 3, -3 ] ], 
  [ [ -1, 1, 1, 0 ], [ -3, 0, 0, 1 ], [ 1, 1, 1, -1 ], [ -3, 2, 3, 0 ] ] ]))],[rec(TheMatrixStab:=Group([ [ [ -9, 0, 4, 4 ], [ 0, -9, -12, 8 ], [ -8, 4, 9, 0 ], [ -12, -4, 0, 9 ] ], 
  [ [ -6, 0, 2, 3 ], [ 0, -6, -9, 5 ], [ -5, 3, 6, 0 ], [ -9, -2, 0, 6 ] ], 
  [ [ -2, 4, 6, -3 ], [ -12, 2, 9, 3 ], [ 3, 3, 2, -4 ], [ -9, 6, 12, -2 ] ], 
  [ [ -1, 0, 0, 0 ], [ 0, -1, 0, 0 ], [ 0, 0, -1, 0 ], [ 0, 0, 0, -1 ] ], 
  [ [ 1, 0, 0, 0 ], [ 0, 1, 0, 0 ], [ 0, 0, 1, 0 ], [ 0, 0, 0, 1 ] ], 
  [ [ 2, -4, -6, 3 ], [ 12, -2, -9, -3 ], [ -3, -3, -2, 4 ], 
      [ 9, -6, -12, 2 ] ], 
  [ [ 6, 0, -2, -3 ], [ 0, 6, 9, -5 ], [ 5, -3, -6, 0 ], [ 9, 2, 0, -6 ] ], 
  [ [ 9, 0, -4, -4 ], [ 0, 9, 12, -8 ], [ 8, -4, -9, 0 ], [ 12, 4, 0, -9 ] ] ]),TheRotSubgroup:=Group([ [ [ -9, 0, 4, 4 ], [ 0, -9, -12, 8 ], [ -8, 4, 9, 0 ], [ -12, -4, 0, 9 ] ], 
  [ [ -1, 0, 0, 0 ], [ 0, -1, 0, 0 ], [ 0, 0, -1, 0 ], [ 0, 0, 0, -1 ] ], 
  [ [ 1, 0, 0, 0 ], [ 0, 1, 0, 0 ], [ 0, 0, 1, 0 ], [ 0, 0, 0, 1 ] ], 
  [ [ 9, 0, -4, -4 ], [ 0, 9, 12, -8 ], [ 8, -4, -9, 0 ], [ 12, 4, 0, -9 ] ] ]),BoundaryImage:=rec(ListIFace:=[ 1, 2, 2, 2, 2, 1 ],ListSign:=[ 1, 1, -1, -1, -1, -1 ],ListElt:=[ [ [ 5, 2, 0, -4 ], [ -6, 7, 12, -4 ], [ 7, -1, -5, -2 ], [ 3, 6, 6, -7 ] ], 
  [ [ 1, 0, 0, 0 ], [ 0, 1, 0, 0 ], [ 0, 0, 1, 0 ], [ 0, 0, 0, 1 ] ], 
  [ [ -2, -3, -4, 3 ], [ 9, -5, -9, -1 ], [ -6, 0, 1, 3 ], [ 0, -6, -9, 4 ] ],
  [ [ 4, 1, 2, -4 ], [ -3, 5, 12, -2 ], [ 5, -1, -3, -3 ], [ 3, 4, 9, -6 ] ], 
  [ [ 0, -4, -7, 2 ], [ 12, -4, -6, -5 ], [ -5, -2, -4, 4 ], 
      [ 6, -7, -12, 0 ] ], 
  [ [ -9, 0, 4, 4 ], [ 0, -9, -12, 8 ], [ -8, 4, 9, 0 ], [ -12, -4, 0, 9 ] ] ]))]];