HAP_GCOMPLEX_SETUP:=[false]; 
HAP_GCOMPLEX_LIST:=[[rec(TheMatrixStab:=Group([ [ [ -2, 0, 0, 1 ], [ 0, -2, -3, 1 ], [ -1, 1, 1, 0 ], [ -3, 0, 0, 1 ] ], 
  [ [ -2, 0, 1, 1 ], [ 0, -2, -3, 2 ], [ -2, 1, 2, 0 ], [ -3, -1, 0, 2 ] ], 
  [ [ -2, 1, 2, 0 ], [ -3, -1, 0, 2 ], [ 0, 1, 1, -1 ], [ -3, 1, 3, 0 ] ], 
  [ [ -1, -1, -1, 1 ], [ 3, -2, -3, 0 ], [ -2, 0, 0, 1 ], [ 0, -2, -3, 1 ] ], 
  [ [ -1, 0, 0, 0 ], [ 0, -1, 0, 0 ], [ 0, 0, -1, 0 ], [ 0, 0, 0, -1 ] ], 
  [ [ -1, 0, 0, 1 ], [ 0, -1, -3, 1 ], [ -1, 1, 2, 0 ], [ -3, 0, 0, 2 ] ], 
  [ [ -1, 0, 1, 0 ], [ 0, -1, 0, 1 ], [ -1, 0, 0, 0 ], [ 0, -1, 0, 0 ] ], 
  [ [ -1, 1, 1, 0 ], [ -3, 0, 0, 1 ], [ 1, 1, 1, -1 ], [ -3, 2, 3, 0 ] ], 
  [ [ -1, 1, 2, 0 ], [ -3, 0, 0, 2 ], [ 0, 1, 2, -1 ], [ -3, 1, 3, 1 ] ], 
  [ [ 0, -1, -2, 1 ], [ 3, -1, -3, -1 ], [ -1, 0, 0, 1 ], [ 0, -1, -3, 1 ] ], 
  [ [ 0, -1, -1, 1 ], [ 3, -1, -3, 0 ], [ -2, 0, 1, 1 ], [ 0, -2, -3, 2 ] ], 
  [ [ 0, 0, -1, 0 ], [ 0, 0, 0, -1 ], [ 1, 0, -1, 0 ], [ 0, 1, 0, -1 ] ], 
  [ [ 0, 0, 1, 0 ], [ 0, 0, 0, 1 ], [ -1, 0, 1, 0 ], [ 0, -1, 0, 1 ] ], 
  [ [ 0, 1, 1, -1 ], [ -3, 1, 3, 0 ], [ 2, 0, -1, -1 ], [ 0, 2, 3, -2 ] ], 
  [ [ 0, 1, 2, -1 ], [ -3, 1, 3, 1 ], [ 1, 0, 0, -1 ], [ 0, 1, 3, -1 ] ], 
  [ [ 1, -1, -2, 0 ], [ 3, 0, 0, -2 ], [ 0, -1, -2, 1 ], [ 3, -1, -3, -1 ] ], 
  [ [ 1, -1, -1, 0 ], [ 3, 0, 0, -1 ], [ -1, -1, -1, 1 ], [ 3, -2, -3, 0 ] ], 
  [ [ 1, 0, -1, 0 ], [ 0, 1, 0, -1 ], [ 1, 0, 0, 0 ], [ 0, 1, 0, 0 ] ], 
  [ [ 1, 0, 0, -1 ], [ 0, 1, 3, -1 ], [ 1, -1, -2, 0 ], [ 3, 0, 0, -2 ] ], 
  [ [ 1, 0, 0, 0 ], [ 0, 1, 0, 0 ], [ 0, 0, 1, 0 ], [ 0, 0, 0, 1 ] ], 
  [ [ 1, 1, 1, -1 ], [ -3, 2, 3, 0 ], [ 2, 0, 0, -1 ], [ 0, 2, 3, -1 ] ], 
  [ [ 2, -1, -2, 0 ], [ 3, 1, 0, -2 ], [ 0, -1, -1, 1 ], [ 3, -1, -3, 0 ] ], 
  [ [ 2, 0, -1, -1 ], [ 0, 2, 3, -2 ], [ 2, -1, -2, 0 ], [ 3, 1, 0, -2 ] ], 
  [ [ 2, 0, 0, -1 ], [ 0, 2, 3, -1 ], [ 1, -1, -1, 0 ], [ 3, 0, 0, -1 ] ] ]),TheRotSubgroup:=Group([ [ [ -2, 0, 0, 1 ], [ 0, -2, -3, 1 ], [ -1, 1, 1, 0 ], [ -3, 0, 0, 1 ] ], 
  [ [ -2, 0, 1, 1 ], [ 0, -2, -3, 2 ], [ -2, 1, 2, 0 ], [ -3, -1, 0, 2 ] ], 
  [ [ -2, 1, 2, 0 ], [ -3, -1, 0, 2 ], [ 0, 1, 1, -1 ], [ -3, 1, 3, 0 ] ], 
  [ [ -1, -1, -1, 1 ], [ 3, -2, -3, 0 ], [ -2, 0, 0, 1 ], [ 0, -2, -3, 1 ] ], 
  [ [ -1, 0, 0, 0 ], [ 0, -1, 0, 0 ], [ 0, 0, -1, 0 ], [ 0, 0, 0, -1 ] ], 
  [ [ -1, 0, 0, 1 ], [ 0, -1, -3, 1 ], [ -1, 1, 2, 0 ], [ -3, 0, 0, 2 ] ], 
  [ [ -1, 0, 1, 0 ], [ 0, -1, 0, 1 ], [ -1, 0, 0, 0 ], [ 0, -1, 0, 0 ] ], 
  [ [ -1, 1, 1, 0 ], [ -3, 0, 0, 1 ], [ 1, 1, 1, -1 ], [ -3, 2, 3, 0 ] ], 
  [ [ -1, 1, 2, 0 ], [ -3, 0, 0, 2 ], [ 0, 1, 2, -1 ], [ -3, 1, 3, 1 ] ], 
  [ [ 0, -1, -2, 1 ], [ 3, -1, -3, -1 ], [ -1, 0, 0, 1 ], [ 0, -1, -3, 1 ] ], 
  [ [ 0, -1, -1, 1 ], [ 3, -1, -3, 0 ], [ -2, 0, 1, 1 ], [ 0, -2, -3, 2 ] ], 
  [ [ 0, 0, -1, 0 ], [ 0, 0, 0, -1 ], [ 1, 0, -1, 0 ], [ 0, 1, 0, -1 ] ], 
  [ [ 0, 0, 1, 0 ], [ 0, 0, 0, 1 ], [ -1, 0, 1, 0 ], [ 0, -1, 0, 1 ] ], 
  [ [ 0, 1, 1, -1 ], [ -3, 1, 3, 0 ], [ 2, 0, -1, -1 ], [ 0, 2, 3, -2 ] ], 
  [ [ 0, 1, 2, -1 ], [ -3, 1, 3, 1 ], [ 1, 0, 0, -1 ], [ 0, 1, 3, -1 ] ], 
  [ [ 1, -1, -2, 0 ], [ 3, 0, 0, -2 ], [ 0, -1, -2, 1 ], [ 3, -1, -3, -1 ] ], 
  [ [ 1, -1, -1, 0 ], [ 3, 0, 0, -1 ], [ -1, -1, -1, 1 ], [ 3, -2, -3, 0 ] ], 
  [ [ 1, 0, -1, 0 ], [ 0, 1, 0, -1 ], [ 1, 0, 0, 0 ], [ 0, 1, 0, 0 ] ], 
  [ [ 1, 0, 0, -1 ], [ 0, 1, 3, -1 ], [ 1, -1, -2, 0 ], [ 3, 0, 0, -2 ] ], 
  [ [ 1, 0, 0, 0 ], [ 0, 1, 0, 0 ], [ 0, 0, 1, 0 ], [ 0, 0, 0, 1 ] ], 
  [ [ 1, 1, 1, -1 ], [ -3, 2, 3, 0 ], [ 2, 0, 0, -1 ], [ 0, 2, 3, -1 ] ], 
  [ [ 2, -1, -2, 0 ], [ 3, 1, 0, -2 ], [ 0, -1, -1, 1 ], [ 3, -1, -3, 0 ] ], 
  [ [ 2, 0, -1, -1 ], [ 0, 2, 3, -2 ], [ 2, -1, -2, 0 ], [ 3, 1, 0, -2 ] ], 
  [ [ 2, 0, 0, -1 ], [ 0, 2, 3, -1 ], [ 1, -1, -1, 0 ], [ 3, 0, 0, -1 ] ] ]),BoundaryImage:=rec(ListIFace:=[  ],ListSign:=[  ],ListElt:=[  ])),rec(TheMatrixStab:=Group([ [ [ -22, 0, 11, 9 ], [ 0, -22, -27, 20 ], [ -20, 9, 21, 0 ], 
      [ -27, -11, 0, 21 ] ], 
  [ [ -21, 0, 11, 9 ], [ 0, -21, -27, 20 ], [ -20, 9, 22, 0 ], 
      [ -27, -11, 0, 22 ] ], 
  [ [ -20, 0, 11, 8 ], [ 0, -20, -24, 19 ], [ -19, 8, 20, 0 ], 
      [ -24, -11, 0, 20 ] ], 
  [ [ -17, 11, 22, -3 ], [ -33, -6, 9, 19 ], [ -2, 13, 17, -11 ], 
      [ -39, 11, 33, 6 ] ], 
  [ [ -16, 11, 22, -4 ], [ -33, -5, 12, 18 ], [ -1, 12, 15, -11 ], 
      [ -36, 11, 33, 4 ] ], 
  [ [ -15, 11, 22, -4 ], [ -33, -4, 12, 18 ], [ -1, 12, 16, -11 ], 
      [ -36, 11, 33, 5 ] ], 
  [ [ -6, -11, -11, 13 ], [ 33, -17, -39, 2 ], [ -19, -3, 6, 11 ], 
      [ 9, -22, -33, 17 ] ], 
  [ [ -5, -11, -11, 12 ], [ 33, -16, -36, 1 ], [ -18, -4, 4, 11 ], 
      [ 12, -22, -33, 15 ] ], 
  [ [ -4, -11, -11, 12 ], [ 33, -15, -36, 1 ], [ -18, -4, 5, 11 ], 
      [ 12, -22, -33, 16 ] ], 
  [ [ -2, 0, 0, 1 ], [ 0, -2, -3, 1 ], [ -1, 1, 1, 0 ], [ -3, 0, 0, 1 ] ], 
  [ [ -1, 0, 0, 0 ], [ 0, -1, 0, 0 ], [ 0, 0, -1, 0 ], [ 0, 0, 0, -1 ] ], 
  [ [ -1, 0, 0, 1 ], [ 0, -1, -3, 1 ], [ -1, 1, 2, 0 ], [ -3, 0, 0, 2 ] ], 
  [ [ 1, 0, 0, -1 ], [ 0, 1, 3, -1 ], [ 1, -1, -2, 0 ], [ 3, 0, 0, -2 ] ], 
  [ [ 1, 0, 0, 0 ], [ 0, 1, 0, 0 ], [ 0, 0, 1, 0 ], [ 0, 0, 0, 1 ] ], 
  [ [ 2, 0, 0, -1 ], [ 0, 2, 3, -1 ], [ 1, -1, -1, 0 ], [ 3, 0, 0, -1 ] ], 
  [ [ 4, 11, 11, -12 ], [ -33, 15, 36, -1 ], [ 18, 4, -5, -11 ], 
      [ -12, 22, 33, -16 ] ], 
  [ [ 5, 11, 11, -12 ], [ -33, 16, 36, -1 ], [ 18, 4, -4, -11 ], 
      [ -12, 22, 33, -15 ] ], 
  [ [ 6, 11, 11, -13 ], [ -33, 17, 39, -2 ], [ 19, 3, -6, -11 ], 
      [ -9, 22, 33, -17 ] ], 
  [ [ 15, -11, -22, 4 ], [ 33, 4, -12, -18 ], [ 1, -12, -16, 11 ], 
      [ 36, -11, -33, -5 ] ], 
  [ [ 16, -11, -22, 4 ], [ 33, 5, -12, -18 ], [ 1, -12, -15, 11 ], 
      [ 36, -11, -33, -4 ] ], 
  [ [ 17, -11, -22, 3 ], [ 33, 6, -9, -19 ], [ 2, -13, -17, 11 ], 
      [ 39, -11, -33, -6 ] ], 
  [ [ 20, 0, -11, -8 ], [ 0, 20, 24, -19 ], [ 19, -8, -20, 0 ], 
      [ 24, 11, 0, -20 ] ], 
  [ [ 21, 0, -11, -9 ], [ 0, 21, 27, -20 ], [ 20, -9, -22, 0 ], 
      [ 27, 11, 0, -22 ] ], 
  [ [ 22, 0, -11, -9 ], [ 0, 22, 27, -20 ], [ 20, -9, -21, 0 ], 
      [ 27, 11, 0, -21 ] ] ]),TheRotSubgroup:=Group([ [ [ -22, 0, 11, 9 ], [ 0, -22, -27, 20 ], [ -20, 9, 21, 0 ], 
      [ -27, -11, 0, 21 ] ], 
  [ [ -21, 0, 11, 9 ], [ 0, -21, -27, 20 ], [ -20, 9, 22, 0 ], 
      [ -27, -11, 0, 22 ] ], 
  [ [ -20, 0, 11, 8 ], [ 0, -20, -24, 19 ], [ -19, 8, 20, 0 ], 
      [ -24, -11, 0, 20 ] ], 
  [ [ -17, 11, 22, -3 ], [ -33, -6, 9, 19 ], [ -2, 13, 17, -11 ], 
      [ -39, 11, 33, 6 ] ], 
  [ [ -16, 11, 22, -4 ], [ -33, -5, 12, 18 ], [ -1, 12, 15, -11 ], 
      [ -36, 11, 33, 4 ] ], 
  [ [ -15, 11, 22, -4 ], [ -33, -4, 12, 18 ], [ -1, 12, 16, -11 ], 
      [ -36, 11, 33, 5 ] ], 
  [ [ -6, -11, -11, 13 ], [ 33, -17, -39, 2 ], [ -19, -3, 6, 11 ], 
      [ 9, -22, -33, 17 ] ], 
  [ [ -5, -11, -11, 12 ], [ 33, -16, -36, 1 ], [ -18, -4, 4, 11 ], 
      [ 12, -22, -33, 15 ] ], 
  [ [ -4, -11, -11, 12 ], [ 33, -15, -36, 1 ], [ -18, -4, 5, 11 ], 
      [ 12, -22, -33, 16 ] ], 
  [ [ -2, 0, 0, 1 ], [ 0, -2, -3, 1 ], [ -1, 1, 1, 0 ], [ -3, 0, 0, 1 ] ], 
  [ [ -1, 0, 0, 0 ], [ 0, -1, 0, 0 ], [ 0, 0, -1, 0 ], [ 0, 0, 0, -1 ] ], 
  [ [ -1, 0, 0, 1 ], [ 0, -1, -3, 1 ], [ -1, 1, 2, 0 ], [ -3, 0, 0, 2 ] ], 
  [ [ 1, 0, 0, -1 ], [ 0, 1, 3, -1 ], [ 1, -1, -2, 0 ], [ 3, 0, 0, -2 ] ], 
  [ [ 1, 0, 0, 0 ], [ 0, 1, 0, 0 ], [ 0, 0, 1, 0 ], [ 0, 0, 0, 1 ] ], 
  [ [ 2, 0, 0, -1 ], [ 0, 2, 3, -1 ], [ 1, -1, -1, 0 ], [ 3, 0, 0, -1 ] ], 
  [ [ 4, 11, 11, -12 ], [ -33, 15, 36, -1 ], [ 18, 4, -5, -11 ], 
      [ -12, 22, 33, -16 ] ], 
  [ [ 5, 11, 11, -12 ], [ -33, 16, 36, -1 ], [ 18, 4, -4, -11 ], 
      [ -12, 22, 33, -15 ] ], 
  [ [ 6, 11, 11, -13 ], [ -33, 17, 39, -2 ], [ 19, 3, -6, -11 ], 
      [ -9, 22, 33, -17 ] ], 
  [ [ 15, -11, -22, 4 ], [ 33, 4, -12, -18 ], [ 1, -12, -16, 11 ], 
      [ 36, -11, -33, -5 ] ], 
  [ [ 16, -11, -22, 4 ], [ 33, 5, -12, -18 ], [ 1, -12, -15, 11 ], 
      [ 36, -11, -33, -4 ] ], 
  [ [ 17, -11, -22, 3 ], [ 33, 6, -9, -19 ], [ 2, -13, -17, 11 ], 
      [ 39, -11, -33, -6 ] ], 
  [ [ 20, 0, -11, -8 ], [ 0, 20, 24, -19 ], [ 19, -8, -20, 0 ], 
      [ 24, 11, 0, -20 ] ], 
  [ [ 21, 0, -11, -9 ], [ 0, 21, 27, -20 ], [ 20, -9, -22, 0 ], 
      [ 27, 11, 0, -22 ] ], 
  [ [ 22, 0, -11, -9 ], [ 0, 22, 27, -20 ], [ 20, -9, -21, 0 ], 
      [ 27, 11, 0, -21 ] ] ]),BoundaryImage:=rec(ListIFace:=[  ],ListSign:=[  ],ListElt:=[  ]))],[rec(TheMatrixStab:=Group([ [ [ -2, 0, 0, 1 ], [ 0, -2, -3, 1 ], [ -1, 1, 1, 0 ], [ -3, 0, 0, 1 ] ], 
  [ [ -1, 0, 0, 0 ], [ 0, -1, 0, 0 ], [ 0, 0, -1, 0 ], [ 0, 0, 0, -1 ] ], 
  [ [ -1, 0, 0, 1 ], [ 0, -1, -3, 1 ], [ -1, 1, 2, 0 ], [ -3, 0, 0, 2 ] ], 
  [ [ 1, 0, 0, -1 ], [ 0, 1, 3, -1 ], [ 1, -1, -2, 0 ], [ 3, 0, 0, -2 ] ], 
  [ [ 1, 0, 0, 0 ], [ 0, 1, 0, 0 ], [ 0, 0, 1, 0 ], [ 0, 0, 0, 1 ] ], 
  [ [ 2, 0, 0, -1 ], [ 0, 2, 3, -1 ], [ 1, -1, -1, 0 ], [ 3, 0, 0, -1 ] ] ]),TheRotSubgroup:=Group([ [ [ -2, 0, 0, 1 ], [ 0, -2, -3, 1 ], [ -1, 1, 1, 0 ], [ -3, 0, 0, 1 ] ], 
  [ [ -1, 0, 0, 0 ], [ 0, -1, 0, 0 ], [ 0, 0, -1, 0 ], [ 0, 0, 0, -1 ] ], 
  [ [ -1, 0, 0, 1 ], [ 0, -1, -3, 1 ], [ -1, 1, 2, 0 ], [ -3, 0, 0, 2 ] ], 
  [ [ 1, 0, 0, -1 ], [ 0, 1, 3, -1 ], [ 1, -1, -2, 0 ], [ 3, 0, 0, -2 ] ], 
  [ [ 1, 0, 0, 0 ], [ 0, 1, 0, 0 ], [ 0, 0, 1, 0 ], [ 0, 0, 0, 1 ] ], 
  [ [ 2, 0, 0, -1 ], [ 0, 2, 3, -1 ], [ 1, -1, -1, 0 ], [ 3, 0, 0, -1 ] ] ]),BoundaryImage:=rec(ListIFace:=[ 1, 2 ],ListSign:=[ -1, 1 ],ListElt:=[ [ [ 1, -1, -1, 0 ], [ 3, 0, 0, -1 ], [ -1, -1, -1, 1 ], [ 3, -2, -3, 0 ] ], 
  [ [ 6, 11, 11, -13 ], [ -33, 17, 39, -2 ], [ 19, 3, -6, -11 ], 
      [ -9, 22, 33, -17 ] ] ])),rec(TheMatrixStab:=Group([ [ [ -1, 0, 0, 0 ], [ 0, -1, 0, 0 ], [ 0, 0, -1, 0 ], [ 0, 0, 0, -1 ] ], 
  [ [ -1, 0, 1, 0 ], [ 0, -1, 0, 1 ], [ -1, 0, 0, 0 ], [ 0, -1, 0, 0 ] ], 
  [ [ 0, 0, -1, 0 ], [ 0, 0, 0, -1 ], [ 1, 0, -1, 0 ], [ 0, 1, 0, -1 ] ], 
  [ [ 0, 0, 1, 0 ], [ 0, 0, 0, 1 ], [ -1, 0, 1, 0 ], [ 0, -1, 0, 1 ] ], 
  [ [ 1, 0, -1, 0 ], [ 0, 1, 0, -1 ], [ 1, 0, 0, 0 ], [ 0, 1, 0, 0 ] ], 
  [ [ 1, 0, 0, 0 ], [ 0, 1, 0, 0 ], [ 0, 0, 1, 0 ], [ 0, 0, 0, 1 ] ] ]),TheRotSubgroup:=Group([ [ [ -1, 0, 0, 0 ], [ 0, -1, 0, 0 ], [ 0, 0, -1, 0 ], [ 0, 0, 0, -1 ] ], 
  [ [ -1, 0, 1, 0 ], [ 0, -1, 0, 1 ], [ -1, 0, 0, 0 ], [ 0, -1, 0, 0 ] ], 
  [ [ 0, 0, -1, 0 ], [ 0, 0, 0, -1 ], [ 1, 0, -1, 0 ], [ 0, 1, 0, -1 ] ], 
  [ [ 0, 0, 1, 0 ], [ 0, 0, 0, 1 ], [ -1, 0, 1, 0 ], [ 0, -1, 0, 1 ] ], 
  [ [ 1, 0, -1, 0 ], [ 0, 1, 0, -1 ], [ 1, 0, 0, 0 ], [ 0, 1, 0, 0 ] ], 
  [ [ 1, 0, 0, 0 ], [ 0, 1, 0, 0 ], [ 0, 0, 1, 0 ], [ 0, 0, 0, 1 ] ] ]),BoundaryImage:=rec(ListIFace:=[ 1, 2 ],ListSign:=[ -1, 1 ],ListElt:=[ [ [ -2, 0, 0, 1 ], [ 0, -2, -3, 1 ], [ -1, 1, 1, 0 ], [ -3, 0, 0, 1 ] ], 
  [ [ -1, -5, -6, 5 ], [ 15, -6, -15, -1 ], [ -7, -1, 2, 4 ], 
      [ 3, -8, -12, 6 ] ] ]))],[rec(TheMatrixStab:=Group([ [ [ -6, 0, 2, 3 ], [ 0, -6, -9, 5 ], [ -5, 3, 6, 0 ], [ -9, -2, 0, 6 ] ], 
  [ [ -1, 0, 0, 0 ], [ 0, -1, 0, 0 ], [ 0, 0, -1, 0 ], [ 0, 0, 0, -1 ] ], 
  [ [ 1, 0, 0, 0 ], [ 0, 1, 0, 0 ], [ 0, 0, 1, 0 ], [ 0, 0, 0, 1 ] ], 
  [ [ 6, 0, -2, -3 ], [ 0, 6, 9, -5 ], [ 5, -3, -6, 0 ], [ 9, 2, 0, -6 ] ] ]),TheRotSubgroup:=Group([ [ [ -1, 0, 0, 0 ], [ 0, -1, 0, 0 ], [ 0, 0, -1, 0 ], [ 0, 0, 0, -1 ] ], 
  [ [ 1, 0, 0, 0 ], [ 0, 1, 0, 0 ], [ 0, 0, 1, 0 ], [ 0, 0, 0, 1 ] ] ]),BoundaryImage:=rec(ListIFace:=[ 1, 2, 2, 2, 1, 2 ],ListSign:=[ 1, -1, 1, -1, -1, 1 ],ListElt:=[ [ [ -1, 0, 0, 0 ], [ 0, -1, 0, 0 ], [ 0, 0, -1, 0 ], [ 0, 0, 0, -1 ] ], 
  [ [ -1, 0, 1, 0 ], [ 0, -1, 0, 1 ], [ -1, 0, 0, 0 ], [ 0, -1, 0, 0 ] ], 
  [ [ -2, -3, -4, 3 ], [ 9, -5, -9, -1 ], [ -6, 0, 1, 3 ], [ 0, -6, -9, 4 ] ],
  [ [ 8, -1, -2, -4 ], [ 3, 7, 12, -6 ], [ 6, -4, -7, -1 ], [ 12, 2, 3, -8 ] ]
    , 
  [ [ 5, -2, -4, 0 ], [ 6, 3, 0, -4 ], [ 1, -3, -3, 2 ], [ 9, -2, -6, -1 ] ], 
  [ [ 0, -4, -7, 2 ], [ 12, -4, -6, -5 ], [ -5, -2, -4, 4 ], 
      [ 6, -7, -12, 0 ] ] ]))]];