HAP_GCOMPLEX_SETUP:=[false]; 
HAP_GCOMPLEX_LIST:=[[rec(TheMatrixStab:=Group([ [ [ -6, 0, 3, 1 ], [ 0, -6, -22, 3 ], [ -3, 1, 5, 0 ], [ -22, -3, 0, 5 ] ], 
  [ [ -5, 0, 2, 1 ], [ 0, -5, -22, 2 ], [ -2, 1, 5, 0 ], [ -22, -2, 0, 5 ] ], 
  [ [ -5, 0, 3, 1 ], [ 0, -5, -22, 3 ], [ -3, 1, 6, 0 ], [ -22, -3, 0, 6 ] ], 
  [ [ -3, -1, -3, 1 ], [ 22, -3, -22, -3 ], [ -5, 0, 2, 1 ], 
      [ 0, -5, -22, 2 ] ], 
  [ [ -3, -1, -2, 1 ], [ 22, -3, -22, -2 ], [ -6, 0, 3, 1 ], 
      [ 0, -6, -22, 3 ] ], 
  [ [ -3, 1, 5, 0 ], [ -22, -3, 0, 5 ], [ 3, 1, 2, -1 ], [ -22, 3, 22, 2 ] ], 
  [ [ -3, 1, 6, 0 ], [ -22, -3, 0, 6 ], [ 2, 1, 3, -1 ], [ -22, 2, 22, 3 ] ], 
  [ [ -2, -1, -3, 1 ], [ 22, -2, -22, -3 ], [ -5, 0, 3, 1 ], 
      [ 0, -5, -22, 3 ] ], 
  [ [ -2, 1, 5, 0 ], [ -22, -2, 0, 5 ], [ 3, 1, 3, -1 ], [ -22, 3, 22, 3 ] ], 
  [ [ -1, 0, 0, 0 ], [ 0, -1, 0, 0 ], [ 0, 0, -1, 0 ], [ 0, 0, 0, -1 ] ], 
  [ [ -1, 0, 1, 0 ], [ 0, -1, 0, 1 ], [ -1, 0, 0, 0 ], [ 0, -1, 0, 0 ] ], 
  [ [ 0, 0, -1, 0 ], [ 0, 0, 0, -1 ], [ 1, 0, -1, 0 ], [ 0, 1, 0, -1 ] ], 
  [ [ 0, 0, 1, 0 ], [ 0, 0, 0, 1 ], [ -1, 0, 1, 0 ], [ 0, -1, 0, 1 ] ], 
  [ [ 1, 0, -1, 0 ], [ 0, 1, 0, -1 ], [ 1, 0, 0, 0 ], [ 0, 1, 0, 0 ] ], 
  [ [ 1, 0, 0, 0 ], [ 0, 1, 0, 0 ], [ 0, 0, 1, 0 ], [ 0, 0, 0, 1 ] ], 
  [ [ 2, -1, -5, 0 ], [ 22, 2, 0, -5 ], [ -3, -1, -3, 1 ], 
      [ 22, -3, -22, -3 ] ], 
  [ [ 2, 1, 3, -1 ], [ -22, 2, 22, 3 ], [ 5, 0, -3, -1 ], [ 0, 5, 22, -3 ] ], 
  [ [ 3, -1, -6, 0 ], [ 22, 3, 0, -6 ], [ -2, -1, -3, 1 ], 
      [ 22, -2, -22, -3 ] ], 
  [ [ 3, -1, -5, 0 ], [ 22, 3, 0, -5 ], [ -3, -1, -2, 1 ], 
      [ 22, -3, -22, -2 ] ], 
  [ [ 3, 1, 2, -1 ], [ -22, 3, 22, 2 ], [ 6, 0, -3, -1 ], [ 0, 6, 22, -3 ] ], 
  [ [ 3, 1, 3, -1 ], [ -22, 3, 22, 3 ], [ 5, 0, -2, -1 ], [ 0, 5, 22, -2 ] ], 
  [ [ 5, 0, -3, -1 ], [ 0, 5, 22, -3 ], [ 3, -1, -6, 0 ], [ 22, 3, 0, -6 ] ], 
  [ [ 5, 0, -2, -1 ], [ 0, 5, 22, -2 ], [ 2, -1, -5, 0 ], [ 22, 2, 0, -5 ] ], 
  [ [ 6, 0, -3, -1 ], [ 0, 6, 22, -3 ], [ 3, -1, -5, 0 ], [ 22, 3, 0, -5 ] ] ]),TheRotSubgroup:=Group([ [ [ -6, 0, 3, 1 ], [ 0, -6, -22, 3 ], [ -3, 1, 5, 0 ], [ -22, -3, 0, 5 ] ], 
  [ [ -5, 0, 2, 1 ], [ 0, -5, -22, 2 ], [ -2, 1, 5, 0 ], [ -22, -2, 0, 5 ] ], 
  [ [ -5, 0, 3, 1 ], [ 0, -5, -22, 3 ], [ -3, 1, 6, 0 ], [ -22, -3, 0, 6 ] ], 
  [ [ -3, -1, -3, 1 ], [ 22, -3, -22, -3 ], [ -5, 0, 2, 1 ], 
      [ 0, -5, -22, 2 ] ], 
  [ [ -3, -1, -2, 1 ], [ 22, -3, -22, -2 ], [ -6, 0, 3, 1 ], 
      [ 0, -6, -22, 3 ] ], 
  [ [ -3, 1, 5, 0 ], [ -22, -3, 0, 5 ], [ 3, 1, 2, -1 ], [ -22, 3, 22, 2 ] ], 
  [ [ -3, 1, 6, 0 ], [ -22, -3, 0, 6 ], [ 2, 1, 3, -1 ], [ -22, 2, 22, 3 ] ], 
  [ [ -2, -1, -3, 1 ], [ 22, -2, -22, -3 ], [ -5, 0, 3, 1 ], 
      [ 0, -5, -22, 3 ] ], 
  [ [ -2, 1, 5, 0 ], [ -22, -2, 0, 5 ], [ 3, 1, 3, -1 ], [ -22, 3, 22, 3 ] ], 
  [ [ -1, 0, 0, 0 ], [ 0, -1, 0, 0 ], [ 0, 0, -1, 0 ], [ 0, 0, 0, -1 ] ], 
  [ [ -1, 0, 1, 0 ], [ 0, -1, 0, 1 ], [ -1, 0, 0, 0 ], [ 0, -1, 0, 0 ] ], 
  [ [ 0, 0, -1, 0 ], [ 0, 0, 0, -1 ], [ 1, 0, -1, 0 ], [ 0, 1, 0, -1 ] ], 
  [ [ 0, 0, 1, 0 ], [ 0, 0, 0, 1 ], [ -1, 0, 1, 0 ], [ 0, -1, 0, 1 ] ], 
  [ [ 1, 0, -1, 0 ], [ 0, 1, 0, -1 ], [ 1, 0, 0, 0 ], [ 0, 1, 0, 0 ] ], 
  [ [ 1, 0, 0, 0 ], [ 0, 1, 0, 0 ], [ 0, 0, 1, 0 ], [ 0, 0, 0, 1 ] ], 
  [ [ 2, -1, -5, 0 ], [ 22, 2, 0, -5 ], [ -3, -1, -3, 1 ], 
      [ 22, -3, -22, -3 ] ], 
  [ [ 2, 1, 3, -1 ], [ -22, 2, 22, 3 ], [ 5, 0, -3, -1 ], [ 0, 5, 22, -3 ] ], 
  [ [ 3, -1, -6, 0 ], [ 22, 3, 0, -6 ], [ -2, -1, -3, 1 ], 
      [ 22, -2, -22, -3 ] ], 
  [ [ 3, -1, -5, 0 ], [ 22, 3, 0, -5 ], [ -3, -1, -2, 1 ], 
      [ 22, -3, -22, -2 ] ], 
  [ [ 3, 1, 2, -1 ], [ -22, 3, 22, 2 ], [ 6, 0, -3, -1 ], [ 0, 6, 22, -3 ] ], 
  [ [ 3, 1, 3, -1 ], [ -22, 3, 22, 3 ], [ 5, 0, -2, -1 ], [ 0, 5, 22, -2 ] ], 
  [ [ 5, 0, -3, -1 ], [ 0, 5, 22, -3 ], [ 3, -1, -6, 0 ], [ 22, 3, 0, -6 ] ], 
  [ [ 5, 0, -2, -1 ], [ 0, 5, 22, -2 ], [ 2, -1, -5, 0 ], [ 22, 2, 0, -5 ] ], 
  [ [ 6, 0, -3, -1 ], [ 0, 6, 22, -3 ], [ 3, -1, -5, 0 ], [ 22, 3, 0, -5 ] ] ]),BoundaryImage:=rec(ListIFace:=[  ],ListSign:=[  ],ListElt:=[  ])),rec(TheMatrixStab:=Group([ [ [ -6, 0, -3, -1 ], [ 0, -6, 22, -3 ], [ 3, -1, 5, 0 ], [ 22, 3, 0, 5 ] ], 
  [ [ -5, 0, -3, -1 ], [ 0, -5, 22, -3 ], [ 3, -1, 6, 0 ], [ 22, 3, 0, 6 ] ], 
  [ [ -5, 0, -2, -1 ], [ 0, -5, 22, -2 ], [ 2, -1, 5, 0 ], [ 22, 2, 0, 5 ] ], 
  [ [ -3, -1, 2, -1 ], [ 22, -3, 22, 2 ], [ 6, 0, 3, 1 ], [ 0, 6, -22, 3 ] ], 
  [ [ -3, -1, 3, -1 ], [ 22, -3, 22, 3 ], [ 5, 0, 2, 1 ], [ 0, 5, -22, 2 ] ], 
  [ [ -3, 1, -6, 0 ], [ -22, -3, 0, -6 ], [ -2, -1, 3, -1 ], 
      [ 22, -2, 22, 3 ] ], 
  [ [ -3, 1, -5, 0 ], [ -22, -3, 0, -5 ], [ -3, -1, 2, -1 ], 
      [ 22, -3, 22, 2 ] ], 
  [ [ -2, -1, 3, -1 ], [ 22, -2, 22, 3 ], [ 5, 0, 3, 1 ], [ 0, 5, -22, 3 ] ], 
  [ [ -2, 1, -5, 0 ], [ -22, -2, 0, -5 ], [ -3, -1, 3, -1 ], 
      [ 22, -3, 22, 3 ] ], 
  [ [ -1, 0, -1, 0 ], [ 0, -1, 0, -1 ], [ 1, 0, 0, 0 ], [ 0, 1, 0, 0 ] ], 
  [ [ -1, 0, 0, 0 ], [ 0, -1, 0, 0 ], [ 0, 0, -1, 0 ], [ 0, 0, 0, -1 ] ], 
  [ [ 0, 0, -1, 0 ], [ 0, 0, 0, -1 ], [ 1, 0, 1, 0 ], [ 0, 1, 0, 1 ] ], 
  [ [ 0, 0, 1, 0 ], [ 0, 0, 0, 1 ], [ -1, 0, -1, 0 ], [ 0, -1, 0, -1 ] ], 
  [ [ 1, 0, 0, 0 ], [ 0, 1, 0, 0 ], [ 0, 0, 1, 0 ], [ 0, 0, 0, 1 ] ], 
  [ [ 1, 0, 1, 0 ], [ 0, 1, 0, 1 ], [ -1, 0, 0, 0 ], [ 0, -1, 0, 0 ] ], 
  [ [ 2, -1, 5, 0 ], [ 22, 2, 0, 5 ], [ 3, 1, -3, 1 ], [ -22, 3, -22, -3 ] ], 
  [ [ 2, 1, -3, 1 ], [ -22, 2, -22, -3 ], [ -5, 0, -3, -1 ], 
      [ 0, -5, 22, -3 ] ], 
  [ [ 3, -1, 5, 0 ], [ 22, 3, 0, 5 ], [ 3, 1, -2, 1 ], [ -22, 3, -22, -2 ] ], 
  [ [ 3, -1, 6, 0 ], [ 22, 3, 0, 6 ], [ 2, 1, -3, 1 ], [ -22, 2, -22, -3 ] ], 
  [ [ 3, 1, -3, 1 ], [ -22, 3, -22, -3 ], [ -5, 0, -2, -1 ], 
      [ 0, -5, 22, -2 ] ], 
  [ [ 3, 1, -2, 1 ], [ -22, 3, -22, -2 ], [ -6, 0, -3, -1 ], 
      [ 0, -6, 22, -3 ] ], 
  [ [ 5, 0, 2, 1 ], [ 0, 5, -22, 2 ], [ -2, 1, -5, 0 ], [ -22, -2, 0, -5 ] ], 
  [ [ 5, 0, 3, 1 ], [ 0, 5, -22, 3 ], [ -3, 1, -6, 0 ], [ -22, -3, 0, -6 ] ], 
  [ [ 6, 0, 3, 1 ], [ 0, 6, -22, 3 ], [ -3, 1, -5, 0 ], [ -22, -3, 0, -5 ] ] ]),TheRotSubgroup:=Group([ [ [ -6, 0, -3, -1 ], [ 0, -6, 22, -3 ], [ 3, -1, 5, 0 ], [ 22, 3, 0, 5 ] ], 
  [ [ -5, 0, -3, -1 ], [ 0, -5, 22, -3 ], [ 3, -1, 6, 0 ], [ 22, 3, 0, 6 ] ], 
  [ [ -5, 0, -2, -1 ], [ 0, -5, 22, -2 ], [ 2, -1, 5, 0 ], [ 22, 2, 0, 5 ] ], 
  [ [ -3, -1, 2, -1 ], [ 22, -3, 22, 2 ], [ 6, 0, 3, 1 ], [ 0, 6, -22, 3 ] ], 
  [ [ -3, -1, 3, -1 ], [ 22, -3, 22, 3 ], [ 5, 0, 2, 1 ], [ 0, 5, -22, 2 ] ], 
  [ [ -3, 1, -6, 0 ], [ -22, -3, 0, -6 ], [ -2, -1, 3, -1 ], 
      [ 22, -2, 22, 3 ] ], 
  [ [ -3, 1, -5, 0 ], [ -22, -3, 0, -5 ], [ -3, -1, 2, -1 ], 
      [ 22, -3, 22, 2 ] ], 
  [ [ -2, -1, 3, -1 ], [ 22, -2, 22, 3 ], [ 5, 0, 3, 1 ], [ 0, 5, -22, 3 ] ], 
  [ [ -2, 1, -5, 0 ], [ -22, -2, 0, -5 ], [ -3, -1, 3, -1 ], 
      [ 22, -3, 22, 3 ] ], 
  [ [ -1, 0, -1, 0 ], [ 0, -1, 0, -1 ], [ 1, 0, 0, 0 ], [ 0, 1, 0, 0 ] ], 
  [ [ -1, 0, 0, 0 ], [ 0, -1, 0, 0 ], [ 0, 0, -1, 0 ], [ 0, 0, 0, -1 ] ], 
  [ [ 0, 0, -1, 0 ], [ 0, 0, 0, -1 ], [ 1, 0, 1, 0 ], [ 0, 1, 0, 1 ] ], 
  [ [ 0, 0, 1, 0 ], [ 0, 0, 0, 1 ], [ -1, 0, -1, 0 ], [ 0, -1, 0, -1 ] ], 
  [ [ 1, 0, 0, 0 ], [ 0, 1, 0, 0 ], [ 0, 0, 1, 0 ], [ 0, 0, 0, 1 ] ], 
  [ [ 1, 0, 1, 0 ], [ 0, 1, 0, 1 ], [ -1, 0, 0, 0 ], [ 0, -1, 0, 0 ] ], 
  [ [ 2, -1, 5, 0 ], [ 22, 2, 0, 5 ], [ 3, 1, -3, 1 ], [ -22, 3, -22, -3 ] ], 
  [ [ 2, 1, -3, 1 ], [ -22, 2, -22, -3 ], [ -5, 0, -3, -1 ], 
      [ 0, -5, 22, -3 ] ], 
  [ [ 3, -1, 5, 0 ], [ 22, 3, 0, 5 ], [ 3, 1, -2, 1 ], [ -22, 3, -22, -2 ] ], 
  [ [ 3, -1, 6, 0 ], [ 22, 3, 0, 6 ], [ 2, 1, -3, 1 ], [ -22, 2, -22, -3 ] ], 
  [ [ 3, 1, -3, 1 ], [ -22, 3, -22, -3 ], [ -5, 0, -2, -1 ], 
      [ 0, -5, 22, -2 ] ], 
  [ [ 3, 1, -2, 1 ], [ -22, 3, -22, -2 ], [ -6, 0, -3, -1 ], 
      [ 0, -6, 22, -3 ] ], 
  [ [ 5, 0, 2, 1 ], [ 0, 5, -22, 2 ], [ -2, 1, -5, 0 ], [ -22, -2, 0, -5 ] ], 
  [ [ 5, 0, 3, 1 ], [ 0, 5, -22, 3 ], [ -3, 1, -6, 0 ], [ -22, -3, 0, -6 ] ], 
  [ [ 6, 0, 3, 1 ], [ 0, 6, -22, 3 ], [ -3, 1, -5, 0 ], [ -22, -3, 0, -5 ] ] ]),BoundaryImage:=rec(ListIFace:=[  ],ListSign:=[  ],ListElt:=[  ])),rec(TheMatrixStab:=Group([ [ [ -5, 0, 2, 1 ], [ 0, -5, -22, 2 ], [ -2, 1, 5, 0 ], [ -22, -2, 0, 5 ] ], 
  [ [ -1, 0, 0, 0 ], [ 0, -1, 0, 0 ], [ 0, 0, -1, 0 ], [ 0, 0, 0, -1 ] ], 
  [ [ 1, 0, 0, 0 ], [ 0, 1, 0, 0 ], [ 0, 0, 1, 0 ], [ 0, 0, 0, 1 ] ], 
  [ [ 5, 0, -2, -1 ], [ 0, 5, 22, -2 ], [ 2, -1, -5, 0 ], [ 22, 2, 0, -5 ] ] ]),TheRotSubgroup:=Group([ [ [ -5, 0, 2, 1 ], [ 0, -5, -22, 2 ], [ -2, 1, 5, 0 ], [ -22, -2, 0, 5 ] ], 
  [ [ -1, 0, 0, 0 ], [ 0, -1, 0, 0 ], [ 0, 0, -1, 0 ], [ 0, 0, 0, -1 ] ], 
  [ [ 1, 0, 0, 0 ], [ 0, 1, 0, 0 ], [ 0, 0, 1, 0 ], [ 0, 0, 0, 1 ] ], 
  [ [ 5, 0, -2, -1 ], [ 0, 5, 22, -2 ], [ 2, -1, -5, 0 ], [ 22, 2, 0, -5 ] ] ]),BoundaryImage:=rec(ListIFace:=[  ],ListSign:=[  ],ListElt:=[  ])),rec(TheMatrixStab:=Group([ [ [ -5, 0, -2, -1 ], [ 0, -5, 22, -2 ], [ 2, -1, 5, 0 ], [ 22, 2, 0, 5 ] ], 
  [ [ -1, 0, 0, 0 ], [ 0, -1, 0, 0 ], [ 0, 0, -1, 0 ], [ 0, 0, 0, -1 ] ], 
  [ [ 1, 0, 0, 0 ], [ 0, 1, 0, 0 ], [ 0, 0, 1, 0 ], [ 0, 0, 0, 1 ] ], 
  [ [ 5, 0, 2, 1 ], [ 0, 5, -22, 2 ], [ -2, 1, -5, 0 ], [ -22, -2, 0, -5 ] ] ]),TheRotSubgroup:=Group([ [ [ -5, 0, -2, -1 ], [ 0, -5, 22, -2 ], [ 2, -1, 5, 0 ], [ 22, 2, 0, 5 ] ], 
  [ [ -1, 0, 0, 0 ], [ 0, -1, 0, 0 ], [ 0, 0, -1, 0 ], [ 0, 0, 0, -1 ] ], 
  [ [ 1, 0, 0, 0 ], [ 0, 1, 0, 0 ], [ 0, 0, 1, 0 ], [ 0, 0, 0, 1 ] ], 
  [ [ 5, 0, 2, 1 ], [ 0, 5, -22, 2 ], [ -2, 1, -5, 0 ], [ -22, -2, 0, -5 ] ] ]),BoundaryImage:=rec(ListIFace:=[  ],ListSign:=[  ],ListElt:=[  ])),rec(TheMatrixStab:=Group([ [ [ -1, 0, 0, 0 ], [ 0, -1, 0, 0 ], [ 0, 0, -1, 0 ], [ 0, 0, 0, -1 ] ], 
  [ [ 1, 0, 0, 0 ], [ 0, 1, 0, 0 ], [ 0, 0, 1, 0 ], [ 0, 0, 0, 1 ] ] ]),TheRotSubgroup:=Group([ [ [ -1, 0, 0, 0 ], [ 0, -1, 0, 0 ], [ 0, 0, -1, 0 ], [ 0, 0, 0, -1 ] ], 
  [ [ 1, 0, 0, 0 ], [ 0, 1, 0, 0 ], [ 0, 0, 1, 0 ], [ 0, 0, 0, 1 ] ] ]),BoundaryImage:=rec(ListIFace:=[  ],ListSign:=[  ],ListElt:=[  ])),rec(TheMatrixStab:=Group([ [ [ -1, 0, 0, 0 ], [ 0, -1, 0, 0 ], [ 0, 0, -1, 0 ], [ 0, 0, 0, -1 ] ], 
  [ [ 1, 0, 0, 0 ], [ 0, 1, 0, 0 ], [ 0, 0, 1, 0 ], [ 0, 0, 0, 1 ] ] ]),TheRotSubgroup:=Group([ [ [ -1, 0, 0, 0 ], [ 0, -1, 0, 0 ], [ 0, 0, -1, 0 ], [ 0, 0, 0, -1 ] ], 
  [ [ 1, 0, 0, 0 ], [ 0, 1, 0, 0 ], [ 0, 0, 1, 0 ], [ 0, 0, 0, 1 ] ] ]),BoundaryImage:=rec(ListIFace:=[  ],ListSign:=[  ],ListElt:=[  ])),rec(TheMatrixStab:=Group([ [ [ -1, 0, 0, 0 ], [ 0, -1, 0, 0 ], [ 0, 0, -1, 0 ], [ 0, 0, 0, -1 ] ], 
  [ [ 1, 0, 0, 0 ], [ 0, 1, 0, 0 ], [ 0, 0, 1, 0 ], [ 0, 0, 0, 1 ] ] ]),TheRotSubgroup:=Group([ [ [ -1, 0, 0, 0 ], [ 0, -1, 0, 0 ], [ 0, 0, -1, 0 ], [ 0, 0, 0, -1 ] ], 
  [ [ 1, 0, 0, 0 ], [ 0, 1, 0, 0 ], [ 0, 0, 1, 0 ], [ 0, 0, 0, 1 ] ] ]),BoundaryImage:=rec(ListIFace:=[  ],ListSign:=[  ],ListElt:=[  ])),rec(TheMatrixStab:=Group([ [ [ -1, 0, 0, 0 ], [ 0, -1, 0, 0 ], [ 0, 0, -1, 0 ], [ 0, 0, 0, -1 ] ], 
  [ [ 1, 0, 0, 0 ], [ 0, 1, 0, 0 ], [ 0, 0, 1, 0 ], [ 0, 0, 0, 1 ] ] ]),TheRotSubgroup:=Group([ [ [ -1, 0, 0, 0 ], [ 0, -1, 0, 0 ], [ 0, 0, -1, 0 ], [ 0, 0, 0, -1 ] ], 
  [ [ 1, 0, 0, 0 ], [ 0, 1, 0, 0 ], [ 0, 0, 1, 0 ], [ 0, 0, 0, 1 ] ] ]),BoundaryImage:=rec(ListIFace:=[  ],ListSign:=[  ],ListElt:=[  ])),rec(TheMatrixStab:=Group([ [ [ -1, 0, 0, 0 ], [ 0, -1, 0, 0 ], [ 0, 0, -1, 0 ], [ 0, 0, 0, -1 ] ], 
  [ [ 1, 0, 0, 0 ], [ 0, 1, 0, 0 ], [ 0, 0, 1, 0 ], [ 0, 0, 0, 1 ] ] ]),TheRotSubgroup:=Group([ [ [ -1, 0, 0, 0 ], [ 0, -1, 0, 0 ], [ 0, 0, -1, 0 ], [ 0, 0, 0, -1 ] ], 
  [ [ 1, 0, 0, 0 ], [ 0, 1, 0, 0 ], [ 0, 0, 1, 0 ], [ 0, 0, 0, 1 ] ] ]),BoundaryImage:=rec(ListIFace:=[  ],ListSign:=[  ],ListElt:=[  ])),rec(TheMatrixStab:=Group([ [ [ -1, 0, 0, 0 ], [ 0, -1, 0, 0 ], [ 0, 0, -1, 0 ], [ 0, 0, 0, -1 ] ], 
  [ [ 1, 0, 0, 0 ], [ 0, 1, 0, 0 ], [ 0, 0, 1, 0 ], [ 0, 0, 0, 1 ] ] ]),TheRotSubgroup:=Group([ [ [ -1, 0, 0, 0 ], [ 0, -1, 0, 0 ], [ 0, 0, -1, 0 ], [ 0, 0, 0, -1 ] ], 
  [ [ 1, 0, 0, 0 ], [ 0, 1, 0, 0 ], [ 0, 0, 1, 0 ], [ 0, 0, 0, 1 ] ] ]),BoundaryImage:=rec(ListIFace:=[  ],ListSign:=[  ],ListElt:=[  ])),rec(TheMatrixStab:=Group([ [ [ -1, 0, 0, 0 ], [ 0, -1, 0, 0 ], [ 0, 0, -1, 0 ], [ 0, 0, 0, -1 ] ], 
  [ [ 1, 0, 0, 0 ], [ 0, 1, 0, 0 ], [ 0, 0, 1, 0 ], [ 0, 0, 0, 1 ] ] ]),TheRotSubgroup:=Group([ [ [ -1, 0, 0, 0 ], [ 0, -1, 0, 0 ], [ 0, 0, -1, 0 ], [ 0, 0, 0, -1 ] ], 
  [ [ 1, 0, 0, 0 ], [ 0, 1, 0, 0 ], [ 0, 0, 1, 0 ], [ 0, 0, 0, 1 ] ] ]),BoundaryImage:=rec(ListIFace:=[  ],ListSign:=[  ],ListElt:=[  ])),rec(TheMatrixStab:=Group([ [ [ -1, 0, 0, 0 ], [ 0, -1, 0, 0 ], [ 0, 0, -1, 0 ], [ 0, 0, 0, -1 ] ], 
  [ [ 1, 0, 0, 0 ], [ 0, 1, 0, 0 ], [ 0, 0, 1, 0 ], [ 0, 0, 0, 1 ] ] ]),TheRotSubgroup:=Group([ [ [ -1, 0, 0, 0 ], [ 0, -1, 0, 0 ], [ 0, 0, -1, 0 ], [ 0, 0, 0, -1 ] ], 
  [ [ 1, 0, 0, 0 ], [ 0, 1, 0, 0 ], [ 0, 0, 1, 0 ], [ 0, 0, 0, 1 ] ] ]),BoundaryImage:=rec(ListIFace:=[  ],ListSign:=[  ],ListElt:=[  ])),rec(TheMatrixStab:=Group([ [ [ -1, 0, 0, 0 ], [ 0, -1, 0, 0 ], [ 0, 0, -1, 0 ], [ 0, 0, 0, -1 ] ], 
  [ [ 1, 0, 0, 0 ], [ 0, 1, 0, 0 ], [ 0, 0, 1, 0 ], [ 0, 0, 0, 1 ] ] ]),TheRotSubgroup:=Group([ [ [ -1, 0, 0, 0 ], [ 0, -1, 0, 0 ], [ 0, 0, -1, 0 ], [ 0, 0, 0, -1 ] ], 
  [ [ 1, 0, 0, 0 ], [ 0, 1, 0, 0 ], [ 0, 0, 1, 0 ], [ 0, 0, 0, 1 ] ] ]),BoundaryImage:=rec(ListIFace:=[  ],ListSign:=[  ],ListElt:=[  ])),rec(TheMatrixStab:=Group([ [ [ -1, 0, 0, 0 ], [ 0, -1, 0, 0 ], [ 0, 0, -1, 0 ], [ 0, 0, 0, -1 ] ], 
  [ [ 1, 0, 0, 0 ], [ 0, 1, 0, 0 ], [ 0, 0, 1, 0 ], [ 0, 0, 0, 1 ] ] ]),TheRotSubgroup:=Group([ [ [ -1, 0, 0, 0 ], [ 0, -1, 0, 0 ], [ 0, 0, -1, 0 ], [ 0, 0, 0, -1 ] ], 
  [ [ 1, 0, 0, 0 ], [ 0, 1, 0, 0 ], [ 0, 0, 1, 0 ], [ 0, 0, 0, 1 ] ] ]),BoundaryImage:=rec(ListIFace:=[  ],ListSign:=[  ],ListElt:=[  ]))],[rec(TheMatrixStab:=Group([ [ [ -1, 0, 0, 0 ], [ 0, -1, 0, 0 ], [ 0, 0, -1, 0 ], [ 0, 0, 0, -1 ] ], 
  [ [ -1, 0, 1, 0 ], [ 0, -1, 0, 1 ], [ -1, 0, 0, 0 ], [ 0, -1, 0, 0 ] ], 
  [ [ 0, 0, -1, 0 ], [ 0, 0, 0, -1 ], [ 1, 0, -1, 0 ], [ 0, 1, 0, -1 ] ], 
  [ [ 0, 0, 1, 0 ], [ 0, 0, 0, 1 ], [ -1, 0, 1, 0 ], [ 0, -1, 0, 1 ] ], 
  [ [ 1, 0, -1, 0 ], [ 0, 1, 0, -1 ], [ 1, 0, 0, 0 ], [ 0, 1, 0, 0 ] ], 
  [ [ 1, 0, 0, 0 ], [ 0, 1, 0, 0 ], [ 0, 0, 1, 0 ], [ 0, 0, 0, 1 ] ] ]),TheRotSubgroup:=Group([ [ [ -1, 0, 0, 0 ], [ 0, -1, 0, 0 ], [ 0, 0, -1, 0 ], [ 0, 0, 0, -1 ] ], 
  [ [ -1, 0, 1, 0 ], [ 0, -1, 0, 1 ], [ -1, 0, 0, 0 ], [ 0, -1, 0, 0 ] ], 
  [ [ 0, 0, -1, 0 ], [ 0, 0, 0, -1 ], [ 1, 0, -1, 0 ], [ 0, 1, 0, -1 ] ], 
  [ [ 0, 0, 1, 0 ], [ 0, 0, 0, 1 ], [ -1, 0, 1, 0 ], [ 0, -1, 0, 1 ] ], 
  [ [ 1, 0, -1, 0 ], [ 0, 1, 0, -1 ], [ 1, 0, 0, 0 ], [ 0, 1, 0, 0 ] ], 
  [ [ 1, 0, 0, 0 ], [ 0, 1, 0, 0 ], [ 0, 0, 1, 0 ], [ 0, 0, 0, 1 ] ] ]),BoundaryImage:=rec(ListIFace:=[ 1, 2 ],ListSign:=[ -1, 1 ],ListElt:=[ [ [ -3, -1, -2, 1 ], [ 22, -3, -22, -2 ], [ -6, 0, 3, 1 ], 
      [ 0, -6, -22, 3 ] ], 
  [ [ 46, -1, 19, 7 ], [ 22, 46, -154, 19 ], [ 19, -9, 38, 0 ], 
      [ 198, 19, 0, 38 ] ] ])),rec(TheMatrixStab:=Group([ [ [ -3, -1, -3, 1 ], [ 22, -3, -22, -3 ], [ -5, 0, 2, 1 ], 
      [ 0, -5, -22, 2 ] ], 
  [ [ -2, -1, -3, 1 ], [ 22, -2, -22, -3 ], [ -5, 0, 3, 1 ], 
      [ 0, -5, -22, 3 ] ], 
  [ [ -1, 0, 0, 0 ], [ 0, -1, 0, 0 ], [ 0, 0, -1, 0 ], [ 0, 0, 0, -1 ] ], 
  [ [ 1, 0, 0, 0 ], [ 0, 1, 0, 0 ], [ 0, 0, 1, 0 ], [ 0, 0, 0, 1 ] ], 
  [ [ 2, 1, 3, -1 ], [ -22, 2, 22, 3 ], [ 5, 0, -3, -1 ], [ 0, 5, 22, -3 ] ], 
  [ [ 3, 1, 3, -1 ], [ -22, 3, 22, 3 ], [ 5, 0, -2, -1 ], [ 0, 5, 22, -2 ] ] ]),TheRotSubgroup:=Group([ [ [ -3, -1, -3, 1 ], [ 22, -3, -22, -3 ], [ -5, 0, 2, 1 ], 
      [ 0, -5, -22, 2 ] ], 
  [ [ -2, -1, -3, 1 ], [ 22, -2, -22, -3 ], [ -5, 0, 3, 1 ], 
      [ 0, -5, -22, 3 ] ], 
  [ [ -1, 0, 0, 0 ], [ 0, -1, 0, 0 ], [ 0, 0, -1, 0 ], [ 0, 0, 0, -1 ] ], 
  [ [ 1, 0, 0, 0 ], [ 0, 1, 0, 0 ], [ 0, 0, 1, 0 ], [ 0, 0, 0, 1 ] ], 
  [ [ 2, 1, 3, -1 ], [ -22, 2, 22, 3 ], [ 5, 0, -3, -1 ], [ 0, 5, 22, -3 ] ], 
  [ [ 3, 1, 3, -1 ], [ -22, 3, 22, 3 ], [ 5, 0, -2, -1 ], [ 0, 5, 22, -2 ] ] ]),BoundaryImage:=rec(ListIFace:=[ 1, 2 ],ListSign:=[ -1, 1 ],ListElt:=[ [ [ -3, 1, 6, 0 ], [ -22, -3, 0, 6 ], [ 2, 1, 3, -1 ], [ -22, 2, 22, 3 ] ], 
  [ [ 0, -10, 43, -6 ], [ 220, 0, 132, 43 ], [ -43, -6, 0, -12 ], 
      [ 132, -43, 264, 0 ] ] ])),rec(TheMatrixStab:=Group([ [ [ -5, 0, 2, 1 ], [ 0, -5, -22, 2 ], [ -2, 1, 5, 0 ], [ -22, -2, 0, 5 ] ], 
  [ [ -1, 0, 0, 0 ], [ 0, -1, 0, 0 ], [ 0, 0, -1, 0 ], [ 0, 0, 0, -1 ] ], 
  [ [ 1, 0, 0, 0 ], [ 0, 1, 0, 0 ], [ 0, 0, 1, 0 ], [ 0, 0, 0, 1 ] ], 
  [ [ 5, 0, -2, -1 ], [ 0, 5, 22, -2 ], [ 2, -1, -5, 0 ], [ 22, 2, 0, -5 ] ] ]),TheRotSubgroup:=Group([ [ [ -5, 0, 2, 1 ], [ 0, -5, -22, 2 ], [ -2, 1, 5, 0 ], [ -22, -2, 0, 5 ] ], 
  [ [ -1, 0, 0, 0 ], [ 0, -1, 0, 0 ], [ 0, 0, -1, 0 ], [ 0, 0, 0, -1 ] ], 
  [ [ 1, 0, 0, 0 ], [ 0, 1, 0, 0 ], [ 0, 0, 1, 0 ], [ 0, 0, 0, 1 ] ], 
  [ [ 5, 0, -2, -1 ], [ 0, 5, 22, -2 ], [ 2, -1, -5, 0 ], [ 22, 2, 0, -5 ] ] ]),BoundaryImage:=rec(ListIFace:=[ 1, 3 ],ListSign:=[ -1, 1 ],ListElt:=[ [ [ 3, 1, 3, -1 ], [ -22, 3, 22, 3 ], [ 5, 0, -2, -1 ], [ 0, 5, 22, -2 ] ], 
  [ [ 1, 0, 0, 0 ], [ 0, 1, 0, 0 ], [ 0, 0, 1, 0 ], [ 0, 0, 0, 1 ] ] ])),rec(TheMatrixStab:=Group([ [ [ -5, 0, -2, -1 ], [ 0, -5, 22, -2 ], [ 2, -1, 5, 0 ], [ 22, 2, 0, 5 ] ], 
  [ [ -1, 0, 0, 0 ], [ 0, -1, 0, 0 ], [ 0, 0, -1, 0 ], [ 0, 0, 0, -1 ] ], 
  [ [ 1, 0, 0, 0 ], [ 0, 1, 0, 0 ], [ 0, 0, 1, 0 ], [ 0, 0, 0, 1 ] ], 
  [ [ 5, 0, 2, 1 ], [ 0, 5, -22, 2 ], [ -2, 1, -5, 0 ], [ -22, -2, 0, -5 ] ] ]),TheRotSubgroup:=Group([ [ [ -5, 0, -2, -1 ], [ 0, -5, 22, -2 ], [ 2, -1, 5, 0 ], [ 22, 2, 0, 5 ] ], 
  [ [ -1, 0, 0, 0 ], [ 0, -1, 0, 0 ], [ 0, 0, -1, 0 ], [ 0, 0, 0, -1 ] ], 
  [ [ 1, 0, 0, 0 ], [ 0, 1, 0, 0 ], [ 0, 0, 1, 0 ], [ 0, 0, 0, 1 ] ], 
  [ [ 5, 0, 2, 1 ], [ 0, 5, -22, 2 ], [ -2, 1, -5, 0 ], [ -22, -2, 0, -5 ] ] ]),BoundaryImage:=rec(ListIFace:=[ 2, 4 ],ListSign:=[ -1, 1 ],ListElt:=[ [ [ 2, -1, 5, 0 ], [ 22, 2, 0, 5 ], [ 3, 1, -3, 1 ], [ -22, 3, -22, -3 ] ], 
  [ [ 1, 0, 0, 0 ], [ 0, 1, 0, 0 ], [ 0, 0, 1, 0 ], [ 0, 0, 0, 1 ] ] ])),rec(TheMatrixStab:=Group([ [ [ -5, 0, 2, 1 ], [ 0, -5, -22, 2 ], [ -2, 1, 5, 0 ], [ -22, -2, 0, 5 ] ], 
  [ [ -1, 0, 0, 0 ], [ 0, -1, 0, 0 ], [ 0, 0, -1, 0 ], [ 0, 0, 0, -1 ] ], 
  [ [ 1, 0, 0, 0 ], [ 0, 1, 0, 0 ], [ 0, 0, 1, 0 ], [ 0, 0, 0, 1 ] ], 
  [ [ 5, 0, -2, -1 ], [ 0, 5, 22, -2 ], [ 2, -1, -5, 0 ], [ 22, 2, 0, -5 ] ] ]),TheRotSubgroup:=Group([ [ [ -5, 0, 2, 1 ], [ 0, -5, -22, 2 ], [ -2, 1, 5, 0 ], [ -22, -2, 0, 5 ] ], 
  [ [ -1, 0, 0, 0 ], [ 0, -1, 0, 0 ], [ 0, 0, -1, 0 ], [ 0, 0, 0, -1 ] ], 
  [ [ 1, 0, 0, 0 ], [ 0, 1, 0, 0 ], [ 0, 0, 1, 0 ], [ 0, 0, 0, 1 ] ], 
  [ [ 5, 0, -2, -1 ], [ 0, 5, 22, -2 ], [ 2, -1, -5, 0 ], [ 22, 2, 0, -5 ] ] ]),BoundaryImage:=rec(ListIFace:=[ 3, 4 ],ListSign:=[ -1, 1 ],ListElt:=[ [ [ -5, 0, 2, 1 ], [ 0, -5, -22, 2 ], [ -2, 1, 5, 0 ], [ -22, -2, 0, 5 ] ], 
  [ [ 0, -23, 89, -13 ], [ 506, 0, 286, 89 ], [ -89, -13, 0, -23 ], 
      [ 286, -89, 506, 0 ] ] ])),rec(TheMatrixStab:=Group([ [ [ -1, 0, 0, 0 ], [ 0, -1, 0, 0 ], [ 0, 0, -1, 0 ], [ 0, 0, 0, -1 ] ], 
  [ [ 1, 0, 0, 0 ], [ 0, 1, 0, 0 ], [ 0, 0, 1, 0 ], [ 0, 0, 0, 1 ] ] ]),TheRotSubgroup:=Group([ [ [ -1, 0, 0, 0 ], [ 0, -1, 0, 0 ], [ 0, 0, -1, 0 ], [ 0, 0, 0, -1 ] ], 
  [ [ 1, 0, 0, 0 ], [ 0, 1, 0, 0 ], [ 0, 0, 1, 0 ], [ 0, 0, 0, 1 ] ] ]),BoundaryImage:=rec(ListIFace:=[ 3, 5 ],ListSign:=[ -1, 1 ],ListElt:=[ [ [ -5, 0, 2, 1 ], [ 0, -5, -22, 2 ], [ -2, 1, 5, 0 ], [ -22, -2, 0, 5 ] ], 
  [ [ -1, 0, 0, 0 ], [ 0, -1, 0, 0 ], [ 0, 0, -1, 0 ], [ 0, 0, 0, -1 ] ] ])),rec(TheMatrixStab:=Group([ [ [ -1, 0, 0, 0 ], [ 0, -1, 0, 0 ], [ 0, 0, -1, 0 ], [ 0, 0, 0, -1 ] ], 
  [ [ 1, 0, 0, 0 ], [ 0, 1, 0, 0 ], [ 0, 0, 1, 0 ], [ 0, 0, 0, 1 ] ] ]),TheRotSubgroup:=Group([ [ [ -1, 0, 0, 0 ], [ 0, -1, 0, 0 ], [ 0, 0, -1, 0 ], [ 0, 0, 0, -1 ] ], 
  [ [ 1, 0, 0, 0 ], [ 0, 1, 0, 0 ], [ 0, 0, 1, 0 ], [ 0, 0, 0, 1 ] ] ]),BoundaryImage:=rec(ListIFace:=[ 4, 6 ],ListSign:=[ -1, 1 ],ListElt:=[ [ [ -1, 0, 0, 0 ], [ 0, -1, 0, 0 ], [ 0, 0, -1, 0 ], [ 0, 0, 0, -1 ] ], 
  [ [ -1, 0, 0, 0 ], [ 0, -1, 0, 0 ], [ 0, 0, -1, 0 ], [ 0, 0, 0, -1 ] ] ])),rec(TheMatrixStab:=Group([ [ [ -1, 0, 0, 0 ], [ 0, -1, 0, 0 ], [ 0, 0, -1, 0 ], [ 0, 0, 0, -1 ] ], 
  [ [ 1, 0, 0, 0 ], [ 0, 1, 0, 0 ], [ 0, 0, 1, 0 ], [ 0, 0, 0, 1 ] ] ]),TheRotSubgroup:=Group([ [ [ -1, 0, 0, 0 ], [ 0, -1, 0, 0 ], [ 0, 0, -1, 0 ], [ 0, 0, 0, -1 ] ], 
  [ [ 1, 0, 0, 0 ], [ 0, 1, 0, 0 ], [ 0, 0, 1, 0 ], [ 0, 0, 0, 1 ] ] ]),BoundaryImage:=rec(ListIFace:=[ 3, 7 ],ListSign:=[ -1, 1 ],ListElt:=[ [ [ 1, 0, 0, 0 ], [ 0, 1, 0, 0 ], [ 0, 0, 1, 0 ], [ 0, 0, 0, 1 ] ], 
  [ [ 1, 0, 0, 0 ], [ 0, 1, 0, 0 ], [ 0, 0, 1, 0 ], [ 0, 0, 0, 1 ] ] ])),rec(TheMatrixStab:=Group([ [ [ -1, 0, 0, 0 ], [ 0, -1, 0, 0 ], [ 0, 0, -1, 0 ], [ 0, 0, 0, -1 ] ], 
  [ [ 1, 0, 0, 0 ], [ 0, 1, 0, 0 ], [ 0, 0, 1, 0 ], [ 0, 0, 0, 1 ] ] ]),TheRotSubgroup:=Group([ [ [ -1, 0, 0, 0 ], [ 0, -1, 0, 0 ], [ 0, 0, -1, 0 ], [ 0, 0, 0, -1 ] ], 
  [ [ 1, 0, 0, 0 ], [ 0, 1, 0, 0 ], [ 0, 0, 1, 0 ], [ 0, 0, 0, 1 ] ] ]),BoundaryImage:=rec(ListIFace:=[ 4, 8 ],ListSign:=[ -1, 1 ],ListElt:=[ [ [ 1, 0, 0, 0 ], [ 0, 1, 0, 0 ], [ 0, 0, 1, 0 ], [ 0, 0, 0, 1 ] ], 
  [ [ -1, 0, 0, 0 ], [ 0, -1, 0, 0 ], [ 0, 0, -1, 0 ], [ 0, 0, 0, -1 ] ] ])),rec(TheMatrixStab:=Group([ [ [ -1, 0, 0, 0 ], [ 0, -1, 0, 0 ], [ 0, 0, -1, 0 ], [ 0, 0, 0, -1 ] ], 
  [ [ 1, 0, 0, 0 ], [ 0, 1, 0, 0 ], [ 0, 0, 1, 0 ], [ 0, 0, 0, 1 ] ] ]),TheRotSubgroup:=Group([ [ [ -1, 0, 0, 0 ], [ 0, -1, 0, 0 ], [ 0, 0, -1, 0 ], [ 0, 0, 0, -1 ] ], 
  [ [ 1, 0, 0, 0 ], [ 0, 1, 0, 0 ], [ 0, 0, 1, 0 ], [ 0, 0, 0, 1 ] ] ]),BoundaryImage:=rec(ListIFace:=[ 3, 9 ],ListSign:=[ -1, 1 ],ListElt:=[ [ [ -1, 0, 0, 0 ], [ 0, -1, 0, 0 ], [ 0, 0, -1, 0 ], [ 0, 0, 0, -1 ] ], 
  [ [ -1, 0, 0, 0 ], [ 0, -1, 0, 0 ], [ 0, 0, -1, 0 ], [ 0, 0, 0, -1 ] ] ])),rec(TheMatrixStab:=Group([ [ [ -1, 0, 0, 0 ], [ 0, -1, 0, 0 ], [ 0, 0, -1, 0 ], [ 0, 0, 0, -1 ] ], 
  [ [ 1, 0, 0, 0 ], [ 0, 1, 0, 0 ], [ 0, 0, 1, 0 ], [ 0, 0, 0, 1 ] ] ]),TheRotSubgroup:=Group([ [ [ -1, 0, 0, 0 ], [ 0, -1, 0, 0 ], [ 0, 0, -1, 0 ], [ 0, 0, 0, -1 ] ], 
  [ [ 1, 0, 0, 0 ], [ 0, 1, 0, 0 ], [ 0, 0, 1, 0 ], [ 0, 0, 0, 1 ] ] ]),BoundaryImage:=rec(ListIFace:=[ 4, 10 ],ListSign:=[ -1, 1 ],ListElt:=[ [ [ -5, 0, -2, -1 ], [ 0, -5, 22, -2 ], [ 2, -1, 5, 0 ], [ 22, 2, 0, 5 ] ], 
  [ [ 1, 0, 0, 0 ], [ 0, 1, 0, 0 ], [ 0, 0, 1, 0 ], [ 0, 0, 0, 1 ] ] ])),rec(TheMatrixStab:=Group([ [ [ -1, 0, 0, 0 ], [ 0, -1, 0, 0 ], [ 0, 0, -1, 0 ], [ 0, 0, 0, -1 ] ], 
  [ [ 1, 0, 0, 0 ], [ 0, 1, 0, 0 ], [ 0, 0, 1, 0 ], [ 0, 0, 0, 1 ] ] ]),TheRotSubgroup:=Group([ [ [ -1, 0, 0, 0 ], [ 0, -1, 0, 0 ], [ 0, 0, -1, 0 ], [ 0, 0, 0, -1 ] ], 
  [ [ 1, 0, 0, 0 ], [ 0, 1, 0, 0 ], [ 0, 0, 1, 0 ], [ 0, 0, 0, 1 ] ] ]),BoundaryImage:=rec(ListIFace:=[ 3, 11 ],ListSign:=[ -1, 1 ],ListElt:=[ [ [ -5, 0, 2, 1 ], [ 0, -5, -22, 2 ], [ -2, 1, 5, 0 ], [ -22, -2, 0, 5 ] ], 
  [ [ 1, 0, 0, 0 ], [ 0, 1, 0, 0 ], [ 0, 0, 1, 0 ], [ 0, 0, 0, 1 ] ] ])),rec(TheMatrixStab:=Group([ [ [ -1, 0, 0, 0 ], [ 0, -1, 0, 0 ], [ 0, 0, -1, 0 ], [ 0, 0, 0, -1 ] ], 
  [ [ 1, 0, 0, 0 ], [ 0, 1, 0, 0 ], [ 0, 0, 1, 0 ], [ 0, 0, 0, 1 ] ] ]),TheRotSubgroup:=Group([ [ [ -1, 0, 0, 0 ], [ 0, -1, 0, 0 ], [ 0, 0, -1, 0 ], [ 0, 0, 0, -1 ] ], 
  [ [ 1, 0, 0, 0 ], [ 0, 1, 0, 0 ], [ 0, 0, 1, 0 ], [ 0, 0, 0, 1 ] ] ]),BoundaryImage:=rec(ListIFace:=[ 4, 12 ],ListSign:=[ -1, 1 ],ListElt:=[ [ [ -1, 0, 0, 0 ], [ 0, -1, 0, 0 ], [ 0, 0, -1, 0 ], [ 0, 0, 0, -1 ] ], 
  [ [ -1, 0, 0, 0 ], [ 0, -1, 0, 0 ], [ 0, 0, -1, 0 ], [ 0, 0, 0, -1 ] ] ])),rec(TheMatrixStab:=Group([ [ [ -1, 0, 0, 0 ], [ 0, -1, 0, 0 ], [ 0, 0, -1, 0 ], [ 0, 0, 0, -1 ] ], 
  [ [ 1, 0, 0, 0 ], [ 0, 1, 0, 0 ], [ 0, 0, 1, 0 ], [ 0, 0, 0, 1 ] ] ]),TheRotSubgroup:=Group([ [ [ -1, 0, 0, 0 ], [ 0, -1, 0, 0 ], [ 0, 0, -1, 0 ], [ 0, 0, 0, -1 ] ], 
  [ [ 1, 0, 0, 0 ], [ 0, 1, 0, 0 ], [ 0, 0, 1, 0 ], [ 0, 0, 0, 1 ] ] ]),BoundaryImage:=rec(ListIFace:=[ 5, 7 ],ListSign:=[ -1, 1 ],ListElt:=[ [ [ -1, 0, 0, 0 ], [ 0, -1, 0, 0 ], [ 0, 0, -1, 0 ], [ 0, 0, 0, -1 ] ], 
  [ [ -1, 0, 0, 0 ], [ 0, -1, 0, 0 ], [ 0, 0, -1, 0 ], [ 0, 0, 0, -1 ] ] ])),rec(TheMatrixStab:=Group([ [ [ -1, 0, 0, 0 ], [ 0, -1, 0, 0 ], [ 0, 0, -1, 0 ], [ 0, 0, 0, -1 ] ], 
  [ [ 1, 0, 0, 0 ], [ 0, 1, 0, 0 ], [ 0, 0, 1, 0 ], [ 0, 0, 0, 1 ] ] ]),TheRotSubgroup:=Group([ [ [ -1, 0, 0, 0 ], [ 0, -1, 0, 0 ], [ 0, 0, -1, 0 ], [ 0, 0, 0, -1 ] ], 
  [ [ 1, 0, 0, 0 ], [ 0, 1, 0, 0 ], [ 0, 0, 1, 0 ], [ 0, 0, 0, 1 ] ] ]),BoundaryImage:=rec(ListIFace:=[ 6, 8 ],ListSign:=[ -1, 1 ],ListElt:=[ [ [ 1, 0, 0, 0 ], [ 0, 1, 0, 0 ], [ 0, 0, 1, 0 ], [ 0, 0, 0, 1 ] ], 
  [ [ 1, 0, 0, 0 ], [ 0, 1, 0, 0 ], [ 0, 0, 1, 0 ], [ 0, 0, 0, 1 ] ] ])),rec(TheMatrixStab:=Group([ [ [ -1, 0, 0, 0 ], [ 0, -1, 0, 0 ], [ 0, 0, -1, 0 ], [ 0, 0, 0, -1 ] ], 
  [ [ 1, 0, 0, 0 ], [ 0, 1, 0, 0 ], [ 0, 0, 1, 0 ], [ 0, 0, 0, 1 ] ] ]),TheRotSubgroup:=Group([ [ [ -1, 0, 0, 0 ], [ 0, -1, 0, 0 ], [ 0, 0, -1, 0 ], [ 0, 0, 0, -1 ] ], 
  [ [ 1, 0, 0, 0 ], [ 0, 1, 0, 0 ], [ 0, 0, 1, 0 ], [ 0, 0, 0, 1 ] ] ]),BoundaryImage:=rec(ListIFace:=[ 5, 10 ],ListSign:=[ -1, 1 ],ListElt:=[ [ [ 1, 0, 0, 0 ], [ 0, 1, 0, 0 ], [ 0, 0, 1, 0 ], [ 0, 0, 0, 1 ] ], 
  [ [ 6, 7, -25, 5 ], [ -154, 6, -110, -25 ], [ 29, 3, 4, 7 ], 
      [ -66, 29, -154, 4 ] ] ])),rec(TheMatrixStab:=Group([ [ [ -1, 0, 0, 0 ], [ 0, -1, 0, 0 ], [ 0, 0, -1, 0 ], [ 0, 0, 0, -1 ] ], 
  [ [ 1, 0, 0, 0 ], [ 0, 1, 0, 0 ], [ 0, 0, 1, 0 ], [ 0, 0, 0, 1 ] ] ]),TheRotSubgroup:=Group([ [ [ -1, 0, 0, 0 ], [ 0, -1, 0, 0 ], [ 0, 0, -1, 0 ], [ 0, 0, 0, -1 ] ], 
  [ [ 1, 0, 0, 0 ], [ 0, 1, 0, 0 ], [ 0, 0, 1, 0 ], [ 0, 0, 0, 1 ] ] ]),BoundaryImage:=rec(ListIFace:=[ 6, 9 ],ListSign:=[ -1, 1 ],ListElt:=[ [ [ -1, 0, 0, 0 ], [ 0, -1, 0, 0 ], [ 0, 0, -1, 0 ], [ 0, 0, 0, -1 ] ], 
  [ [ 6, 7, 25, -5 ], [ -154, 6, 110, 25 ], [ -29, -3, 4, 7 ], 
      [ 66, -29, -154, 4 ] ] ])),rec(TheMatrixStab:=Group([ [ [ -1, 0, 0, 0 ], [ 0, -1, 0, 0 ], [ 0, 0, -1, 0 ], [ 0, 0, 0, -1 ] ], 
  [ [ 1, 0, 0, 0 ], [ 0, 1, 0, 0 ], [ 0, 0, 1, 0 ], [ 0, 0, 0, 1 ] ] ]),TheRotSubgroup:=Group([ [ [ -1, 0, 0, 0 ], [ 0, -1, 0, 0 ], [ 0, 0, -1, 0 ], [ 0, 0, 0, -1 ] ], 
  [ [ 1, 0, 0, 0 ], [ 0, 1, 0, 0 ], [ 0, 0, 1, 0 ], [ 0, 0, 0, 1 ] ] ]),BoundaryImage:=rec(ListIFace:=[ 5, 11 ],ListSign:=[ -1, 1 ],ListElt:=[ [ [ -1, 0, 0, 0 ], [ 0, -1, 0, 0 ], [ 0, 0, -1, 0 ], [ 0, 0, 0, -1 ] ], 
  [ [ -5, 0, 2, 1 ], [ 0, -5, -22, 2 ], [ -2, 1, 5, 0 ], [ -22, -2, 0, 5 ] ] ])),rec(TheMatrixStab:=Group([ [ [ -1, 0, 0, 0 ], [ 0, -1, 0, 0 ], [ 0, 0, -1, 0 ], [ 0, 0, 0, -1 ] ], 
  [ [ 1, 0, 0, 0 ], [ 0, 1, 0, 0 ], [ 0, 0, 1, 0 ], [ 0, 0, 0, 1 ] ] ]),TheRotSubgroup:=Group([ [ [ -1, 0, 0, 0 ], [ 0, -1, 0, 0 ], [ 0, 0, -1, 0 ], [ 0, 0, 0, -1 ] ], 
  [ [ 1, 0, 0, 0 ], [ 0, 1, 0, 0 ], [ 0, 0, 1, 0 ], [ 0, 0, 0, 1 ] ] ]),BoundaryImage:=rec(ListIFace:=[ 6, 12 ],ListSign:=[ -1, 1 ],ListElt:=[ [ [ -1, 0, 0, 0 ], [ 0, -1, 0, 0 ], [ 0, 0, -1, 0 ], [ 0, 0, 0, -1 ] ], 
  [ [ 5, 0, 2, 1 ], [ 0, 5, -22, 2 ], [ -2, 1, -5, 0 ], [ -22, -2, 0, -5 ] ] ])),rec(TheMatrixStab:=Group([ [ [ -1, 0, 0, 0 ], [ 0, -1, 0, 0 ], [ 0, 0, -1, 0 ], [ 0, 0, 0, -1 ] ], 
  [ [ 1, 0, 0, 0 ], [ 0, 1, 0, 0 ], [ 0, 0, 1, 0 ], [ 0, 0, 0, 1 ] ] ]),TheRotSubgroup:=Group([ [ [ -1, 0, 0, 0 ], [ 0, -1, 0, 0 ], [ 0, 0, -1, 0 ], [ 0, 0, 0, -1 ] ], 
  [ [ 1, 0, 0, 0 ], [ 0, 1, 0, 0 ], [ 0, 0, 1, 0 ], [ 0, 0, 0, 1 ] ] ]),BoundaryImage:=rec(ListIFace:=[ 5, 13 ],ListSign:=[ -1, 1 ],ListElt:=[ [ [ -1, 0, 0, 0 ], [ 0, -1, 0, 0 ], [ 0, 0, -1, 0 ], [ 0, 0, 0, -1 ] ], 
  [ [ -1, 0, 0, 0 ], [ 0, -1, 0, 0 ], [ 0, 0, -1, 0 ], [ 0, 0, 0, -1 ] ] ])),rec(TheMatrixStab:=Group([ [ [ -1, 0, 0, 0 ], [ 0, -1, 0, 0 ], [ 0, 0, -1, 0 ], [ 0, 0, 0, -1 ] ], 
  [ [ 1, 0, 0, 0 ], [ 0, 1, 0, 0 ], [ 0, 0, 1, 0 ], [ 0, 0, 0, 1 ] ] ]),TheRotSubgroup:=Group([ [ [ -1, 0, 0, 0 ], [ 0, -1, 0, 0 ], [ 0, 0, -1, 0 ], [ 0, 0, 0, -1 ] ], 
  [ [ 1, 0, 0, 0 ], [ 0, 1, 0, 0 ], [ 0, 0, 1, 0 ], [ 0, 0, 0, 1 ] ] ]),BoundaryImage:=rec(ListIFace:=[ 6, 14 ],ListSign:=[ -1, 1 ],ListElt:=[ [ [ -1, 0, 0, 0 ], [ 0, -1, 0, 0 ], [ 0, 0, -1, 0 ], [ 0, 0, 0, -1 ] ], 
  [ [ -1, 0, 0, 0 ], [ 0, -1, 0, 0 ], [ 0, 0, -1, 0 ], [ 0, 0, 0, -1 ] ] ])),rec(TheMatrixStab:=Group([ [ [ -1, 0, 0, 0 ], [ 0, -1, 0, 0 ], [ 0, 0, -1, 0 ], [ 0, 0, 0, -1 ] ], 
  [ [ 1, 0, 0, 0 ], [ 0, 1, 0, 0 ], [ 0, 0, 1, 0 ], [ 0, 0, 0, 1 ] ] ]),TheRotSubgroup:=Group([ [ [ -1, 0, 0, 0 ], [ 0, -1, 0, 0 ], [ 0, 0, -1, 0 ], [ 0, 0, 0, -1 ] ], 
  [ [ 1, 0, 0, 0 ], [ 0, 1, 0, 0 ], [ 0, 0, 1, 0 ], [ 0, 0, 0, 1 ] ] ]),BoundaryImage:=rec(ListIFace:=[ 7, 14 ],ListSign:=[ -1, 1 ],ListElt:=[ [ [ -1, 0, 0, 0 ], [ 0, -1, 0, 0 ], [ 0, 0, -1, 0 ], [ 0, 0, 0, -1 ] ], 
  [ [ -7, -15, 55, -10 ], [ 330, -7, 220, 55 ], [ -61, -7, -8, -15 ], 
      [ 154, -61, 330, -8 ] ] ])),rec(TheMatrixStab:=Group([ [ [ -1, 0, 0, 0 ], [ 0, -1, 0, 0 ], [ 0, 0, -1, 0 ], [ 0, 0, 0, -1 ] ], 
  [ [ 1, 0, 0, 0 ], [ 0, 1, 0, 0 ], [ 0, 0, 1, 0 ], [ 0, 0, 0, 1 ] ] ]),TheRotSubgroup:=Group([ [ [ -1, 0, 0, 0 ], [ 0, -1, 0, 0 ], [ 0, 0, -1, 0 ], [ 0, 0, 0, -1 ] ], 
  [ [ 1, 0, 0, 0 ], [ 0, 1, 0, 0 ], [ 0, 0, 1, 0 ], [ 0, 0, 0, 1 ] ] ]),BoundaryImage:=rec(ListIFace:=[ 8, 13 ],ListSign:=[ -1, 1 ],ListElt:=[ [ [ 1, 0, 0, 0 ], [ 0, 1, 0, 0 ], [ 0, 0, 1, 0 ], [ 0, 0, 0, 1 ] ], 
  [ [ 7, 15, 55, -10 ], [ -330, 7, 220, 55 ], [ -61, -7, 8, 15 ], 
      [ 154, -61, -330, 8 ] ] ])),rec(TheMatrixStab:=Group([ [ [ -1, 0, 0, 0 ], [ 0, -1, 0, 0 ], [ 0, 0, -1, 0 ], [ 0, 0, 0, -1 ] ], 
  [ [ 1, 0, 0, 0 ], [ 0, 1, 0, 0 ], [ 0, 0, 1, 0 ], [ 0, 0, 0, 1 ] ] ]),TheRotSubgroup:=Group([ [ [ -1, 0, 0, 0 ], [ 0, -1, 0, 0 ], [ 0, 0, -1, 0 ], [ 0, 0, 0, -1 ] ], 
  [ [ 1, 0, 0, 0 ], [ 0, 1, 0, 0 ], [ 0, 0, 1, 0 ], [ 0, 0, 0, 1 ] ] ]),BoundaryImage:=rec(ListIFace:=[ 7, 9 ],ListSign:=[ -1, 1 ],ListElt:=[ [ [ -1, 0, 0, 0 ], [ 0, -1, 0, 0 ], [ 0, 0, -1, 0 ], [ 0, 0, 0, -1 ] ], 
  [ [ -1, 0, 0, 0 ], [ 0, -1, 0, 0 ], [ 0, 0, -1, 0 ], [ 0, 0, 0, -1 ] ] ])),rec(TheMatrixStab:=Group([ [ [ -1, 0, 0, 0 ], [ 0, -1, 0, 0 ], [ 0, 0, -1, 0 ], [ 0, 0, 0, -1 ] ], 
  [ [ 1, 0, 0, 0 ], [ 0, 1, 0, 0 ], [ 0, 0, 1, 0 ], [ 0, 0, 0, 1 ] ] ]),TheRotSubgroup:=Group([ [ [ -1, 0, 0, 0 ], [ 0, -1, 0, 0 ], [ 0, 0, -1, 0 ], [ 0, 0, 0, -1 ] ], 
  [ [ 1, 0, 0, 0 ], [ 0, 1, 0, 0 ], [ 0, 0, 1, 0 ], [ 0, 0, 0, 1 ] ] ]),BoundaryImage:=rec(ListIFace:=[ 8, 10 ],ListSign:=[ -1, 1 ],ListElt:=[ [ [ 1, 0, 0, 0 ], [ 0, 1, 0, 0 ], [ 0, 0, 1, 0 ], [ 0, 0, 0, 1 ] ], 
  [ [ -1, 0, 0, 0 ], [ 0, -1, 0, 0 ], [ 0, 0, -1, 0 ], [ 0, 0, 0, -1 ] ] ])),rec(TheMatrixStab:=Group([ [ [ -10, -7, -23, 6 ], [ 154, -10, -132, -23 ], [ -31, -2, 10, 7 ], 
      [ 44, -31, -154, 10 ] ], 
  [ [ -1, 0, 0, 0 ], [ 0, -1, 0, 0 ], [ 0, 0, -1, 0 ], [ 0, 0, 0, -1 ] ], 
  [ [ 1, 0, 0, 0 ], [ 0, 1, 0, 0 ], [ 0, 0, 1, 0 ], [ 0, 0, 0, 1 ] ], 
  [ [ 10, 7, 23, -6 ], [ -154, 10, 132, 23 ], [ 31, 2, -10, -7 ], 
      [ -44, 31, 154, -10 ] ] ]),TheRotSubgroup:=Group([ [ [ -1, 0, 0, 0 ], [ 0, -1, 0, 0 ], [ 0, 0, -1, 0 ], [ 0, 0, 0, -1 ] ], 
  [ [ 1, 0, 0, 0 ], [ 0, 1, 0, 0 ], [ 0, 0, 1, 0 ], [ 0, 0, 0, 1 ] ] ]),BoundaryImage:=rec(ListIFace:=[ 7, 7 ],ListSign:=[ -1, 1 ],ListElt:=[ [ [ 1, 0, 0, 0 ], [ 0, 1, 0, 0 ], [ 0, 0, 1, 0 ], [ 0, 0, 0, 1 ] ], 
  [ [ 10, 7, 23, -6 ], [ -154, 10, 132, 23 ], [ 31, 2, -10, -7 ], 
      [ -44, 31, 154, -10 ] ] ])),rec(TheMatrixStab:=Group([ [ [ -10, -7, 23, -6 ], [ 154, -10, 132, 23 ], [ 31, 2, 10, 7 ], 
      [ -44, 31, -154, 10 ] ], 
  [ [ -1, 0, 0, 0 ], [ 0, -1, 0, 0 ], [ 0, 0, -1, 0 ], [ 0, 0, 0, -1 ] ], 
  [ [ 1, 0, 0, 0 ], [ 0, 1, 0, 0 ], [ 0, 0, 1, 0 ], [ 0, 0, 0, 1 ] ], 
  [ [ 10, 7, -23, 6 ], [ -154, 10, -132, -23 ], [ -31, -2, -10, -7 ], 
      [ 44, -31, 154, -10 ] ] ]),TheRotSubgroup:=Group([ [ [ -1, 0, 0, 0 ], [ 0, -1, 0, 0 ], [ 0, 0, -1, 0 ], [ 0, 0, 0, -1 ] ], 
  [ [ 1, 0, 0, 0 ], [ 0, 1, 0, 0 ], [ 0, 0, 1, 0 ], [ 0, 0, 0, 1 ] ] ]),BoundaryImage:=rec(ListIFace:=[ 8, 8 ],ListSign:=[ -1, 1 ],ListElt:=[ [ [ 10, 7, -23, 6 ], [ -154, 10, -132, -23 ], [ -31, -2, -10, -7 ], 
      [ 44, -31, 154, -10 ] ], 
  [ [ -1, 0, 0, 0 ], [ 0, -1, 0, 0 ], [ 0, 0, -1, 0 ], [ 0, 0, 0, -1 ] ] ])),rec(TheMatrixStab:=Group([ [ [ -1, 0, 0, 0 ], [ 0, -1, 0, 0 ], [ 0, 0, -1, 0 ], [ 0, 0, 0, -1 ] ], 
  [ [ 1, 0, 0, 0 ], [ 0, 1, 0, 0 ], [ 0, 0, 1, 0 ], [ 0, 0, 0, 1 ] ] ]),TheRotSubgroup:=Group([ [ [ -1, 0, 0, 0 ], [ 0, -1, 0, 0 ], [ 0, 0, -1, 0 ], [ 0, 0, 0, -1 ] ], 
  [ [ 1, 0, 0, 0 ], [ 0, 1, 0, 0 ], [ 0, 0, 1, 0 ], [ 0, 0, 0, 1 ] ] ]),BoundaryImage:=rec(ListIFace:=[ 9, 11 ],ListSign:=[ -1, 1 ],ListElt:=[ [ [ 1, 0, 0, 0 ], [ 0, 1, 0, 0 ], [ 0, 0, 1, 0 ], [ 0, 0, 0, 1 ] ], 
  [ [ 1, 0, 0, 0 ], [ 0, 1, 0, 0 ], [ 0, 0, 1, 0 ], [ 0, 0, 0, 1 ] ] ])),rec(TheMatrixStab:=Group([ [ [ -1, 0, 0, 0 ], [ 0, -1, 0, 0 ], [ 0, 0, -1, 0 ], [ 0, 0, 0, -1 ] ], 
  [ [ 1, 0, 0, 0 ], [ 0, 1, 0, 0 ], [ 0, 0, 1, 0 ], [ 0, 0, 0, 1 ] ] ]),TheRotSubgroup:=Group([ [ [ -1, 0, 0, 0 ], [ 0, -1, 0, 0 ], [ 0, 0, -1, 0 ], [ 0, 0, 0, -1 ] ], 
  [ [ 1, 0, 0, 0 ], [ 0, 1, 0, 0 ], [ 0, 0, 1, 0 ], [ 0, 0, 0, 1 ] ] ]),BoundaryImage:=rec(ListIFace:=[ 10, 12 ],ListSign:=[ -1, 1 ],ListElt:=[ [ [ 1, 0, 0, 0 ], [ 0, 1, 0, 0 ], [ 0, 0, 1, 0 ], [ 0, 0, 0, 1 ] ], 
  [ [ 1, 0, 0, 0 ], [ 0, 1, 0, 0 ], [ 0, 0, 1, 0 ], [ 0, 0, 0, 1 ] ] ])),rec(TheMatrixStab:=Group([ [ [ -1, 0, 0, 0 ], [ 0, -1, 0, 0 ], [ 0, 0, -1, 0 ], [ 0, 0, 0, -1 ] ], 
  [ [ 1, 0, 0, 0 ], [ 0, 1, 0, 0 ], [ 0, 0, 1, 0 ], [ 0, 0, 0, 1 ] ] ]),TheRotSubgroup:=Group([ [ [ -1, 0, 0, 0 ], [ 0, -1, 0, 0 ], [ 0, 0, -1, 0 ], [ 0, 0, 0, -1 ] ], 
  [ [ 1, 0, 0, 0 ], [ 0, 1, 0, 0 ], [ 0, 0, 1, 0 ], [ 0, 0, 0, 1 ] ] ]),BoundaryImage:=rec(ListIFace:=[ 9, 13 ],ListSign:=[ -1, 1 ],ListElt:=[ [ [ 1, 0, 0, 0 ], [ 0, 1, 0, 0 ], [ 0, 0, 1, 0 ], [ 0, 0, 0, 1 ] ], 
  [ [ -6, -15, -55, 10 ], [ 330, -6, -220, -55 ], [ -61, -7, 9, 15 ], 
      [ 154, -61, -330, 9 ] ] ])),rec(TheMatrixStab:=Group([ [ [ -1, 0, 0, 0 ], [ 0, -1, 0, 0 ], [ 0, 0, -1, 0 ], [ 0, 0, 0, -1 ] ], 
  [ [ 1, 0, 0, 0 ], [ 0, 1, 0, 0 ], [ 0, 0, 1, 0 ], [ 0, 0, 0, 1 ] ] ]),TheRotSubgroup:=Group([ [ [ -1, 0, 0, 0 ], [ 0, -1, 0, 0 ], [ 0, 0, -1, 0 ], [ 0, 0, 0, -1 ] ], 
  [ [ 1, 0, 0, 0 ], [ 0, 1, 0, 0 ], [ 0, 0, 1, 0 ], [ 0, 0, 0, 1 ] ] ]),BoundaryImage:=rec(ListIFace:=[ 10, 14 ],ListSign:=[ -1, 1 ],ListElt:=[ [ [ 1, 0, 0, 0 ], [ 0, 1, 0, 0 ], [ 0, 0, 1, 0 ], [ 0, 0, 0, 1 ] ], 
  [ [ 6, 15, -55, 10 ], [ -330, 6, -220, -55 ], [ -61, -7, -9, -15 ], 
      [ 154, -61, 330, -9 ] ] ])),rec(TheMatrixStab:=Group([ [ [ -1, 0, 0, 0 ], [ 0, -1, 0, 0 ], [ 0, 0, -1, 0 ], [ 0, 0, 0, -1 ] ], 
  [ [ 1, 0, 0, 0 ], [ 0, 1, 0, 0 ], [ 0, 0, 1, 0 ], [ 0, 0, 0, 1 ] ] ]),TheRotSubgroup:=Group([ [ [ -1, 0, 0, 0 ], [ 0, -1, 0, 0 ], [ 0, 0, -1, 0 ], [ 0, 0, 0, -1 ] ], 
  [ [ 1, 0, 0, 0 ], [ 0, 1, 0, 0 ], [ 0, 0, 1, 0 ], [ 0, 0, 0, 1 ] ] ]),BoundaryImage:=rec(ListIFace:=[ 11, 14 ],ListSign:=[ -1, 1 ],ListElt:=[ [ [ 1, 0, 0, 0 ], [ 0, 1, 0, 0 ], [ 0, 0, 1, 0 ], [ 0, 0, 0, 1 ] ], 
  [ [ 1, 15, -57, 9 ], [ -330, 1, -198, -57 ], [ 59, 8, 4, 15 ], 
      [ -176, 59, -330, 4 ] ] ])),rec(TheMatrixStab:=Group([ [ [ -1, 0, 0, 0 ], [ 0, -1, 0, 0 ], [ 0, 0, -1, 0 ], [ 0, 0, 0, -1 ] ], 
  [ [ 1, 0, 0, 0 ], [ 0, 1, 0, 0 ], [ 0, 0, 1, 0 ], [ 0, 0, 0, 1 ] ] ]),TheRotSubgroup:=Group([ [ [ -1, 0, 0, 0 ], [ 0, -1, 0, 0 ], [ 0, 0, -1, 0 ], [ 0, 0, 0, -1 ] ], 
  [ [ 1, 0, 0, 0 ], [ 0, 1, 0, 0 ], [ 0, 0, 1, 0 ], [ 0, 0, 0, 1 ] ] ]),BoundaryImage:=rec(ListIFace:=[ 12, 13 ],ListSign:=[ -1, 1 ],ListElt:=[ [ [ 1, 0, 0, 0 ], [ 0, 1, 0, 0 ], [ 0, 0, 1, 0 ], [ 0, 0, 0, 1 ] ], 
  [ [ 1, 15, 57, -9 ], [ -330, 1, 198, 57 ], [ -59, -8, 4, 15 ], 
      [ 176, -59, -330, 4 ] ] ])),rec(TheMatrixStab:=Group([ [ [ -44, 0, 23, 8 ], [ 0, -44, -176, 23 ], [ -23, 8, 44, 0 ], 
      [ -176, -23, 0, 44 ] ], 
  [ [ -1, 0, 0, 0 ], [ 0, -1, 0, 0 ], [ 0, 0, -1, 0 ], [ 0, 0, 0, -1 ] ], 
  [ [ 1, 0, 0, 0 ], [ 0, 1, 0, 0 ], [ 0, 0, 1, 0 ], [ 0, 0, 0, 1 ] ], 
  [ [ 44, 0, -23, -8 ], [ 0, 44, 176, -23 ], [ 23, -8, -44, 0 ], 
      [ 176, 23, 0, -44 ] ] ]),TheRotSubgroup:=Group([ [ [ -1, 0, 0, 0 ], [ 0, -1, 0, 0 ], [ 0, 0, -1, 0 ], [ 0, 0, 0, -1 ] ], 
  [ [ 1, 0, 0, 0 ], [ 0, 1, 0, 0 ], [ 0, 0, 1, 0 ], [ 0, 0, 0, 1 ] ] ]),BoundaryImage:=rec(ListIFace:=[ 11, 11 ],ListSign:=[ -1, 1 ],ListElt:=[ [ [ -1, 0, 0, 0 ], [ 0, -1, 0, 0 ], [ 0, 0, -1, 0 ], [ 0, 0, 0, -1 ] ], 
  [ [ -44, 0, 23, 8 ], [ 0, -44, -176, 23 ], [ -23, 8, 44, 0 ], 
      [ -176, -23, 0, 44 ] ] ])),rec(TheMatrixStab:=Group([ [ [ -44, 0, -23, -8 ], [ 0, -44, 176, -23 ], [ 23, -8, 44, 0 ], 
      [ 176, 23, 0, 44 ] ], 
  [ [ -1, 0, 0, 0 ], [ 0, -1, 0, 0 ], [ 0, 0, -1, 0 ], [ 0, 0, 0, -1 ] ], 
  [ [ 1, 0, 0, 0 ], [ 0, 1, 0, 0 ], [ 0, 0, 1, 0 ], [ 0, 0, 0, 1 ] ], 
  [ [ 44, 0, 23, 8 ], [ 0, 44, -176, 23 ], [ -23, 8, -44, 0 ], 
      [ -176, -23, 0, -44 ] ] ]),TheRotSubgroup:=Group([ [ [ -1, 0, 0, 0 ], [ 0, -1, 0, 0 ], [ 0, 0, -1, 0 ], [ 0, 0, 0, -1 ] ], 
  [ [ 1, 0, 0, 0 ], [ 0, 1, 0, 0 ], [ 0, 0, 1, 0 ], [ 0, 0, 0, 1 ] ] ]),BoundaryImage:=rec(ListIFace:=[ 12, 12 ],ListSign:=[ -1, 1 ],ListElt:=[ [ [ -44, 0, -23, -8 ], [ 0, -44, 176, -23 ], [ 23, -8, 44, 0 ], 
      [ 176, 23, 0, 44 ] ], 
  [ [ -1, 0, 0, 0 ], [ 0, -1, 0, 0 ], [ 0, 0, -1, 0 ], [ 0, 0, 0, -1 ] ] ])),rec(TheMatrixStab:=Group([ [ [ -91, -17, -13, 26 ], [ 374, -91, -572, -13 ], [ -116, 6, 91, 17 ], 
      [ -132, -116, -374, 91 ] ], 
  [ [ -1, 0, 0, 0 ], [ 0, -1, 0, 0 ], [ 0, 0, -1, 0 ], [ 0, 0, 0, -1 ] ], 
  [ [ 1, 0, 0, 0 ], [ 0, 1, 0, 0 ], [ 0, 0, 1, 0 ], [ 0, 0, 0, 1 ] ], 
  [ [ 91, 17, 13, -26 ], [ -374, 91, 572, 13 ], [ 116, -6, -91, -17 ], 
      [ 132, 116, 374, -91 ] ] ]),TheRotSubgroup:=Group([ [ [ -1, 0, 0, 0 ], [ 0, -1, 0, 0 ], [ 0, 0, -1, 0 ], [ 0, 0, 0, -1 ] ], 
  [ [ 1, 0, 0, 0 ], [ 0, 1, 0, 0 ], [ 0, 0, 1, 0 ], [ 0, 0, 0, 1 ] ] ]),BoundaryImage:=rec(ListIFace:=[ 13, 13 ],ListSign:=[ -1, 1 ],ListElt:=[ [ [ 91, 17, 13, -26 ], [ -374, 91, 572, 13 ], [ 116, -6, -91, -17 ], 
      [ 132, 116, 374, -91 ] ], 
  [ [ 1, 0, 0, 0 ], [ 0, 1, 0, 0 ], [ 0, 0, 1, 0 ], [ 0, 0, 0, 1 ] ] ])),rec(TheMatrixStab:=Group([ [ [ -91, -17, 13, -26 ], [ 374, -91, 572, 13 ], [ 116, -6, 91, 17 ], 
      [ 132, 116, -374, 91 ] ], 
  [ [ -1, 0, 0, 0 ], [ 0, -1, 0, 0 ], [ 0, 0, -1, 0 ], [ 0, 0, 0, -1 ] ], 
  [ [ 1, 0, 0, 0 ], [ 0, 1, 0, 0 ], [ 0, 0, 1, 0 ], [ 0, 0, 0, 1 ] ], 
  [ [ 91, 17, -13, 26 ], [ -374, 91, -572, -13 ], [ -116, 6, -91, -17 ], 
      [ -132, -116, 374, -91 ] ] ]),TheRotSubgroup:=Group([ [ [ -1, 0, 0, 0 ], [ 0, -1, 0, 0 ], [ 0, 0, -1, 0 ], [ 0, 0, 0, -1 ] ], 
  [ [ 1, 0, 0, 0 ], [ 0, 1, 0, 0 ], [ 0, 0, 1, 0 ], [ 0, 0, 0, 1 ] ] ]),BoundaryImage:=rec(ListIFace:=[ 14, 14 ],ListSign:=[ -1, 1 ],ListElt:=[ [ [ 91, 17, -13, 26 ], [ -374, 91, -572, -13 ], [ -116, 6, -91, -17 ], 
      [ -132, -116, 374, -91 ] ], 
  [ [ 1, 0, 0, 0 ], [ 0, 1, 0, 0 ], [ 0, 0, 1, 0 ], [ 0, 0, 0, 1 ] ] ]))],[rec(TheMatrixStab:=Group([ [ [ -44, 0, 23, 8 ], [ 0, -44, -176, 23 ], [ -23, 8, 44, 0 ], 
      [ -176, -23, 0, 44 ] ], 
  [ [ -1, 0, 0, 0 ], [ 0, -1, 0, 0 ], [ 0, 0, -1, 0 ], [ 0, 0, 0, -1 ] ], 
  [ [ 1, 0, 0, 0 ], [ 0, 1, 0, 0 ], [ 0, 0, 1, 0 ], [ 0, 0, 0, 1 ] ], 
  [ [ 44, 0, -23, -8 ], [ 0, 44, 176, -23 ], [ 23, -8, -44, 0 ], 
      [ 176, 23, 0, -44 ] ] ]),TheRotSubgroup:=Group([ [ [ -1, 0, 0, 0 ], [ 0, -1, 0, 0 ], [ 0, 0, -1, 0 ], [ 0, 0, 0, -1 ] ], 
  [ [ 1, 0, 0, 0 ], [ 0, 1, 0, 0 ], [ 0, 0, 1, 0 ], [ 0, 0, 0, 1 ] ] ]),BoundaryImage:=rec(ListIFace:=[ 1, 4, 13, 35, 13, 4, 3, 1, 12, 34, 12, 3 ],ListSign:=[ 1, 1, 1, 1, -1, -1, -1, -1, -1, -1, 1, 1 ],ListElt:=[ [ [ -1, 0, 0, 0 ], [ 0, -1, 0, 0 ], [ 0, 0, -1, 0 ], [ 0, 0, 0, -1 ] ], 
  [ [ 0, -16, 65, -8 ], [ 352, 0, 176, 65 ], [ -65, -8, 0, -16 ], 
      [ 176, -65, 352, 0 ] ], 
  [ [ 0, -16, 65, -8 ], [ 352, 0, 176, 65 ], [ -65, -8, 0, -16 ], 
      [ 176, -65, 352, 0 ] ], 
  [ [ -87, 0, -44, -16 ], [ 0, -87, 352, -44 ], [ -44, 16, -87, 0 ], 
      [ -352, -44, 0, -87 ] ], 
  [ [ -87, 0, -44, -16 ], [ 0, -87, 352, -44 ], [ -44, 16, -87, 0 ], 
      [ -352, -44, 0, -87 ] ], 
  [ [ -5, 12, -46, 7 ], [ -264, -5, -154, -46 ], [ 46, 7, 5, 12 ], 
      [ -154, 46, -264, 5 ] ], 
  [ [ -1, 0, 0, 0 ], [ 0, -1, 0, 0 ], [ 0, 0, -1, 0 ], [ 0, 0, 0, -1 ] ], 
  [ [ -21, 8, 44, 0 ], [ -176, -21, 0, 44 ], [ 21, 8, 23, -8 ], 
      [ -176, 21, 176, 23 ] ], 
  [ [ -1, 0, 0, 0 ], [ 0, -1, 0, 0 ], [ 0, 0, -1, 0 ], [ 0, 0, 0, -1 ] ], 
  [ [ 1, 0, 0, 0 ], [ 0, 1, 0, 0 ], [ 0, 0, 1, 0 ], [ 0, 0, 0, 1 ] ], 
  [ [ 44, 0, -23, -8 ], [ 0, 44, 176, -23 ], [ 23, -8, -44, 0 ], 
      [ 176, 23, 0, -44 ] ], 
  [ [ 2, -7, -27, 4 ], [ 154, 2, -88, -27 ], [ -27, -4, 2, 7 ], 
      [ 88, -27, -154, 2 ] ] ])),rec(TheMatrixStab:=Group([ [ [ -10, 7, 31, -2 ], [ -154, -10, 44, 31 ], [ 23, 6, 10, -7 ], 
      [ -132, 23, 154, 10 ] ], 
  [ [ -1, 0, 0, 0 ], [ 0, -1, 0, 0 ], [ 0, 0, -1, 0 ], [ 0, 0, 0, -1 ] ], 
  [ [ 1, 0, 0, 0 ], [ 0, 1, 0, 0 ], [ 0, 0, 1, 0 ], [ 0, 0, 0, 1 ] ], 
  [ [ 10, -7, -31, 2 ], [ 154, 10, -44, -31 ], [ -23, -6, -10, 7 ], 
      [ 132, -23, -154, -10 ] ] ]),TheRotSubgroup:=Group([ [ [ -1, 0, 0, 0 ], [ 0, -1, 0, 0 ], [ 0, 0, -1, 0 ], [ 0, 0, 0, -1 ] ], 
  [ [ 1, 0, 0, 0 ], [ 0, 1, 0, 0 ], [ 0, 0, 1, 0 ], [ 0, 0, 0, 1 ] ] ]),BoundaryImage:=rec(ListIFace:=[ 2, 4, 9, 3, 8, 26, 27, 8, 9, 4, 2, 3 ],ListSign:=[ 1, 1, 1, -1, -1, 1, 1, 1, -1, -1, -1, 1 ],ListElt:=[ [ [ 3, 1, 3, -1 ], [ -22, 3, 22, 3 ], [ 5, 0, -2, -1 ], [ 0, 5, 22, -2 ] ], 
  [ [ 46, 5, 5, 10 ], [ -110, 46, -220, 5 ], [ 49, -6, 46, 5 ], 
      [ 132, 49, -110, 46 ] ], 
  [ [ 0, -10, 43, -6 ], [ 220, 0, 132, 43 ], [ -43, -6, 0, -12 ], 
      [ 132, -43, 264, 0 ] ], 
  [ [ -1, 0, 0, 0 ], [ 0, -1, 0, 0 ], [ 0, 0, -1, 0 ], [ 0, 0, 0, -1 ] ], 
  [ [ -5, 0, 2, 1 ], [ 0, -5, -22, 2 ], [ -2, 1, 5, 0 ], [ -22, -2, 0, 5 ] ], 
  [ [ 32, 0, -19, -6 ], [ 0, 32, 132, -19 ], [ 19, -6, -36, 0 ], 
      [ 132, 19, 0, -36 ] ], 
  [ [ -57, 0, -34, -11 ], [ 0, -57, 242, -34 ], [ -34, 11, -67, 0 ], 
      [ -242, -34, 0, -67 ] ], 
  [ [ 32, 0, -19, -6 ], [ 0, 32, 132, -19 ], [ 19, -6, -36, 0 ], 
      [ 132, 19, 0, -36 ] ], 
  [ [ 57, 0, 34, 11 ], [ 0, 57, -242, 34 ], [ 34, -11, 67, 0 ], 
      [ 242, 34, 0, 67 ] ], 
  [ [ 57, 0, 34, 11 ], [ 0, 57, -242, 34 ], [ 34, -11, 67, 0 ], 
      [ 242, 34, 0, 67 ] ], 
  [ [ -19, -6, -13, 6 ], [ 132, -19, -132, -13 ], [ -36, 0, 17, 6 ], 
      [ 0, -36, -132, 17 ] ], 
  [ [ 32, 0, -19, -6 ], [ 0, 32, 132, -19 ], [ 19, -6, -36, 0 ], 
      [ 132, 19, 0, -36 ] ] ])),rec(TheMatrixStab:=Group([ [ [ -1, 0, 0, 0 ], [ 0, -1, 0, 0 ], [ 0, 0, -1, 0 ], [ 0, 0, 0, -1 ] ], 
  [ [ 1, 0, 0, 0 ], [ 0, 1, 0, 0 ], [ 0, 0, 1, 0 ], [ 0, 0, 0, 1 ] ] ]),TheRotSubgroup:=Group([ [ [ -1, 0, 0, 0 ], [ 0, -1, 0, 0 ], [ 0, 0, -1, 0 ], [ 0, 0, 0, -1 ] ], 
  [ [ 1, 0, 0, 0 ], [ 0, 1, 0, 0 ], [ 0, 0, 1, 0 ], [ 0, 0, 0, 1 ] ] ]),BoundaryImage:=rec(ListIFace:=[ 3, 3, 10, 17, 21, 31, 16, 6 ],ListSign:=[ 1, -1, -1, 1, -1, 1, 1, 1 ],ListElt:=[ [ [ 5, 0, -2, -1 ], [ 0, 5, 22, -2 ], [ 2, -1, -5, 0 ], [ 22, 2, 0, -5 ] ], 
  [ [ -3, -1, -3, 1 ], [ 22, -3, -22, -3 ], [ -5, 0, 2, 1 ], 
      [ 0, -5, -22, 2 ] ], 
  [ [ 1, 0, -1, 0 ], [ 0, 1, 0, -1 ], [ 1, 0, 0, 0 ], [ 0, 1, 0, 0 ] ], 
  [ [ -25, 4, -31, -2 ], [ -88, -25, 44, -31 ], [ 4, 7, -25, 5 ], 
      [ -154, 4, -110, -25 ] ], 
  [ [ -25, 4, -31, -2 ], [ -88, -25, 44, -31 ], [ 4, 7, -25, 5 ], 
      [ -154, 4, -110, -25 ] ], 
  [ [ -38, 0, -21, -7 ], [ 0, -38, 154, -21 ], [ -21, 7, -40, 0 ], 
      [ -154, -21, 0, -40 ] ], 
  [ [ 5, 0, -2, -1 ], [ 0, 5, 22, -2 ], [ 2, -1, -5, 0 ], [ 22, 2, 0, -5 ] ], 
  [ [ 5, 0, -2, -1 ], [ 0, 5, 22, -2 ], [ 2, -1, -5, 0 ], [ 22, 2, 0, -5 ] ] ])),rec(TheMatrixStab:=Group([ [ [ -1, 0, 0, 0 ], [ 0, -1, 0, 0 ], [ 0, 0, -1, 0 ], [ 0, 0, 0, -1 ] ], 
  [ [ 1, 0, 0, 0 ], [ 0, 1, 0, 0 ], [ 0, 0, 1, 0 ], [ 0, 0, 0, 1 ] ] ]),TheRotSubgroup:=Group([ [ [ -1, 0, 0, 0 ], [ 0, -1, 0, 0 ], [ 0, 0, -1, 0 ], [ 0, 0, 0, -1 ] ], 
  [ [ 1, 0, 0, 0 ], [ 0, 1, 0, 0 ], [ 0, 0, 1, 0 ], [ 0, 0, 0, 1 ] ] ]),BoundaryImage:=rec(ListIFace:=[ 4, 7, 4, 17, 11, 30, 20, 16 ],ListSign:=[ 1, 1, -1, 1, -1, 1, -1, 1 ],ListElt:=[ [ [ -1, 0, 0, 0 ], [ 0, -1, 0, 0 ], [ 0, 0, -1, 0 ], [ 0, 0, 0, -1 ] ], 
  [ [ 5, 0, 2, 1 ], [ 0, 5, -22, 2 ], [ -2, 1, -5, 0 ], [ -22, -2, 0, -5 ] ], 
  [ [ -3, -1, 3, -1 ], [ 22, -3, 22, 3 ], [ 5, 0, 2, 1 ], [ 0, 5, -22, 2 ] ], 
  [ [ 5, 0, 2, 1 ], [ 0, 5, -22, 2 ], [ -2, 1, -5, 0 ], [ -22, -2, 0, -5 ] ], 
  [ [ 1, 0, 1, 0 ], [ 0, 1, 0, 1 ], [ -1, 0, 0, 0 ], [ 0, -1, 0, 0 ] ], 
  [ [ 38, 0, -21, -7 ], [ 0, 38, 154, -21 ], [ -21, 7, 40, 0 ], 
      [ -154, -21, 0, 40 ] ], 
  [ [ 25, -4, -31, -2 ], [ 88, 25, 44, -31 ], [ 4, 7, 25, -5 ], 
      [ -154, 4, 110, 25 ] ], 
  [ [ 25, -4, -31, -2 ], [ 88, 25, 44, -31 ], [ 4, 7, 25, -5 ], 
      [ -154, 4, 110, 25 ] ] ])),rec(TheMatrixStab:=Group([ [ [ -1, 0, 0, 0 ], [ 0, -1, 0, 0 ], [ 0, 0, -1, 0 ], [ 0, 0, 0, -1 ] ], 
  [ [ 1, 0, 0, 0 ], [ 0, 1, 0, 0 ], [ 0, 0, 1, 0 ], [ 0, 0, 0, 1 ] ] ]),TheRotSubgroup:=Group([ [ [ -1, 0, 0, 0 ], [ 0, -1, 0, 0 ], [ 0, 0, -1, 0 ], [ 0, 0, 0, -1 ] ], 
  [ [ 1, 0, 0, 0 ], [ 0, 1, 0, 0 ], [ 0, 0, 1, 0 ], [ 0, 0, 0, 1 ] ] ]),BoundaryImage:=rec(ListIFace:=[ 5, 6, 20, 36, 11, 31, 30, 37, 21, 7, 10, 5 ],ListSign:=[ 1, -1, -1, -1, 1, 1, 1, 1, -1, -1, 1, -1 ],ListElt:=[ [ [ 5, 0, -2, -1 ], [ 0, 5, 22, -2 ], [ 2, -1, -5, 0 ], [ 22, 2, 0, -5 ] ], 
  [ [ 1, 0, 0, 0 ], [ 0, 1, 0, 0 ], [ 0, 0, 1, 0 ], [ 0, 0, 0, 1 ] ], 
  [ [ 1, 0, 0, 0 ], [ 0, 1, 0, 0 ], [ 0, 0, 1, 0 ], [ 0, 0, 0, 1 ] ], 
  [ [ 91, 17, 13, -26 ], [ -374, 91, 572, 13 ], [ 116, -6, -91, -17 ], 
      [ 132, 116, 374, -91 ] ], 
  [ [ 108, 0, 61, 19 ], [ 0, 108, -418, 61 ], [ 61, -19, 108, 0 ], 
      [ 418, 61, 0, 108 ] ], 
  [ [ 108, 0, 61, 19 ], [ 0, 108, -418, 61 ], [ 61, -19, 108, 0 ], 
      [ 418, 61, 0, 108 ] ], 
  [ [ -6, -23, -87, 14 ], [ 506, -6, -308, -87 ], [ -91, -12, 4, 23 ], 
      [ 264, -91, -506, 4 ] ], 
  [ [ 103, -23, 148, 5 ], [ 506, 103, -110, 148 ], [ -30, -31, 103, -23 ], 
      [ 682, -30, 506, 103 ] ], 
  [ [ 103, -23, 148, 5 ], [ 506, 103, -110, 148 ], [ -30, -31, 103, -23 ], 
      [ 682, -30, 506, 103 ] ], 
  [ [ 103, -23, 148, 5 ], [ 506, 103, -110, 148 ], [ -30, -31, 103, -23 ], 
      [ 682, -30, 506, 103 ] ], 
  [ [ -6, -23, -87, 14 ], [ 506, -6, -308, -87 ], [ -91, -12, 4, 23 ], 
      [ 264, -91, -506, 4 ] ], 
  [ [ 104, 0, -59, -18 ], [ 0, 104, 396, -59 ], [ 59, -18, -102, 0 ], 
      [ 396, 59, 0, -102 ] ] ])),rec(TheMatrixStab:=Group([ [ [ -1, 0, 0, 0 ], [ 0, -1, 0, 0 ], [ 0, 0, -1, 0 ], [ 0, 0, 0, -1 ] ], 
  [ [ 1, 0, 0, 0 ], [ 0, 1, 0, 0 ], [ 0, 0, 1, 0 ], [ 0, 0, 0, 1 ] ] ]),TheRotSubgroup:=Group([ [ [ -1, 0, 0, 0 ], [ 0, -1, 0, 0 ], [ 0, 0, -1, 0 ], [ 0, 0, 0, -1 ] ], 
  [ [ 1, 0, 0, 0 ], [ 0, 1, 0, 0 ], [ 0, 0, 1, 0 ], [ 0, 0, 0, 1 ] ] ]),BoundaryImage:=rec(ListIFace:=[ 6, 8, 14 ],ListSign:=[ 1, -1, 1 ],ListElt:=[ [ [ 1, 0, 0, 0 ], [ 0, 1, 0, 0 ], [ 0, 0, 1, 0 ], [ 0, 0, 0, 1 ] ], 
  [ [ 1, 0, 0, 0 ], [ 0, 1, 0, 0 ], [ 0, 0, 1, 0 ], [ 0, 0, 0, 1 ] ], 
  [ [ 1, 0, 0, 0 ], [ 0, 1, 0, 0 ], [ 0, 0, 1, 0 ], [ 0, 0, 0, 1 ] ] ])),rec(TheMatrixStab:=Group([ [ [ -1, 0, 0, 0 ], [ 0, -1, 0, 0 ], [ 0, 0, -1, 0 ], [ 0, 0, 0, -1 ] ], 
  [ [ 1, 0, 0, 0 ], [ 0, 1, 0, 0 ], [ 0, 0, 1, 0 ], [ 0, 0, 0, 1 ] ] ]),TheRotSubgroup:=Group([ [ [ -1, 0, 0, 0 ], [ 0, -1, 0, 0 ], [ 0, 0, -1, 0 ], [ 0, 0, 0, -1 ] ], 
  [ [ 1, 0, 0, 0 ], [ 0, 1, 0, 0 ], [ 0, 0, 1, 0 ], [ 0, 0, 0, 1 ] ] ]),BoundaryImage:=rec(ListIFace:=[ 7, 9, 15 ],ListSign:=[ 1, -1, 1 ],ListElt:=[ [ [ 1, 0, 0, 0 ], [ 0, 1, 0, 0 ], [ 0, 0, 1, 0 ], [ 0, 0, 0, 1 ] ], 
  [ [ 1, 0, 0, 0 ], [ 0, 1, 0, 0 ], [ 0, 0, 1, 0 ], [ 0, 0, 0, 1 ] ], 
  [ [ 1, 0, 0, 0 ], [ 0, 1, 0, 0 ], [ 0, 0, 1, 0 ], [ 0, 0, 0, 1 ] ] ])),rec(TheMatrixStab:=Group([ [ [ -1, 0, 0, 0 ], [ 0, -1, 0, 0 ], [ 0, 0, -1, 0 ], [ 0, 0, 0, -1 ] ], 
  [ [ 1, 0, 0, 0 ], [ 0, 1, 0, 0 ], [ 0, 0, 1, 0 ], [ 0, 0, 0, 1 ] ] ]),TheRotSubgroup:=Group([ [ [ -1, 0, 0, 0 ], [ 0, -1, 0, 0 ], [ 0, 0, -1, 0 ], [ 0, 0, 0, -1 ] ], 
  [ [ 1, 0, 0, 0 ], [ 0, 1, 0, 0 ], [ 0, 0, 1, 0 ], [ 0, 0, 0, 1 ] ] ]),BoundaryImage:=rec(ListIFace:=[ 6, 12, 18 ],ListSign:=[ 1, -1, 1 ],ListElt:=[ [ [ 1, 0, 0, 0 ], [ 0, 1, 0, 0 ], [ 0, 0, 1, 0 ], [ 0, 0, 0, 1 ] ], 
  [ [ 5, 0, -2, -1 ], [ 0, 5, 22, -2 ], [ 2, -1, -5, 0 ], [ 22, 2, 0, -5 ] ], 
  [ [ 1, 0, 0, 0 ], [ 0, 1, 0, 0 ], [ 0, 0, 1, 0 ], [ 0, 0, 0, 1 ] ] ])),rec(TheMatrixStab:=Group([ [ [ -1, 0, 0, 0 ], [ 0, -1, 0, 0 ], [ 0, 0, -1, 0 ], [ 0, 0, 0, -1 ] ], 
  [ [ 1, 0, 0, 0 ], [ 0, 1, 0, 0 ], [ 0, 0, 1, 0 ], [ 0, 0, 0, 1 ] ] ]),TheRotSubgroup:=Group([ [ [ -1, 0, 0, 0 ], [ 0, -1, 0, 0 ], [ 0, 0, -1, 0 ], [ 0, 0, 0, -1 ] ], 
  [ [ 1, 0, 0, 0 ], [ 0, 1, 0, 0 ], [ 0, 0, 1, 0 ], [ 0, 0, 0, 1 ] ] ]),BoundaryImage:=rec(ListIFace:=[ 7, 13, 19 ],ListSign:=[ 1, -1, 1 ],ListElt:=[ [ [ -1, 0, 0, 0 ], [ 0, -1, 0, 0 ], [ 0, 0, -1, 0 ], [ 0, 0, 0, -1 ] ], 
  [ [ -5, 0, -2, -1 ], [ 0, -5, 22, -2 ], [ 2, -1, 5, 0 ], [ 22, 2, 0, 5 ] ], 
  [ [ 1, 0, 0, 0 ], [ 0, 1, 0, 0 ], [ 0, 0, 1, 0 ], [ 0, 0, 0, 1 ] ] ])),rec(TheMatrixStab:=Group([ [ [ -1, 0, 0, 0 ], [ 0, -1, 0, 0 ], [ 0, 0, -1, 0 ], [ 0, 0, 0, -1 ] ], 
  [ [ 1, 0, 0, 0 ], [ 0, 1, 0, 0 ], [ 0, 0, 1, 0 ], [ 0, 0, 0, 1 ] ] ]),TheRotSubgroup:=Group([ [ [ -1, 0, 0, 0 ], [ 0, -1, 0, 0 ], [ 0, 0, -1, 0 ], [ 0, 0, 0, -1 ] ], 
  [ [ 1, 0, 0, 0 ], [ 0, 1, 0, 0 ], [ 0, 0, 1, 0 ], [ 0, 0, 0, 1 ] ] ]),BoundaryImage:=rec(ListIFace:=[ 8, 10, 24 ],ListSign:=[ 1, -1, 1 ],ListElt:=[ [ [ -1, 0, 0, 0 ], [ 0, -1, 0, 0 ], [ 0, 0, -1, 0 ], [ 0, 0, 0, -1 ] ], 
  [ [ 1, 0, 0, 0 ], [ 0, 1, 0, 0 ], [ 0, 0, 1, 0 ], [ 0, 0, 0, 1 ] ], 
  [ [ -1, 0, 0, 0 ], [ 0, -1, 0, 0 ], [ 0, 0, -1, 0 ], [ 0, 0, 0, -1 ] ] ])),rec(TheMatrixStab:=Group([ [ [ -1, 0, 0, 0 ], [ 0, -1, 0, 0 ], [ 0, 0, -1, 0 ], [ 0, 0, 0, -1 ] ], 
  [ [ 1, 0, 0, 0 ], [ 0, 1, 0, 0 ], [ 0, 0, 1, 0 ], [ 0, 0, 0, 1 ] ] ]),TheRotSubgroup:=Group([ [ [ -1, 0, 0, 0 ], [ 0, -1, 0, 0 ], [ 0, 0, -1, 0 ], [ 0, 0, 0, -1 ] ], 
  [ [ 1, 0, 0, 0 ], [ 0, 1, 0, 0 ], [ 0, 0, 1, 0 ], [ 0, 0, 0, 1 ] ] ]),BoundaryImage:=rec(ListIFace:=[ 9, 25, 11 ],ListSign:=[ 1, 1, -1 ],ListElt:=[ [ [ 1, 0, 0, 0 ], [ 0, 1, 0, 0 ], [ 0, 0, 1, 0 ], [ 0, 0, 0, 1 ] ], 
  [ [ 1, 0, 0, 0 ], [ 0, 1, 0, 0 ], [ 0, 0, 1, 0 ], [ 0, 0, 0, 1 ] ], 
  [ [ -1, 0, 0, 0 ], [ 0, -1, 0, 0 ], [ 0, 0, -1, 0 ], [ 0, 0, 0, -1 ] ] ])),rec(TheMatrixStab:=Group([ [ [ -1, 0, 0, 0 ], [ 0, -1, 0, 0 ], [ 0, 0, -1, 0 ], [ 0, 0, 0, -1 ] ], 
  [ [ 1, 0, 0, 0 ], [ 0, 1, 0, 0 ], [ 0, 0, 1, 0 ], [ 0, 0, 0, 1 ] ] ]),TheRotSubgroup:=Group([ [ [ -1, 0, 0, 0 ], [ 0, -1, 0, 0 ], [ 0, 0, -1, 0 ], [ 0, 0, 0, -1 ] ], 
  [ [ 1, 0, 0, 0 ], [ 0, 1, 0, 0 ], [ 0, 0, 1, 0 ], [ 0, 0, 0, 1 ] ] ]),BoundaryImage:=rec(ListIFace:=[ 10, 12, 28 ],ListSign:=[ 1, -1, 1 ],ListElt:=[ [ [ 1, 0, 0, 0 ], [ 0, 1, 0, 0 ], [ 0, 0, 1, 0 ], [ 0, 0, 0, 1 ] ], 
  [ [ 1, 0, 0, 0 ], [ 0, 1, 0, 0 ], [ 0, 0, 1, 0 ], [ 0, 0, 0, 1 ] ], 
  [ [ 1, 0, 0, 0 ], [ 0, 1, 0, 0 ], [ 0, 0, 1, 0 ], [ 0, 0, 0, 1 ] ] ])),rec(TheMatrixStab:=Group([ [ [ -1, 0, 0, 0 ], [ 0, -1, 0, 0 ], [ 0, 0, -1, 0 ], [ 0, 0, 0, -1 ] ], 
  [ [ 1, 0, 0, 0 ], [ 0, 1, 0, 0 ], [ 0, 0, 1, 0 ], [ 0, 0, 0, 1 ] ] ]),TheRotSubgroup:=Group([ [ [ -1, 0, 0, 0 ], [ 0, -1, 0, 0 ], [ 0, 0, -1, 0 ], [ 0, 0, 0, -1 ] ], 
  [ [ 1, 0, 0, 0 ], [ 0, 1, 0, 0 ], [ 0, 0, 1, 0 ], [ 0, 0, 0, 1 ] ] ]),BoundaryImage:=rec(ListIFace:=[ 11, 13, 29 ],ListSign:=[ 1, -1, 1 ],ListElt:=[ [ [ 1, 0, 0, 0 ], [ 0, 1, 0, 0 ], [ 0, 0, 1, 0 ], [ 0, 0, 0, 1 ] ], 
  [ [ 1, 0, 0, 0 ], [ 0, 1, 0, 0 ], [ 0, 0, 1, 0 ], [ 0, 0, 0, 1 ] ], 
  [ [ 1, 0, 0, 0 ], [ 0, 1, 0, 0 ], [ 0, 0, 1, 0 ], [ 0, 0, 0, 1 ] ] ])),rec(TheMatrixStab:=Group([ [ [ -1, 0, 0, 0 ], [ 0, -1, 0, 0 ], [ 0, 0, -1, 0 ], [ 0, 0, 0, -1 ] ], 
  [ [ 1, 0, 0, 0 ], [ 0, 1, 0, 0 ], [ 0, 0, 1, 0 ], [ 0, 0, 0, 1 ] ] ]),TheRotSubgroup:=Group([ [ [ -1, 0, 0, 0 ], [ 0, -1, 0, 0 ], [ 0, 0, -1, 0 ], [ 0, 0, 0, -1 ] ], 
  [ [ 1, 0, 0, 0 ], [ 0, 1, 0, 0 ], [ 0, 0, 1, 0 ], [ 0, 0, 0, 1 ] ] ]),BoundaryImage:=rec(ListIFace:=[ 14, 26, 16, 24, 29, 17, 19, 35 ],ListSign:=[ 1, -1, -1, 1, -1, -1, 1, 1 ],ListElt:=[ [ [ -1, 0, 0, 0 ], [ 0, -1, 0, 0 ], [ 0, 0, -1, 0 ], [ 0, 0, 0, -1 ] ], 
  [ [ -10, -7, -23, 6 ], [ 154, -10, -132, -23 ], [ -31, -2, 10, 7 ], 
      [ 44, -31, -154, 10 ] ], 
  [ [ 1, 0, 0, 0 ], [ 0, 1, 0, 0 ], [ 0, 0, 1, 0 ], [ 0, 0, 0, 1 ] ], 
  [ [ -10, -7, -23, 6 ], [ 154, -10, -132, -23 ], [ -31, -2, 10, 7 ], 
      [ 44, -31, -154, 10 ] ], 
  [ [ 6, 7, -25, 5 ], [ -154, 6, -110, -25 ], [ 29, 3, 4, 7 ], 
      [ -66, 29, -154, 4 ] ], 
  [ [ -25, 7, -42, 0 ], [ -154, -25, 0, -42 ], [ 12, 8, -23, 7 ], 
      [ -176, 12, -154, -23 ] ], 
  [ [ -25, 7, -42, 0 ], [ -154, -25, 0, -42 ], [ 12, 8, -23, 7 ], 
      [ -176, 12, -154, -23 ] ], 
  [ [ -6, -7, 25, -5 ], [ 154, -6, 110, 25 ], [ -29, -3, -4, -7 ], 
      [ 66, -29, 154, -4 ] ] ])),rec(TheMatrixStab:=Group([ [ [ -1, 0, 0, 0 ], [ 0, -1, 0, 0 ], [ 0, 0, -1, 0 ], [ 0, 0, 0, -1 ] ], 
  [ [ 1, 0, 0, 0 ], [ 0, 1, 0, 0 ], [ 0, 0, 1, 0 ], [ 0, 0, 0, 1 ] ] ]),TheRotSubgroup:=Group([ [ [ -1, 0, 0, 0 ], [ 0, -1, 0, 0 ], [ 0, 0, -1, 0 ], [ 0, 0, 0, -1 ] ], 
  [ [ 1, 0, 0, 0 ], [ 0, 1, 0, 0 ], [ 0, 0, 1, 0 ], [ 0, 0, 0, 1 ] ] ]),BoundaryImage:=rec(ListIFace:=[ 15, 27, 17, 28, 25, 16, 34, 18 ],ListSign:=[ 1, 1, -1, -1, 1, -1, 1, 1 ],ListElt:=[ [ [ 1, 0, 0, 0 ], [ 0, 1, 0, 0 ], [ 0, 0, 1, 0 ], [ 0, 0, 0, 1 ] ], 
  [ [ 10, 7, -23, 6 ], [ -154, 10, -132, -23 ], [ -31, -2, -10, -7 ], 
      [ 44, -31, 154, -10 ] ], 
  [ [ 1, 0, 0, 0 ], [ 0, 1, 0, 0 ], [ 0, 0, 1, 0 ], [ 0, 0, 0, 1 ] ], 
  [ [ 6, 7, 25, -5 ], [ -154, 6, 110, 25 ], [ -29, -3, 4, 7 ], 
      [ 66, -29, -154, 4 ] ], 
  [ [ 10, 7, -23, 6 ], [ -154, 10, -132, -23 ], [ -31, -2, -10, -7 ], 
      [ 44, -31, 154, -10 ] ], 
  [ [ 25, -7, -42, 0 ], [ 154, 25, 0, -42 ], [ 12, 8, 23, -7 ], 
      [ -176, 12, 154, 23 ] ], 
  [ [ -41, -7, -6, 11 ], [ 154, -41, -242, -6 ], [ 48, -3, -37, -7 ], 
      [ 66, 48, 154, -37 ] ], 
  [ [ -25, 7, 42, 0 ], [ -154, -25, 0, 42 ], [ -12, -8, -23, 7 ], 
      [ 176, -12, -154, -23 ] ] ])),rec(TheMatrixStab:=Group([ [ [ -1, 0, 0, 0 ], [ 0, -1, 0, 0 ], [ 0, 0, -1, 0 ], [ 0, 0, 0, -1 ] ], 
  [ [ 1, 0, 0, 0 ], [ 0, 1, 0, 0 ], [ 0, 0, 1, 0 ], [ 0, 0, 0, 1 ] ] ]),TheRotSubgroup:=Group([ [ [ -1, 0, 0, 0 ], [ 0, -1, 0, 0 ], [ 0, 0, -1, 0 ], [ 0, 0, 0, -1 ] ], 
  [ [ 1, 0, 0, 0 ], [ 0, 1, 0, 0 ], [ 0, 0, 1, 0 ], [ 0, 0, 0, 1 ] ] ]),BoundaryImage:=rec(ListIFace:=[ 14, 22, 20, 31, 25, 23 ],ListSign:=[ 1, 1, -1, -1, -1, 1 ],ListElt:=[ [ [ -1, 0, 0, 0 ], [ 0, -1, 0, 0 ], [ 0, 0, -1, 0 ], [ 0, 0, 0, -1 ] ], 
  [ [ -1, 0, 0, 0 ], [ 0, -1, 0, 0 ], [ 0, 0, -1, 0 ], [ 0, 0, 0, -1 ] ], 
  [ [ -1, 0, 0, 0 ], [ 0, -1, 0, 0 ], [ 0, 0, -1, 0 ], [ 0, 0, 0, -1 ] ], 
  [ [ 8, 15, -55, 10 ], [ -330, 8, -220, -55 ], [ 61, 7, 7, 15 ], 
      [ -154, 61, -330, 7 ] ], 
  [ [ 8, 15, -55, 10 ], [ -330, 8, -220, -55 ], [ 61, 7, 7, 15 ], 
      [ -154, 61, -330, 7 ] ], 
  [ [ 8, 15, -55, 10 ], [ -330, 8, -220, -55 ], [ 61, 7, 7, 15 ], 
      [ -154, 61, -330, 7 ] ] ])),rec(TheMatrixStab:=Group([ [ [ -1, 0, 0, 0 ], [ 0, -1, 0, 0 ], [ 0, 0, -1, 0 ], [ 0, 0, 0, -1 ] ], 
  [ [ 1, 0, 0, 0 ], [ 0, 1, 0, 0 ], [ 0, 0, 1, 0 ], [ 0, 0, 0, 1 ] ] ]),TheRotSubgroup:=Group([ [ [ -1, 0, 0, 0 ], [ 0, -1, 0, 0 ], [ 0, 0, -1, 0 ], [ 0, 0, 0, -1 ] ], 
  [ [ 1, 0, 0, 0 ], [ 0, 1, 0, 0 ], [ 0, 0, 1, 0 ], [ 0, 0, 0, 1 ] ] ]),BoundaryImage:=rec(ListIFace:=[ 15, 23, 21, 30, 24, 22 ],ListSign:=[ 1, 1, -1, -1, -1, 1 ],ListElt:=[ [ [ 1, 0, 0, 0 ], [ 0, 1, 0, 0 ], [ 0, 0, 1, 0 ], [ 0, 0, 0, 1 ] ], 
  [ [ 1, 0, 0, 0 ], [ 0, 1, 0, 0 ], [ 0, 0, 1, 0 ], [ 0, 0, 0, 1 ] ], 
  [ [ 1, 0, 0, 0 ], [ 0, 1, 0, 0 ], [ 0, 0, 1, 0 ], [ 0, 0, 0, 1 ] ], 
  [ [ -8, -15, -55, 10 ], [ 330, -8, -220, -55 ], [ 61, 7, -7, -15 ], 
      [ -154, 61, 330, -7 ] ], 
  [ [ -8, -15, -55, 10 ], [ 330, -8, -220, -55 ], [ 61, 7, -7, -15 ], 
      [ -154, 61, 330, -7 ] ], 
  [ [ -8, -15, -55, 10 ], [ 330, -8, -220, -55 ], [ 61, 7, -7, -15 ], 
      [ -154, 61, 330, -7 ] ] ])),rec(TheMatrixStab:=Group([ [ [ -1, 0, 0, 0 ], [ 0, -1, 0, 0 ], [ 0, 0, -1, 0 ], [ 0, 0, 0, -1 ] ], 
  [ [ 1, 0, 0, 0 ], [ 0, 1, 0, 0 ], [ 0, 0, 1, 0 ], [ 0, 0, 0, 1 ] ] ]),TheRotSubgroup:=Group([ [ [ -1, 0, 0, 0 ], [ 0, -1, 0, 0 ], [ 0, 0, -1, 0 ], [ 0, 0, 0, -1 ] ], 
  [ [ 1, 0, 0, 0 ], [ 0, 1, 0, 0 ], [ 0, 0, 1, 0 ], [ 0, 0, 0, 1 ] ] ]),BoundaryImage:=rec(ListIFace:=[ 18, 32, 31, 29, 20, 33 ],ListSign:=[ 1, 1, -1, 1, -1, 1 ],ListElt:=[ [ [ -1, 0, 0, 0 ], [ 0, -1, 0, 0 ], [ 0, 0, -1, 0 ], [ 0, 0, 0, -1 ] ], 
  [ [ -5, 0, 2, 1 ], [ 0, -5, -22, 2 ], [ -2, 1, 5, 0 ], [ -22, -2, 0, 5 ] ], 
  [ [ 4, 15, -57, 9 ], [ -330, 4, -198, -57 ], [ 59, 8, 1, 15 ], 
      [ -176, 59, -330, 1 ] ], 
  [ [ -4, -15, 57, -9 ], [ 330, -4, 198, 57 ], [ -59, -8, -1, -15 ], 
      [ 176, -59, 330, -1 ] ], 
  [ [ -1, 0, 0, 0 ], [ 0, -1, 0, 0 ], [ 0, 0, -1, 0 ], [ 0, 0, 0, -1 ] ], 
  [ [ -4, -15, 57, -9 ], [ 330, -4, 198, 57 ], [ -59, -8, -1, -15 ], 
      [ 176, -59, 330, -1 ] ] ])),rec(TheMatrixStab:=Group([ [ [ -1, 0, 0, 0 ], [ 0, -1, 0, 0 ], [ 0, 0, -1, 0 ], [ 0, 0, 0, -1 ] ], 
  [ [ 1, 0, 0, 0 ], [ 0, 1, 0, 0 ], [ 0, 0, 1, 0 ], [ 0, 0, 0, 1 ] ] ]),TheRotSubgroup:=Group([ [ [ -1, 0, 0, 0 ], [ 0, -1, 0, 0 ], [ 0, 0, -1, 0 ], [ 0, 0, 0, -1 ] ], 
  [ [ 1, 0, 0, 0 ], [ 0, 1, 0, 0 ], [ 0, 0, 1, 0 ], [ 0, 0, 0, 1 ] ] ]),BoundaryImage:=rec(ListIFace:=[ 19, 21, 32, 33, 28, 30 ],ListSign:=[ 1, -1, 1, 1, 1, -1 ],ListElt:=[ [ [ -1, 0, 0, 0 ], [ 0, -1, 0, 0 ], [ 0, 0, -1, 0 ], [ 0, 0, 0, -1 ] ], 
  [ [ -1, 0, 0, 0 ], [ 0, -1, 0, 0 ], [ 0, 0, -1, 0 ], [ 0, 0, 0, -1 ] ], 
  [ [ -4, -15, -57, 9 ], [ 330, -4, -198, -57 ], [ 59, 8, -1, -15 ], 
      [ -176, 59, 330, -1 ] ], 
  [ [ 5, 0, 2, 1 ], [ 0, 5, -22, 2 ], [ -2, 1, -5, 0 ], [ -22, -2, 0, -5 ] ], 
  [ [ -4, -15, -57, 9 ], [ 330, -4, -198, -57 ], [ 59, 8, -1, -15 ], 
      [ -176, 59, 330, -1 ] ], 
  [ [ -4, -15, -57, 9 ], [ 330, -4, -198, -57 ], [ 59, 8, -1, -15 ], 
      [ -176, 59, 330, -1 ] ] ])),rec(TheMatrixStab:=Group([ [ [ -10, -7, -23, 6 ], [ 154, -10, -132, -23 ], [ -31, -2, 10, 7 ], 
      [ 44, -31, -154, 10 ] ], 
  [ [ -1, 0, 0, 0 ], [ 0, -1, 0, 0 ], [ 0, 0, -1, 0 ], [ 0, 0, 0, -1 ] ], 
  [ [ 1, 0, 0, 0 ], [ 0, 1, 0, 0 ], [ 0, 0, 1, 0 ], [ 0, 0, 0, 1 ] ], 
  [ [ 10, 7, 23, -6 ], [ -154, 10, 132, 23 ], [ 31, 2, -10, -7 ], 
      [ -44, 31, 154, -10 ] ] ]),TheRotSubgroup:=Group([ [ [ -1, 0, 0, 0 ], [ 0, -1, 0, 0 ], [ 0, 0, -1, 0 ], [ 0, 0, 0, -1 ] ], 
  [ [ 1, 0, 0, 0 ], [ 0, 1, 0, 0 ], [ 0, 0, 1, 0 ], [ 0, 0, 0, 1 ] ] ]),BoundaryImage:=rec(ListIFace:=[ 22, 37, 26, 22 ],ListSign:=[ 1, -1, 1, -1 ],ListElt:=[ [ [ 1, 0, 0, 0 ], [ 0, 1, 0, 0 ], [ 0, 0, 1, 0 ], [ 0, 0, 0, 1 ] ], 
  [ [ 7, 15, -55, 10 ], [ -330, 7, -220, -55 ], [ 61, 7, 8, 15 ], 
      [ -154, 61, -330, 8 ] ], 
  [ [ -10, -7, -23, 6 ], [ 154, -10, -132, -23 ], [ -31, -2, 10, 7 ], 
      [ 44, -31, -154, 10 ] ], 
  [ [ -10, -7, -23, 6 ], [ 154, -10, -132, -23 ], [ -31, -2, 10, 7 ], 
      [ 44, -31, -154, 10 ] ] ])),rec(TheMatrixStab:=Group([ [ [ -10, -7, 23, -6 ], [ 154, -10, 132, 23 ], [ 31, 2, 10, 7 ], 
      [ -44, 31, -154, 10 ] ], 
  [ [ -1, 0, 0, 0 ], [ 0, -1, 0, 0 ], [ 0, 0, -1, 0 ], [ 0, 0, 0, -1 ] ], 
  [ [ 1, 0, 0, 0 ], [ 0, 1, 0, 0 ], [ 0, 0, 1, 0 ], [ 0, 0, 0, 1 ] ], 
  [ [ 10, 7, -23, 6 ], [ -154, 10, -132, -23 ], [ -31, -2, -10, -7 ], 
      [ 44, -31, 154, -10 ] ] ]),TheRotSubgroup:=Group([ [ [ -1, 0, 0, 0 ], [ 0, -1, 0, 0 ], [ 0, 0, -1, 0 ], [ 0, 0, 0, -1 ] ], 
  [ [ 1, 0, 0, 0 ], [ 0, 1, 0, 0 ], [ 0, 0, 1, 0 ], [ 0, 0, 0, 1 ] ] ]),BoundaryImage:=rec(ListIFace:=[ 23, 36, 23, 27 ],ListSign:=[ 1, 1, -1, 1 ],ListElt:=[ [ [ -1, 0, 0, 0 ], [ 0, -1, 0, 0 ], [ 0, 0, -1, 0 ], [ 0, 0, 0, -1 ] ], 
  [ [ -87, 6, 74, 12 ], [ -132, -87, -264, 74 ], [ 25, -18, -85, 6 ], 
      [ 396, 25, -132, -85 ] ], 
  [ [ -10, -7, 23, -6 ], [ 154, -10, 132, 23 ], [ 31, 2, 10, 7 ], 
      [ -44, 31, -154, 10 ] ], 
  [ [ -1, 0, 0, 0 ], [ 0, -1, 0, 0 ], [ 0, 0, -1, 0 ], [ 0, 0, 0, -1 ] ] ])),rec(TheMatrixStab:=Group([ [ [ -44, 0, 23, 8 ], [ 0, -44, -176, 23 ], [ -23, 8, 44, 0 ], 
      [ -176, -23, 0, 44 ] ], 
  [ [ -1, 0, 0, 0 ], [ 0, -1, 0, 0 ], [ 0, 0, -1, 0 ], [ 0, 0, 0, -1 ] ], 
  [ [ 1, 0, 0, 0 ], [ 0, 1, 0, 0 ], [ 0, 0, 1, 0 ], [ 0, 0, 0, 1 ] ], 
  [ [ 44, 0, -23, -8 ], [ 0, 44, 176, -23 ], [ 23, -8, -44, 0 ], 
      [ 176, 23, 0, -44 ] ] ]),TheRotSubgroup:=Group([ [ [ -1, 0, 0, 0 ], [ 0, -1, 0, 0 ], [ 0, 0, -1, 0 ], [ 0, 0, 0, -1 ] ], 
  [ [ 1, 0, 0, 0 ], [ 0, 1, 0, 0 ], [ 0, 0, 1, 0 ], [ 0, 0, 0, 1 ] ] ]),BoundaryImage:=rec(ListIFace:=[ 32, 34, 37, 32 ],ListSign:=[ 1, -1, -1, -1 ],ListElt:=[ [ [ -1, 0, 0, 0 ], [ 0, -1, 0, 0 ], [ 0, 0, -1, 0 ], [ 0, 0, 0, -1 ] ], 
  [ [ -1, 0, 0, 0 ], [ 0, -1, 0, 0 ], [ 0, 0, -1, 0 ], [ 0, 0, 0, -1 ] ], 
  [ [ 1, 15, -57, 9 ], [ -330, 1, -198, -57 ], [ 59, 8, 4, 15 ], 
      [ -176, 59, -330, 4 ] ], 
  [ [ -44, 0, 23, 8 ], [ 0, -44, -176, 23 ], [ -23, 8, 44, 0 ], 
      [ -176, -23, 0, 44 ] ] ])),rec(TheMatrixStab:=Group([ [ [ -44, 0, -23, -8 ], [ 0, -44, 176, -23 ], [ 23, -8, 44, 0 ], 
      [ 176, 23, 0, 44 ] ], 
  [ [ -1, 0, 0, 0 ], [ 0, -1, 0, 0 ], [ 0, 0, -1, 0 ], [ 0, 0, 0, -1 ] ], 
  [ [ 1, 0, 0, 0 ], [ 0, 1, 0, 0 ], [ 0, 0, 1, 0 ], [ 0, 0, 0, 1 ] ], 
  [ [ 44, 0, 23, 8 ], [ 0, 44, -176, 23 ], [ -23, 8, -44, 0 ], 
      [ -176, -23, 0, -44 ] ] ]),TheRotSubgroup:=Group([ [ [ -1, 0, 0, 0 ], [ 0, -1, 0, 0 ], [ 0, 0, -1, 0 ], [ 0, 0, 0, -1 ] ], 
  [ [ 1, 0, 0, 0 ], [ 0, 1, 0, 0 ], [ 0, 0, 1, 0 ], [ 0, 0, 0, 1 ] ] ]),BoundaryImage:=rec(ListIFace:=[ 33, 35, 36, 33 ],ListSign:=[ 1, 1, 1, -1 ],ListElt:=[ [ [ -1, 0, 0, 0 ], [ 0, -1, 0, 0 ], [ 0, 0, -1, 0 ], [ 0, 0, 0, -1 ] ], 
  [ [ -1, 0, 0, 0 ], [ 0, -1, 0, 0 ], [ 0, 0, -1, 0 ], [ 0, 0, 0, -1 ] ], 
  [ [ 95, 4, -40, -19 ], [ -88, 95, 418, -40 ], [ -67, 15, 97, 3 ], 
      [ -330, -67, -66, 97 ] ], 
  [ [ -44, 0, -23, -8 ], [ 0, -44, 176, -23 ], [ 23, -8, 44, 0 ], 
      [ 176, 23, 0, 44 ] ] ]))]];