HAP_GCOMPLEX_SETUP:=[false]; 
HAP_GCOMPLEX_LIST:=[[rec(TheMatrixStab:=Group([ [ [ -5, 0, 2, 1 ], [ 0, -5, -17, 2 ], [ -2, 1, 4, 0 ], [ -17, -2, 0, 4 ] ], 
  [ [ -5, 0, 3, 1 ], [ 0, -5, -17, 3 ], [ -3, 1, 5, 0 ], [ -17, -3, 0, 5 ] ], 
  [ [ -4, 0, 2, 1 ], [ 0, -4, -17, 2 ], [ -2, 1, 5, 0 ], [ -17, -2, 0, 5 ] ], 
  [ [ -3, -1, -2, 1 ], [ 17, -3, -17, -2 ], [ -5, 0, 2, 1 ], 
      [ 0, -5, -17, 2 ] ], 
  [ [ -3, 1, 5, 0 ], [ -17, -3, 0, 5 ], [ 2, 1, 2, -1 ], [ -17, 2, 17, 2 ] ], 
  [ [ -2, -1, -3, 1 ], [ 17, -2, -17, -3 ], [ -4, 0, 2, 1 ], 
      [ 0, -4, -17, 2 ] ], 
  [ [ -2, -1, -2, 1 ], [ 17, -2, -17, -2 ], [ -5, 0, 3, 1 ], 
      [ 0, -5, -17, 3 ] ], 
  [ [ -2, 1, 4, 0 ], [ -17, -2, 0, 4 ], [ 3, 1, 2, -1 ], [ -17, 3, 17, 2 ] ], 
  [ [ -2, 1, 5, 0 ], [ -17, -2, 0, 5 ], [ 2, 1, 3, -1 ], [ -17, 2, 17, 3 ] ], 
  [ [ -1, 0, 0, 0 ], [ 0, -1, 0, 0 ], [ 0, 0, -1, 0 ], [ 0, 0, 0, -1 ] ], 
  [ [ -1, 0, 1, 0 ], [ 0, -1, 0, 1 ], [ -1, 0, 0, 0 ], [ 0, -1, 0, 0 ] ], 
  [ [ 0, 0, -1, 0 ], [ 0, 0, 0, -1 ], [ 1, 0, -1, 0 ], [ 0, 1, 0, -1 ] ], 
  [ [ 0, 0, 1, 0 ], [ 0, 0, 0, 1 ], [ -1, 0, 1, 0 ], [ 0, -1, 0, 1 ] ], 
  [ [ 1, 0, -1, 0 ], [ 0, 1, 0, -1 ], [ 1, 0, 0, 0 ], [ 0, 1, 0, 0 ] ], 
  [ [ 1, 0, 0, 0 ], [ 0, 1, 0, 0 ], [ 0, 0, 1, 0 ], [ 0, 0, 0, 1 ] ], 
  [ [ 2, -1, -5, 0 ], [ 17, 2, 0, -5 ], [ -2, -1, -3, 1 ], 
      [ 17, -2, -17, -3 ] ], 
  [ [ 2, -1, -4, 0 ], [ 17, 2, 0, -4 ], [ -3, -1, -2, 1 ], 
      [ 17, -3, -17, -2 ] ], 
  [ [ 2, 1, 2, -1 ], [ -17, 2, 17, 2 ], [ 5, 0, -3, -1 ], [ 0, 5, 17, -3 ] ], 
  [ [ 2, 1, 3, -1 ], [ -17, 2, 17, 3 ], [ 4, 0, -2, -1 ], [ 0, 4, 17, -2 ] ], 
  [ [ 3, -1, -5, 0 ], [ 17, 3, 0, -5 ], [ -2, -1, -2, 1 ], 
      [ 17, -2, -17, -2 ] ], 
  [ [ 3, 1, 2, -1 ], [ -17, 3, 17, 2 ], [ 5, 0, -2, -1 ], [ 0, 5, 17, -2 ] ], 
  [ [ 4, 0, -2, -1 ], [ 0, 4, 17, -2 ], [ 2, -1, -5, 0 ], [ 17, 2, 0, -5 ] ], 
  [ [ 5, 0, -3, -1 ], [ 0, 5, 17, -3 ], [ 3, -1, -5, 0 ], [ 17, 3, 0, -5 ] ], 
  [ [ 5, 0, -2, -1 ], [ 0, 5, 17, -2 ], [ 2, -1, -4, 0 ], [ 17, 2, 0, -4 ] ] ]),TheRotSubgroup:=Group([ [ [ -5, 0, 2, 1 ], [ 0, -5, -17, 2 ], [ -2, 1, 4, 0 ], [ -17, -2, 0, 4 ] ], 
  [ [ -5, 0, 3, 1 ], [ 0, -5, -17, 3 ], [ -3, 1, 5, 0 ], [ -17, -3, 0, 5 ] ], 
  [ [ -4, 0, 2, 1 ], [ 0, -4, -17, 2 ], [ -2, 1, 5, 0 ], [ -17, -2, 0, 5 ] ], 
  [ [ -3, -1, -2, 1 ], [ 17, -3, -17, -2 ], [ -5, 0, 2, 1 ], 
      [ 0, -5, -17, 2 ] ], 
  [ [ -3, 1, 5, 0 ], [ -17, -3, 0, 5 ], [ 2, 1, 2, -1 ], [ -17, 2, 17, 2 ] ], 
  [ [ -2, -1, -3, 1 ], [ 17, -2, -17, -3 ], [ -4, 0, 2, 1 ], 
      [ 0, -4, -17, 2 ] ], 
  [ [ -2, -1, -2, 1 ], [ 17, -2, -17, -2 ], [ -5, 0, 3, 1 ], 
      [ 0, -5, -17, 3 ] ], 
  [ [ -2, 1, 4, 0 ], [ -17, -2, 0, 4 ], [ 3, 1, 2, -1 ], [ -17, 3, 17, 2 ] ], 
  [ [ -2, 1, 5, 0 ], [ -17, -2, 0, 5 ], [ 2, 1, 3, -1 ], [ -17, 2, 17, 3 ] ], 
  [ [ -1, 0, 0, 0 ], [ 0, -1, 0, 0 ], [ 0, 0, -1, 0 ], [ 0, 0, 0, -1 ] ], 
  [ [ -1, 0, 1, 0 ], [ 0, -1, 0, 1 ], [ -1, 0, 0, 0 ], [ 0, -1, 0, 0 ] ], 
  [ [ 0, 0, -1, 0 ], [ 0, 0, 0, -1 ], [ 1, 0, -1, 0 ], [ 0, 1, 0, -1 ] ], 
  [ [ 0, 0, 1, 0 ], [ 0, 0, 0, 1 ], [ -1, 0, 1, 0 ], [ 0, -1, 0, 1 ] ], 
  [ [ 1, 0, -1, 0 ], [ 0, 1, 0, -1 ], [ 1, 0, 0, 0 ], [ 0, 1, 0, 0 ] ], 
  [ [ 1, 0, 0, 0 ], [ 0, 1, 0, 0 ], [ 0, 0, 1, 0 ], [ 0, 0, 0, 1 ] ], 
  [ [ 2, -1, -5, 0 ], [ 17, 2, 0, -5 ], [ -2, -1, -3, 1 ], 
      [ 17, -2, -17, -3 ] ], 
  [ [ 2, -1, -4, 0 ], [ 17, 2, 0, -4 ], [ -3, -1, -2, 1 ], 
      [ 17, -3, -17, -2 ] ], 
  [ [ 2, 1, 2, -1 ], [ -17, 2, 17, 2 ], [ 5, 0, -3, -1 ], [ 0, 5, 17, -3 ] ], 
  [ [ 2, 1, 3, -1 ], [ -17, 2, 17, 3 ], [ 4, 0, -2, -1 ], [ 0, 4, 17, -2 ] ], 
  [ [ 3, -1, -5, 0 ], [ 17, 3, 0, -5 ], [ -2, -1, -2, 1 ], 
      [ 17, -2, -17, -2 ] ], 
  [ [ 3, 1, 2, -1 ], [ -17, 3, 17, 2 ], [ 5, 0, -2, -1 ], [ 0, 5, 17, -2 ] ], 
  [ [ 4, 0, -2, -1 ], [ 0, 4, 17, -2 ], [ 2, -1, -5, 0 ], [ 17, 2, 0, -5 ] ], 
  [ [ 5, 0, -3, -1 ], [ 0, 5, 17, -3 ], [ 3, -1, -5, 0 ], [ 17, 3, 0, -5 ] ], 
  [ [ 5, 0, -2, -1 ], [ 0, 5, 17, -2 ], [ 2, -1, -4, 0 ], [ 17, 2, 0, -4 ] ] ]),BoundaryImage:=rec(ListIFace:=[  ],ListSign:=[  ],ListElt:=[  ])),rec(TheMatrixStab:=Group([ [ [ -168, -5, 104, 43 ], [ 85, -168, -731, 104 ], [ -97, 24, 167, 5 ], 
      [ -408, -97, -85, 167 ] ], 
  [ [ -167, -5, 104, 43 ], [ 85, -167, -731, 104 ], [ -97, 24, 168, 5 ], 
      [ -408, -97, -85, 168 ] ], 
  [ [ -165, -6, 99, 43 ], [ 102, -165, -731, 99 ], [ -99, 23, 165, 6 ], 
      [ -391, -99, -102, 165 ] ], 
  [ [ -104, 33, 208, 0 ], [ -561, -104, 0, 208 ], [ 37, 33, 104, -33 ], 
      [ -561, 37, 561, 104 ] ], 
  [ [ -102, 32, 203, 0 ], [ -544, -102, 0, 203 ], [ 35, 32, 101, -32 ], 
      [ -544, 35, 544, 101 ] ], 
  [ [ -101, 32, 203, 0 ], [ -544, -101, 0, 203 ], [ 35, 32, 102, -32 ], 
      [ -544, 35, 544, 102 ] ], 
  [ [ -66, -37, -99, 43 ], [ 629, -66, -731, -99 ], [ -132, -8, 66, 37 ], 
      [ 136, -132, -629, 66 ] ], 
  [ [ -64, -38, -104, 43 ], [ 646, -64, -731, -104 ], [ -134, -9, 63, 38 ], 
      [ 153, -134, -646, 63 ] ], 
  [ [ -63, -38, -104, 43 ], [ 646, -63, -731, -104 ], [ -134, -9, 64, 38 ], 
      [ 153, -134, -646, 64 ] ], 
  [ [ -3, 1, 5, 0 ], [ -17, -3, 0, 5 ], [ 2, 1, 2, -1 ], [ -17, 2, 17, 2 ] ], 
  [ [ -2, 1, 5, 0 ], [ -17, -2, 0, 5 ], [ 2, 1, 3, -1 ], [ -17, 2, 17, 3 ] ], 
  [ [ -1, 0, 0, 0 ], [ 0, -1, 0, 0 ], [ 0, 0, -1, 0 ], [ 0, 0, 0, -1 ] ], 
  [ [ 1, 0, 0, 0 ], [ 0, 1, 0, 0 ], [ 0, 0, 1, 0 ], [ 0, 0, 0, 1 ] ], 
  [ [ 2, -1, -5, 0 ], [ 17, 2, 0, -5 ], [ -2, -1, -3, 1 ], 
      [ 17, -2, -17, -3 ] ], 
  [ [ 3, -1, -5, 0 ], [ 17, 3, 0, -5 ], [ -2, -1, -2, 1 ], 
      [ 17, -2, -17, -2 ] ], 
  [ [ 63, 38, 104, -43 ], [ -646, 63, 731, 104 ], [ 134, 9, -64, -38 ], 
      [ -153, 134, 646, -64 ] ], 
  [ [ 64, 38, 104, -43 ], [ -646, 64, 731, 104 ], [ 134, 9, -63, -38 ], 
      [ -153, 134, 646, -63 ] ], 
  [ [ 66, 37, 99, -43 ], [ -629, 66, 731, 99 ], [ 132, 8, -66, -37 ], 
      [ -136, 132, 629, -66 ] ], 
  [ [ 101, -32, -203, 0 ], [ 544, 101, 0, -203 ], [ -35, -32, -102, 32 ], 
      [ 544, -35, -544, -102 ] ], 
  [ [ 102, -32, -203, 0 ], [ 544, 102, 0, -203 ], [ -35, -32, -101, 32 ], 
      [ 544, -35, -544, -101 ] ], 
  [ [ 104, -33, -208, 0 ], [ 561, 104, 0, -208 ], [ -37, -33, -104, 33 ], 
      [ 561, -37, -561, -104 ] ], 
  [ [ 165, 6, -99, -43 ], [ -102, 165, 731, -99 ], [ 99, -23, -165, -6 ], 
      [ 391, 99, 102, -165 ] ], 
  [ [ 167, 5, -104, -43 ], [ -85, 167, 731, -104 ], [ 97, -24, -168, -5 ], 
      [ 408, 97, 85, -168 ] ], 
  [ [ 168, 5, -104, -43 ], [ -85, 168, 731, -104 ], [ 97, -24, -167, -5 ], 
      [ 408, 97, 85, -167 ] ] ]),TheRotSubgroup:=Group([ [ [ -168, -5, 104, 43 ], [ 85, -168, -731, 104 ], [ -97, 24, 167, 5 ], 
      [ -408, -97, -85, 167 ] ], 
  [ [ -167, -5, 104, 43 ], [ 85, -167, -731, 104 ], [ -97, 24, 168, 5 ], 
      [ -408, -97, -85, 168 ] ], 
  [ [ -165, -6, 99, 43 ], [ 102, -165, -731, 99 ], [ -99, 23, 165, 6 ], 
      [ -391, -99, -102, 165 ] ], 
  [ [ -104, 33, 208, 0 ], [ -561, -104, 0, 208 ], [ 37, 33, 104, -33 ], 
      [ -561, 37, 561, 104 ] ], 
  [ [ -102, 32, 203, 0 ], [ -544, -102, 0, 203 ], [ 35, 32, 101, -32 ], 
      [ -544, 35, 544, 101 ] ], 
  [ [ -101, 32, 203, 0 ], [ -544, -101, 0, 203 ], [ 35, 32, 102, -32 ], 
      [ -544, 35, 544, 102 ] ], 
  [ [ -66, -37, -99, 43 ], [ 629, -66, -731, -99 ], [ -132, -8, 66, 37 ], 
      [ 136, -132, -629, 66 ] ], 
  [ [ -64, -38, -104, 43 ], [ 646, -64, -731, -104 ], [ -134, -9, 63, 38 ], 
      [ 153, -134, -646, 63 ] ], 
  [ [ -63, -38, -104, 43 ], [ 646, -63, -731, -104 ], [ -134, -9, 64, 38 ], 
      [ 153, -134, -646, 64 ] ], 
  [ [ -3, 1, 5, 0 ], [ -17, -3, 0, 5 ], [ 2, 1, 2, -1 ], [ -17, 2, 17, 2 ] ], 
  [ [ -2, 1, 5, 0 ], [ -17, -2, 0, 5 ], [ 2, 1, 3, -1 ], [ -17, 2, 17, 3 ] ], 
  [ [ -1, 0, 0, 0 ], [ 0, -1, 0, 0 ], [ 0, 0, -1, 0 ], [ 0, 0, 0, -1 ] ], 
  [ [ 1, 0, 0, 0 ], [ 0, 1, 0, 0 ], [ 0, 0, 1, 0 ], [ 0, 0, 0, 1 ] ], 
  [ [ 2, -1, -5, 0 ], [ 17, 2, 0, -5 ], [ -2, -1, -3, 1 ], 
      [ 17, -2, -17, -3 ] ], 
  [ [ 3, -1, -5, 0 ], [ 17, 3, 0, -5 ], [ -2, -1, -2, 1 ], 
      [ 17, -2, -17, -2 ] ], 
  [ [ 63, 38, 104, -43 ], [ -646, 63, 731, 104 ], [ 134, 9, -64, -38 ], 
      [ -153, 134, 646, -64 ] ], 
  [ [ 64, 38, 104, -43 ], [ -646, 64, 731, 104 ], [ 134, 9, -63, -38 ], 
      [ -153, 134, 646, -63 ] ], 
  [ [ 66, 37, 99, -43 ], [ -629, 66, 731, 99 ], [ 132, 8, -66, -37 ], 
      [ -136, 132, 629, -66 ] ], 
  [ [ 101, -32, -203, 0 ], [ 544, 101, 0, -203 ], [ -35, -32, -102, 32 ], 
      [ 544, -35, -544, -102 ] ], 
  [ [ 102, -32, -203, 0 ], [ 544, 102, 0, -203 ], [ -35, -32, -101, 32 ], 
      [ 544, -35, -544, -101 ] ], 
  [ [ 104, -33, -208, 0 ], [ 561, 104, 0, -208 ], [ -37, -33, -104, 33 ], 
      [ 561, -37, -561, -104 ] ], 
  [ [ 165, 6, -99, -43 ], [ -102, 165, 731, -99 ], [ 99, -23, -165, -6 ], 
      [ 391, 99, 102, -165 ] ], 
  [ [ 167, 5, -104, -43 ], [ -85, 167, 731, -104 ], [ 97, -24, -168, -5 ], 
      [ 408, 97, 85, -168 ] ], 
  [ [ 168, 5, -104, -43 ], [ -85, 168, 731, -104 ], [ 97, -24, -167, -5 ], 
      [ 408, 97, 85, -167 ] ] ]),BoundaryImage:=rec(ListIFace:=[  ],ListSign:=[  ],ListElt:=[  ])),rec(TheMatrixStab:=Group([ [ [ -1, 0, 0, 0 ], [ 0, -1, 0, 0 ], [ 0, 0, -1, 0 ], [ 0, 0, 0, -1 ] ], 
  [ [ 1, 0, 0, 0 ], [ 0, 1, 0, 0 ], [ 0, 0, 1, 0 ], [ 0, 0, 0, 1 ] ] ]),TheRotSubgroup:=Group([ [ [ -1, 0, 0, 0 ], [ 0, -1, 0, 0 ], [ 0, 0, -1, 0 ], [ 0, 0, 0, -1 ] ], 
  [ [ 1, 0, 0, 0 ], [ 0, 1, 0, 0 ], [ 0, 0, 1, 0 ], [ 0, 0, 0, 1 ] ] ]),BoundaryImage:=rec(ListIFace:=[  ],ListSign:=[  ],ListElt:=[  ])),rec(TheMatrixStab:=Group([ [ [ -1, 0, 0, 0 ], [ 0, -1, 0, 0 ], [ 0, 0, -1, 0 ], [ 0, 0, 0, -1 ] ], 
  [ [ 1, 0, 0, 0 ], [ 0, 1, 0, 0 ], [ 0, 0, 1, 0 ], [ 0, 0, 0, 1 ] ] ]),TheRotSubgroup:=Group([ [ [ -1, 0, 0, 0 ], [ 0, -1, 0, 0 ], [ 0, 0, -1, 0 ], [ 0, 0, 0, -1 ] ], 
  [ [ 1, 0, 0, 0 ], [ 0, 1, 0, 0 ], [ 0, 0, 1, 0 ], [ 0, 0, 0, 1 ] ] ]),BoundaryImage:=rec(ListIFace:=[  ],ListSign:=[  ],ListElt:=[  ])),rec(TheMatrixStab:=Group([ [ [ -26, -1, 14, 6 ], [ 17, -26, -102, 14 ], [ -18, 4, 26, 1 ], 
      [ -68, -18, -17, 26 ] ], 
  [ [ -6, 5, 21, -2 ], [ -85, -6, 34, 21 ], [ 12, 4, 6, -5 ], 
      [ -68, 12, 85, 6 ] ], 
  [ [ -1, -4, -14, 3 ], [ 68, -1, -51, -14 ], [ -12, -2, 1, 4 ], 
      [ 34, -12, -68, 1 ] ], 
  [ [ -1, 0, 0, 0 ], [ 0, -1, 0, 0 ], [ 0, 0, -1, 0 ], [ 0, 0, 0, -1 ] ], 
  [ [ 1, 0, 0, 0 ], [ 0, 1, 0, 0 ], [ 0, 0, 1, 0 ], [ 0, 0, 0, 1 ] ], 
  [ [ 1, 4, 14, -3 ], [ -68, 1, 51, 14 ], [ 12, 2, -1, -4 ], 
      [ -34, 12, 68, -1 ] ], 
  [ [ 6, -5, -21, 2 ], [ 85, 6, -34, -21 ], [ -12, -4, -6, 5 ], 
      [ 68, -12, -85, -6 ] ], 
  [ [ 26, 1, -14, -6 ], [ -17, 26, 102, -14 ], [ 18, -4, -26, -1 ], 
      [ 68, 18, 17, -26 ] ] ]),TheRotSubgroup:=Group([ [ [ -26, -1, 14, 6 ], [ 17, -26, -102, 14 ], [ -18, 4, 26, 1 ], 
      [ -68, -18, -17, 26 ] ], 
  [ [ -6, 5, 21, -2 ], [ -85, -6, 34, 21 ], [ 12, 4, 6, -5 ], 
      [ -68, 12, 85, 6 ] ], 
  [ [ -1, -4, -14, 3 ], [ 68, -1, -51, -14 ], [ -12, -2, 1, 4 ], 
      [ 34, -12, -68, 1 ] ], 
  [ [ -1, 0, 0, 0 ], [ 0, -1, 0, 0 ], [ 0, 0, -1, 0 ], [ 0, 0, 0, -1 ] ], 
  [ [ 1, 0, 0, 0 ], [ 0, 1, 0, 0 ], [ 0, 0, 1, 0 ], [ 0, 0, 0, 1 ] ], 
  [ [ 1, 4, 14, -3 ], [ -68, 1, 51, 14 ], [ 12, 2, -1, -4 ], 
      [ -34, 12, 68, -1 ] ], 
  [ [ 6, -5, -21, 2 ], [ 85, 6, -34, -21 ], [ -12, -4, -6, 5 ], 
      [ 68, -12, -85, -6 ] ], 
  [ [ 26, 1, -14, -6 ], [ -17, 26, 102, -14 ], [ 18, -4, -26, -1 ], 
      [ 68, 18, 17, -26 ] ] ]),BoundaryImage:=rec(ListIFace:=[  ],ListSign:=[  ],ListElt:=[  ])),rec(TheMatrixStab:=Group([ [ [ -185, -3, 123, 46 ], [ 51, -185, -782, 123 ], [ -99, 28, 185, 3 ], 
      [ -476, -99, -51, 185 ] ], 
  [ [ -15, 1, 14, 3 ], [ -17, -15, -51, 14 ], [ -4, 3, 15, -1 ], 
      [ -51, -4, 17, 15 ] ], 
  [ [ -12, 45, 190, -30 ], [ -765, -12, 510, 190 ], [ 116, 24, 12, -45 ], 
      [ -408, 116, 765, 12 ] ], 
  [ [ -1, 0, 0, 0 ], [ 0, -1, 0, 0 ], [ 0, 0, -1, 0 ], [ 0, 0, 0, -1 ] ], 
  [ [ 1, 0, 0, 0 ], [ 0, 1, 0, 0 ], [ 0, 0, 1, 0 ], [ 0, 0, 0, 1 ] ], 
  [ [ 12, -45, -190, 30 ], [ 765, 12, -510, -190 ], [ -116, -24, -12, 45 ], 
      [ 408, -116, -765, -12 ] ], 
  [ [ 15, -1, -14, -3 ], [ 17, 15, 51, -14 ], [ 4, -3, -15, 1 ], 
      [ 51, 4, -17, -15 ] ], 
  [ [ 185, 3, -123, -46 ], [ -51, 185, 782, -123 ], [ 99, -28, -185, -3 ], 
      [ 476, 99, 51, -185 ] ] ]),TheRotSubgroup:=Group([ [ [ -185, -3, 123, 46 ], [ 51, -185, -782, 123 ], [ -99, 28, 185, 3 ], 
      [ -476, -99, -51, 185 ] ], 
  [ [ -15, 1, 14, 3 ], [ -17, -15, -51, 14 ], [ -4, 3, 15, -1 ], 
      [ -51, -4, 17, 15 ] ], 
  [ [ -12, 45, 190, -30 ], [ -765, -12, 510, 190 ], [ 116, 24, 12, -45 ], 
      [ -408, 116, 765, 12 ] ], 
  [ [ -1, 0, 0, 0 ], [ 0, -1, 0, 0 ], [ 0, 0, -1, 0 ], [ 0, 0, 0, -1 ] ], 
  [ [ 1, 0, 0, 0 ], [ 0, 1, 0, 0 ], [ 0, 0, 1, 0 ], [ 0, 0, 0, 1 ] ], 
  [ [ 12, -45, -190, 30 ], [ 765, 12, -510, -190 ], [ -116, -24, -12, 45 ], 
      [ 408, -116, -765, -12 ] ], 
  [ [ 15, -1, -14, -3 ], [ 17, 15, 51, -14 ], [ 4, -3, -15, 1 ], 
      [ 51, 4, -17, -15 ] ], 
  [ [ 185, 3, -123, -46 ], [ -51, 185, 782, -123 ], [ 99, -28, -185, -3 ], 
      [ 476, 99, 51, -185 ] ] ]),BoundaryImage:=rec(ListIFace:=[  ],ListSign:=[  ],ListElt:=[  ])),rec(TheMatrixStab:=Group([ [ [ -36, 23, 96, -4 ], [ -391, -36, 68, 96 ], [ 66, 20, 36, -23 ], 
      [ -340, 66, 391, 36 ] ], 
  [ [ -1, 0, 0, 0 ], [ 0, -1, 0, 0 ], [ 0, 0, -1, 0 ], [ 0, 0, 0, -1 ] ], 
  [ [ 1, 0, 0, 0 ], [ 0, 1, 0, 0 ], [ 0, 0, 1, 0 ], [ 0, 0, 0, 1 ] ], 
  [ [ 36, -23, -96, 4 ], [ 391, 36, -68, -96 ], [ -66, -20, -36, 23 ], 
      [ 340, -66, -391, -36 ] ] ]),TheRotSubgroup:=Group([ [ [ -36, 23, 96, -4 ], [ -391, -36, 68, 96 ], [ 66, 20, 36, -23 ], 
      [ -340, 66, 391, 36 ] ], 
  [ [ -1, 0, 0, 0 ], [ 0, -1, 0, 0 ], [ 0, 0, -1, 0 ], [ 0, 0, 0, -1 ] ], 
  [ [ 1, 0, 0, 0 ], [ 0, 1, 0, 0 ], [ 0, 0, 1, 0 ], [ 0, 0, 0, 1 ] ], 
  [ [ 36, -23, -96, 4 ], [ 391, 36, -68, -96 ], [ -66, -20, -36, 23 ], 
      [ 340, -66, -391, -36 ] ] ]),BoundaryImage:=rec(ListIFace:=[  ],ListSign:=[  ],ListElt:=[  ])),rec(TheMatrixStab:=Group([ [ [ -2032, 569, 3768, 56 ], [ -9673, -2032, -952, 3768 ], 
      [ 518, 606, 2032, -569 ], [ -10302, 518, 9673, 2032 ] ], 
  [ [ -1, 0, 0, 0 ], [ 0, -1, 0, 0 ], [ 0, 0, -1, 0 ], [ 0, 0, 0, -1 ] ], 
  [ [ 1, 0, 0, 0 ], [ 0, 1, 0, 0 ], [ 0, 0, 1, 0 ], [ 0, 0, 0, 1 ] ], 
  [ [ 2032, -569, -3768, -56 ], [ 9673, 2032, 952, -3768 ], 
      [ -518, -606, -2032, 569 ], [ 10302, -518, -9673, -2032 ] ] ]),TheRotSubgroup:=Group([ [ [ -2032, 569, 3768, 56 ], [ -9673, -2032, -952, 3768 ], 
      [ 518, 606, 2032, -569 ], [ -10302, 518, 9673, 2032 ] ], 
  [ [ -1, 0, 0, 0 ], [ 0, -1, 0, 0 ], [ 0, 0, -1, 0 ], [ 0, 0, 0, -1 ] ], 
  [ [ 1, 0, 0, 0 ], [ 0, 1, 0, 0 ], [ 0, 0, 1, 0 ], [ 0, 0, 0, 1 ] ], 
  [ [ 2032, -569, -3768, -56 ], [ 9673, 2032, 952, -3768 ], 
      [ -518, -606, -2032, 569 ], [ 10302, -518, -9673, -2032 ] ] ]),BoundaryImage:=rec(ListIFace:=[  ],ListSign:=[  ],ListElt:=[  ]))],[rec(TheMatrixStab:=Group([ [ [ -1, 0, 0, 0 ], [ 0, -1, 0, 0 ], [ 0, 0, -1, 0 ], [ 0, 0, 0, -1 ] ], 
  [ [ 1, 0, 0, 0 ], [ 0, 1, 0, 0 ], [ 0, 0, 1, 0 ], [ 0, 0, 0, 1 ] ] ]),TheRotSubgroup:=Group([ [ [ -1, 0, 0, 0 ], [ 0, -1, 0, 0 ], [ 0, 0, -1, 0 ], [ 0, 0, 0, -1 ] ], 
  [ [ 1, 0, 0, 0 ], [ 0, 1, 0, 0 ], [ 0, 0, 1, 0 ], [ 0, 0, 0, 1 ] ] ]),BoundaryImage:=rec(ListIFace:=[ 1, 3 ],ListSign:=[ -1, 1 ],ListElt:=[ [ [ 0, 0, 1, 0 ], [ 0, 0, 0, 1 ], [ -1, 0, 1, 0 ], [ 0, -1, 0, 1 ] ], 
  [ [ -1, 0, 0, 0 ], [ 0, -1, 0, 0 ], [ 0, 0, -1, 0 ], [ 0, 0, 0, -1 ] ] ])),rec(TheMatrixStab:=Group([ [ [ -1, 0, 0, 0 ], [ 0, -1, 0, 0 ], [ 0, 0, -1, 0 ], [ 0, 0, 0, -1 ] ], 
  [ [ 1, 0, 0, 0 ], [ 0, 1, 0, 0 ], [ 0, 0, 1, 0 ], [ 0, 0, 0, 1 ] ] ]),TheRotSubgroup:=Group([ [ [ -1, 0, 0, 0 ], [ 0, -1, 0, 0 ], [ 0, 0, -1, 0 ], [ 0, 0, 0, -1 ] ], 
  [ [ 1, 0, 0, 0 ], [ 0, 1, 0, 0 ], [ 0, 0, 1, 0 ], [ 0, 0, 0, 1 ] ] ]),BoundaryImage:=rec(ListIFace:=[ 2, 4 ],ListSign:=[ -1, 1 ],ListElt:=[ [ [ -1, 0, 0, 0 ], [ 0, -1, 0, 0 ], [ 0, 0, -1, 0 ], [ 0, 0, 0, -1 ] ], 
  [ [ -1, 0, 0, 0 ], [ 0, -1, 0, 0 ], [ 0, 0, -1, 0 ], [ 0, 0, 0, -1 ] ] ])),rec(TheMatrixStab:=Group([ [ [ -3, 1, 5, 0 ], [ -17, -3, 0, 5 ], [ 2, 1, 2, -1 ], [ -17, 2, 17, 2 ] ], 
  [ [ -2, 1, 5, 0 ], [ -17, -2, 0, 5 ], [ 2, 1, 3, -1 ], [ -17, 2, 17, 3 ] ], 
  [ [ -1, 0, 0, 0 ], [ 0, -1, 0, 0 ], [ 0, 0, -1, 0 ], [ 0, 0, 0, -1 ] ], 
  [ [ 1, 0, 0, 0 ], [ 0, 1, 0, 0 ], [ 0, 0, 1, 0 ], [ 0, 0, 0, 1 ] ], 
  [ [ 2, -1, -5, 0 ], [ 17, 2, 0, -5 ], [ -2, -1, -3, 1 ], 
      [ 17, -2, -17, -3 ] ], 
  [ [ 3, -1, -5, 0 ], [ 17, 3, 0, -5 ], [ -2, -1, -2, 1 ], 
      [ 17, -2, -17, -2 ] ] ]),TheRotSubgroup:=Group([ [ [ -3, 1, 5, 0 ], [ -17, -3, 0, 5 ], [ 2, 1, 2, -1 ], [ -17, 2, 17, 2 ] ], 
  [ [ -2, 1, 5, 0 ], [ -17, -2, 0, 5 ], [ 2, 1, 3, -1 ], [ -17, 2, 17, 3 ] ], 
  [ [ -1, 0, 0, 0 ], [ 0, -1, 0, 0 ], [ 0, 0, -1, 0 ], [ 0, 0, 0, -1 ] ], 
  [ [ 1, 0, 0, 0 ], [ 0, 1, 0, 0 ], [ 0, 0, 1, 0 ], [ 0, 0, 0, 1 ] ], 
  [ [ 2, -1, -5, 0 ], [ 17, 2, 0, -5 ], [ -2, -1, -3, 1 ], 
      [ 17, -2, -17, -3 ] ], 
  [ [ 3, -1, -5, 0 ], [ 17, 3, 0, -5 ], [ -2, -1, -2, 1 ], 
      [ 17, -2, -17, -2 ] ] ]),BoundaryImage:=rec(ListIFace:=[ 1, 2 ],ListSign:=[ -1, 1 ],ListElt:=[ [ [ -2, 1, 4, 0 ], [ -17, -2, 0, 4 ], [ 3, 1, 2, -1 ], [ -17, 3, 17, 2 ] ], 
  [ [ -101, 32, 203, 0 ], [ -544, -101, 0, 203 ], [ 35, 32, 102, -32 ], 
      [ -544, 35, 544, 102 ] ] ])),rec(TheMatrixStab:=Group([ [ [ -1, 0, 0, 0 ], [ 0, -1, 0, 0 ], [ 0, 0, -1, 0 ], [ 0, 0, 0, -1 ] ], 
  [ [ 1, 0, 0, 0 ], [ 0, 1, 0, 0 ], [ 0, 0, 1, 0 ], [ 0, 0, 0, 1 ] ] ]),TheRotSubgroup:=Group([ [ [ -1, 0, 0, 0 ], [ 0, -1, 0, 0 ], [ 0, 0, -1, 0 ], [ 0, 0, 0, -1 ] ], 
  [ [ 1, 0, 0, 0 ], [ 0, 1, 0, 0 ], [ 0, 0, 1, 0 ], [ 0, 0, 0, 1 ] ] ]),BoundaryImage:=rec(ListIFace:=[ 1, 3 ],ListSign:=[ -1, 1 ],ListElt:=[ [ [ -2, -1, -3, 1 ], [ 17, -2, -17, -3 ], [ -4, 0, 2, 1 ], 
      [ 0, -4, -17, 2 ] ], 
  [ [ 33, -7, -40, -3 ], [ 119, 33, 51, -40 ], [ -5, -10, -31, 6 ], 
      [ 170, -5, -102, -31 ] ] ])),rec(TheMatrixStab:=Group([ [ [ -1, 0, 0, 0 ], [ 0, -1, 0, 0 ], [ 0, 0, -1, 0 ], [ 0, 0, 0, -1 ] ], 
  [ [ 1, 0, 0, 0 ], [ 0, 1, 0, 0 ], [ 0, 0, 1, 0 ], [ 0, 0, 0, 1 ] ] ]),TheRotSubgroup:=Group([ [ [ -1, 0, 0, 0 ], [ 0, -1, 0, 0 ], [ 0, 0, -1, 0 ], [ 0, 0, 0, -1 ] ], 
  [ [ 1, 0, 0, 0 ], [ 0, 1, 0, 0 ], [ 0, 0, 1, 0 ], [ 0, 0, 0, 1 ] ] ]),BoundaryImage:=rec(ListIFace:=[ 2, 4 ],ListSign:=[ -1, 1 ],ListElt:=[ [ [ 64, 38, 104, -43 ], [ -646, 64, 731, 104 ], [ 134, 9, -63, -38 ], 
      [ -153, 134, 646, -63 ] ], 
  [ [ -721, 30, 652, 147 ], [ -510, -721, -2499, 652 ], 
      [ -277, 130, 723, -31 ], [ -2210, -277, 527, 723 ] ] ])),rec(TheMatrixStab:=Group([ [ [ -2, 1, 4, 0 ], [ -17, -2, 0, 4 ], [ 3, 1, 2, -1 ], [ -17, 3, 17, 2 ] ], 
  [ [ -1, 0, 0, 0 ], [ 0, -1, 0, 0 ], [ 0, 0, -1, 0 ], [ 0, 0, 0, -1 ] ], 
  [ [ 1, 0, 0, 0 ], [ 0, 1, 0, 0 ], [ 0, 0, 1, 0 ], [ 0, 0, 0, 1 ] ], 
  [ [ 2, -1, -4, 0 ], [ 17, 2, 0, -4 ], [ -3, -1, -2, 1 ], 
      [ 17, -3, -17, -2 ] ] ]),TheRotSubgroup:=Group([ [ [ -2, 1, 4, 0 ], [ -17, -2, 0, 4 ], [ 3, 1, 2, -1 ], [ -17, 3, 17, 2 ] ], 
  [ [ -1, 0, 0, 0 ], [ 0, -1, 0, 0 ], [ 0, 0, -1, 0 ], [ 0, 0, 0, -1 ] ], 
  [ [ 1, 0, 0, 0 ], [ 0, 1, 0, 0 ], [ 0, 0, 1, 0 ], [ 0, 0, 0, 1 ] ], 
  [ [ 2, -1, -4, 0 ], [ 17, 2, 0, -4 ], [ -3, -1, -2, 1 ], 
      [ 17, -3, -17, -2 ] ] ]),BoundaryImage:=rec(ListIFace:=[ 1, 2 ],ListSign:=[ -1, 1 ],ListElt:=[ [ [ 5, 0, -3, -1 ], [ 0, 5, 17, -3 ], [ 3, -1, -5, 0 ], [ 17, 3, 0, -5 ] ], 
  [ [ -98, -11, 30, 31 ], [ 187, -98, -527, 30 ], [ -85, 13, 115, 10 ], 
      [ -221, -85, -170, 115 ] ] ])),rec(TheMatrixStab:=Group([ [ [ -1, 0, 0, 0 ], [ 0, -1, 0, 0 ], [ 0, 0, -1, 0 ], [ 0, 0, 0, -1 ] ], 
  [ [ 1, 0, 0, 0 ], [ 0, 1, 0, 0 ], [ 0, 0, 1, 0 ], [ 0, 0, 0, 1 ] ] ]),TheRotSubgroup:=Group([ [ [ -1, 0, 0, 0 ], [ 0, -1, 0, 0 ], [ 0, 0, -1, 0 ], [ 0, 0, 0, -1 ] ], 
  [ [ 1, 0, 0, 0 ], [ 0, 1, 0, 0 ], [ 0, 0, 1, 0 ], [ 0, 0, 0, 1 ] ] ]),BoundaryImage:=rec(ListIFace:=[ 1, 5 ],ListSign:=[ -1, 1 ],ListElt:=[ [ [ -3, -1, -2, 1 ], [ 17, -3, -17, -2 ], [ -5, 0, 2, 1 ], 
      [ 0, -5, -17, 2 ] ], 
  [ [ -1, 0, 0, 0 ], [ 0, -1, 0, 0 ], [ 0, 0, -1, 0 ], [ 0, 0, 0, -1 ] ] ])),rec(TheMatrixStab:=Group([ [ [ -1, 0, 0, 0 ], [ 0, -1, 0, 0 ], [ 0, 0, -1, 0 ], [ 0, 0, 0, -1 ] ], 
  [ [ 1, 0, 0, 0 ], [ 0, 1, 0, 0 ], [ 0, 0, 1, 0 ], [ 0, 0, 0, 1 ] ] ]),TheRotSubgroup:=Group([ [ [ -1, 0, 0, 0 ], [ 0, -1, 0, 0 ], [ 0, 0, -1, 0 ], [ 0, 0, 0, -1 ] ], 
  [ [ 1, 0, 0, 0 ], [ 0, 1, 0, 0 ], [ 0, 0, 1, 0 ], [ 0, 0, 0, 1 ] ] ]),BoundaryImage:=rec(ListIFace:=[ 2, 6 ],ListSign:=[ -1, 1 ],ListElt:=[ [ [ 1, 0, 0, 0 ], [ 0, 1, 0, 0 ], [ 0, 0, 1, 0 ], [ 0, 0, 0, 1 ] ], 
  [ [ 1, 0, 0, 0 ], [ 0, 1, 0, 0 ], [ 0, 0, 1, 0 ], [ 0, 0, 0, 1 ] ] ])),rec(TheMatrixStab:=Group([ [ [ -5, 0, 2, 1 ], [ 0, -5, -17, 2 ], [ -2, 1, 4, 0 ], [ -17, -2, 0, 4 ] ], 
  [ [ -4, 0, 2, 1 ], [ 0, -4, -17, 2 ], [ -2, 1, 5, 0 ], [ -17, -2, 0, 5 ] ], 
  [ [ -1, 0, 0, 0 ], [ 0, -1, 0, 0 ], [ 0, 0, -1, 0 ], [ 0, 0, 0, -1 ] ], 
  [ [ 1, 0, 0, 0 ], [ 0, 1, 0, 0 ], [ 0, 0, 1, 0 ], [ 0, 0, 0, 1 ] ], 
  [ [ 4, 0, -2, -1 ], [ 0, 4, 17, -2 ], [ 2, -1, -5, 0 ], [ 17, 2, 0, -5 ] ], 
  [ [ 5, 0, -2, -1 ], [ 0, 5, 17, -2 ], [ 2, -1, -4, 0 ], [ 17, 2, 0, -4 ] ] ]),TheRotSubgroup:=Group([ [ [ -5, 0, 2, 1 ], [ 0, -5, -17, 2 ], [ -2, 1, 4, 0 ], [ -17, -2, 0, 4 ] ], 
  [ [ -4, 0, 2, 1 ], [ 0, -4, -17, 2 ], [ -2, 1, 5, 0 ], [ -17, -2, 0, 5 ] ], 
  [ [ -1, 0, 0, 0 ], [ 0, -1, 0, 0 ], [ 0, 0, -1, 0 ], [ 0, 0, 0, -1 ] ], 
  [ [ 1, 0, 0, 0 ], [ 0, 1, 0, 0 ], [ 0, 0, 1, 0 ], [ 0, 0, 0, 1 ] ], 
  [ [ 4, 0, -2, -1 ], [ 0, 4, 17, -2 ], [ 2, -1, -5, 0 ], [ 17, 2, 0, -5 ] ], 
  [ [ 5, 0, -2, -1 ], [ 0, 5, 17, -2 ], [ 2, -1, -4, 0 ], [ 17, 2, 0, -4 ] ] ]),BoundaryImage:=rec(ListIFace:=[ 1, 2 ],ListSign:=[ -1, 1 ],ListElt:=[ [ [ 0, 0, 1, 0 ], [ 0, 0, 0, 1 ], [ -1, 0, 1, 0 ], [ 0, -1, 0, 1 ] ], 
  [ [ -84, 31, 186, -3 ], [ -527, -84, 51, 186 ], [ 52, 35, 102, -38 ], 
      [ -595, 52, 646, 102 ] ] ])),rec(TheMatrixStab:=Group([ [ [ -1, 0, 0, 0 ], [ 0, -1, 0, 0 ], [ 0, 0, -1, 0 ], [ 0, 0, 0, -1 ] ], 
  [ [ 1, 0, 0, 0 ], [ 0, 1, 0, 0 ], [ 0, 0, 1, 0 ], [ 0, 0, 0, 1 ] ] ]),TheRotSubgroup:=Group([ [ [ -1, 0, 0, 0 ], [ 0, -1, 0, 0 ], [ 0, 0, -1, 0 ], [ 0, 0, 0, -1 ] ], 
  [ [ 1, 0, 0, 0 ], [ 0, 1, 0, 0 ], [ 0, 0, 1, 0 ], [ 0, 0, 0, 1 ] ] ]),BoundaryImage:=rec(ListIFace:=[ 3, 7 ],ListSign:=[ -1, 1 ],ListElt:=[ [ [ 1, 0, 0, 0 ], [ 0, 1, 0, 0 ], [ 0, 0, 1, 0 ], [ 0, 0, 0, 1 ] ], 
  [ [ 1, 0, 0, 0 ], [ 0, 1, 0, 0 ], [ 0, 0, 1, 0 ], [ 0, 0, 0, 1 ] ] ])),rec(TheMatrixStab:=Group([ [ [ -1, 0, 0, 0 ], [ 0, -1, 0, 0 ], [ 0, 0, -1, 0 ], [ 0, 0, 0, -1 ] ], 
  [ [ 1, 0, 0, 0 ], [ 0, 1, 0, 0 ], [ 0, 0, 1, 0 ], [ 0, 0, 0, 1 ] ] ]),TheRotSubgroup:=Group([ [ [ -1, 0, 0, 0 ], [ 0, -1, 0, 0 ], [ 0, 0, -1, 0 ], [ 0, 0, 0, -1 ] ], 
  [ [ 1, 0, 0, 0 ], [ 0, 1, 0, 0 ], [ 0, 0, 1, 0 ], [ 0, 0, 0, 1 ] ] ]),BoundaryImage:=rec(ListIFace:=[ 4, 8 ],ListSign:=[ -1, 1 ],ListElt:=[ [ [ 1, 0, 0, 0 ], [ 0, 1, 0, 0 ], [ 0, 0, 1, 0 ], [ 0, 0, 0, 1 ] ], 
  [ [ -2032, 569, 3768, 56 ], [ -9673, -2032, -952, 3768 ], 
      [ 518, 606, 2032, -569 ], [ -10302, 518, 9673, 2032 ] ] ])),rec(TheMatrixStab:=Group([ [ [ -1, 0, 0, 0 ], [ 0, -1, 0, 0 ], [ 0, 0, -1, 0 ], [ 0, 0, 0, -1 ] ], 
  [ [ 1, 0, 0, 0 ], [ 0, 1, 0, 0 ], [ 0, 0, 1, 0 ], [ 0, 0, 0, 1 ] ] ]),TheRotSubgroup:=Group([ [ [ -1, 0, 0, 0 ], [ 0, -1, 0, 0 ], [ 0, 0, -1, 0 ], [ 0, 0, 0, -1 ] ], 
  [ [ 1, 0, 0, 0 ], [ 0, 1, 0, 0 ], [ 0, 0, 1, 0 ], [ 0, 0, 0, 1 ] ] ]),BoundaryImage:=rec(ListIFace:=[ 3, 7 ],ListSign:=[ -1, 1 ],ListElt:=[ [ [ 1, 0, 0, 0 ], [ 0, 1, 0, 0 ], [ 0, 0, 1, 0 ], [ 0, 0, 0, 1 ] ], 
  [ [ 51, 20, 43, -20 ], [ -340, 51, 340, 43 ], [ 100, 0, -49, -20 ], 
      [ 0, 100, 340, -49 ] ] ])),rec(TheMatrixStab:=Group([ [ [ -1, 0, 0, 0 ], [ 0, -1, 0, 0 ], [ 0, 0, -1, 0 ], [ 0, 0, 0, -1 ] ], 
  [ [ 1, 0, 0, 0 ], [ 0, 1, 0, 0 ], [ 0, 0, 1, 0 ], [ 0, 0, 0, 1 ] ] ]),TheRotSubgroup:=Group([ [ [ -1, 0, 0, 0 ], [ 0, -1, 0, 0 ], [ 0, 0, -1, 0 ], [ 0, 0, 0, -1 ] ], 
  [ [ 1, 0, 0, 0 ], [ 0, 1, 0, 0 ], [ 0, 0, 1, 0 ], [ 0, 0, 0, 1 ] ] ]),BoundaryImage:=rec(ListIFace:=[ 4, 8 ],ListSign:=[ -1, 1 ],ListElt:=[ [ [ 1, 0, 0, 0 ], [ 0, 1, 0, 0 ], [ 0, 0, 1, 0 ], [ 0, 0, 0, 1 ] ], 
  [ [ -348, -664, -2389, 572 ], [ 11288, -348, -9724, -2389 ], 
      [ -1963, -276, 350, 664 ], [ 4692, -1963, -11288, 350 ] ] ])),rec(TheMatrixStab:=Group([ [ [ -26, -1, 14, 6 ], [ 17, -26, -102, 14 ], [ -18, 4, 26, 1 ], 
      [ -68, -18, -17, 26 ] ], 
  [ [ -1, 0, 0, 0 ], [ 0, -1, 0, 0 ], [ 0, 0, -1, 0 ], [ 0, 0, 0, -1 ] ], 
  [ [ 1, 0, 0, 0 ], [ 0, 1, 0, 0 ], [ 0, 0, 1, 0 ], [ 0, 0, 0, 1 ] ], 
  [ [ 26, 1, -14, -6 ], [ -17, 26, 102, -14 ], [ 18, -4, -26, -1 ], 
      [ 68, 18, 17, -26 ] ] ]),TheRotSubgroup:=Group([ [ [ -26, -1, 14, 6 ], [ 17, -26, -102, 14 ], [ -18, 4, 26, 1 ], 
      [ -68, -18, -17, 26 ] ], 
  [ [ -1, 0, 0, 0 ], [ 0, -1, 0, 0 ], [ 0, 0, -1, 0 ], [ 0, 0, 0, -1 ] ], 
  [ [ 1, 0, 0, 0 ], [ 0, 1, 0, 0 ], [ 0, 0, 1, 0 ], [ 0, 0, 0, 1 ] ], 
  [ [ 26, 1, -14, -6 ], [ -17, 26, 102, -14 ], [ 18, -4, -26, -1 ], 
      [ 68, 18, 17, -26 ] ] ]),BoundaryImage:=rec(ListIFace:=[ 5, 8 ],ListSign:=[ -1, 1 ],ListElt:=[ [ [ -6, 5, 21, -2 ], [ -85, -6, 34, 21 ], [ 12, 4, 6, -5 ], 
      [ -68, 12, 85, 6 ] ], 
  [ [ 337, 0, -249, -79 ], [ 0, 337, 1343, -249 ], [ 188, -61, -382, 1 ], 
      [ 1037, 188, -17, -382 ] ] ])),rec(TheMatrixStab:=Group([ [ [ -12, 45, 190, -30 ], [ -765, -12, 510, 190 ], [ 116, 24, 12, -45 ], 
      [ -408, 116, 765, 12 ] ], 
  [ [ -1, 0, 0, 0 ], [ 0, -1, 0, 0 ], [ 0, 0, -1, 0 ], [ 0, 0, 0, -1 ] ], 
  [ [ 1, 0, 0, 0 ], [ 0, 1, 0, 0 ], [ 0, 0, 1, 0 ], [ 0, 0, 0, 1 ] ], 
  [ [ 12, -45, -190, 30 ], [ 765, 12, -510, -190 ], [ -116, -24, -12, 45 ], 
      [ 408, -116, -765, -12 ] ] ]),TheRotSubgroup:=Group([ [ [ -12, 45, 190, -30 ], [ -765, -12, 510, 190 ], [ 116, 24, 12, -45 ], 
      [ -408, 116, 765, 12 ] ], 
  [ [ -1, 0, 0, 0 ], [ 0, -1, 0, 0 ], [ 0, 0, -1, 0 ], [ 0, 0, 0, -1 ] ], 
  [ [ 1, 0, 0, 0 ], [ 0, 1, 0, 0 ], [ 0, 0, 1, 0 ], [ 0, 0, 0, 1 ] ], 
  [ [ 12, -45, -190, 30 ], [ 765, 12, -510, -190 ], [ -116, -24, -12, 45 ], 
      [ 408, -116, -765, -12 ] ] ]),BoundaryImage:=rec(ListIFace:=[ 6, 7 ],ListSign:=[ -1, 1 ],ListElt:=[ [ [ 15, -1, -14, -3 ], [ 17, 15, 51, -14 ], [ 4, -3, -15, 1 ], 
      [ 51, 4, -17, -15 ] ], 
  [ [ 57, -26, -115, 1 ], [ 442, 57, -17, -115 ], [ -43, -22, -54, 19 ], 
      [ 374, -43, -323, -54 ] ] ])),rec(TheMatrixStab:=Group([ [ [ -1, 0, 0, 0 ], [ 0, -1, 0, 0 ], [ 0, 0, -1, 0 ], [ 0, 0, 0, -1 ] ], 
  [ [ 1, 0, 0, 0 ], [ 0, 1, 0, 0 ], [ 0, 0, 1, 0 ], [ 0, 0, 0, 1 ] ] ]),TheRotSubgroup:=Group([ [ [ -1, 0, 0, 0 ], [ 0, -1, 0, 0 ], [ 0, 0, -1, 0 ], [ 0, 0, 0, -1 ] ], 
  [ [ 1, 0, 0, 0 ], [ 0, 1, 0, 0 ], [ 0, 0, 1, 0 ], [ 0, 0, 0, 1 ] ] ]),BoundaryImage:=rec(ListIFace:=[ 5, 7 ],ListSign:=[ -1, 1 ],ListElt:=[ [ [ -26, -1, 14, 6 ], [ 17, -26, -102, 14 ], [ -18, 4, 26, 1 ], 
      [ -68, -18, -17, 26 ] ], 
  [ [ 75, -23, -115, -4 ], [ 391, 75, 68, -115 ], [ -27, -26, -76, 18 ], 
      [ 442, -27, -306, -76 ] ] ])),rec(TheMatrixStab:=Group([ [ [ -1, 0, 0, 0 ], [ 0, -1, 0, 0 ], [ 0, 0, -1, 0 ], [ 0, 0, 0, -1 ] ], 
  [ [ 1, 0, 0, 0 ], [ 0, 1, 0, 0 ], [ 0, 0, 1, 0 ], [ 0, 0, 0, 1 ] ] ]),TheRotSubgroup:=Group([ [ [ -1, 0, 0, 0 ], [ 0, -1, 0, 0 ], [ 0, 0, -1, 0 ], [ 0, 0, 0, -1 ] ], 
  [ [ 1, 0, 0, 0 ], [ 0, 1, 0, 0 ], [ 0, 0, 1, 0 ], [ 0, 0, 0, 1 ] ] ]),BoundaryImage:=rec(ListIFace:=[ 6, 8 ],ListSign:=[ -1, 1 ],ListElt:=[ [ [ -185, -3, 123, 46 ], [ 51, -185, -782, 123 ], [ -99, 28, 185, 3 ], 
      [ -476, -99, -51, 185 ] ], 
  [ [ -787, -52, 374, 223 ], [ 884, -787, -3791, 374 ], 
      [ -527, 101, 792, 49 ], [ -1717, -527, -833, 792 ] ] ])),rec(TheMatrixStab:=Group([ [ [ -1, 0, 0, 0 ], [ 0, -1, 0, 0 ], [ 0, 0, -1, 0 ], [ 0, 0, 0, -1 ] ], 
  [ [ 1, 0, 0, 0 ], [ 0, 1, 0, 0 ], [ 0, 0, 1, 0 ], [ 0, 0, 0, 1 ] ] ]),TheRotSubgroup:=Group([ [ [ -1, 0, 0, 0 ], [ 0, -1, 0, 0 ], [ 0, 0, -1, 0 ], [ 0, 0, 0, -1 ] ], 
  [ [ 1, 0, 0, 0 ], [ 0, 1, 0, 0 ], [ 0, 0, 1, 0 ], [ 0, 0, 0, 1 ] ] ]),BoundaryImage:=rec(ListIFace:=[ 5, 7 ],ListSign:=[ -1, 1 ],ListElt:=[ [ [ -1, 0, 0, 0 ], [ 0, -1, 0, 0 ], [ 0, 0, -1, 0 ], [ 0, 0, 0, -1 ] ], 
  [ [ -84, -25, -44, 29 ], [ 425, -84, -493, -44 ], [ -125, 0, 61, 25 ], 
      [ 0, -125, -425, 61 ] ] ])),rec(TheMatrixStab:=Group([ [ [ -1, 0, 0, 0 ], [ 0, -1, 0, 0 ], [ 0, 0, -1, 0 ], [ 0, 0, 0, -1 ] ], 
  [ [ 1, 0, 0, 0 ], [ 0, 1, 0, 0 ], [ 0, 0, 1, 0 ], [ 0, 0, 0, 1 ] ] ]),TheRotSubgroup:=Group([ [ [ -1, 0, 0, 0 ], [ 0, -1, 0, 0 ], [ 0, 0, -1, 0 ], [ 0, 0, 0, -1 ] ], 
  [ [ 1, 0, 0, 0 ], [ 0, 1, 0, 0 ], [ 0, 0, 1, 0 ], [ 0, 0, 0, 1 ] ] ]),BoundaryImage:=rec(ListIFace:=[ 6, 8 ],ListSign:=[ -1, 1 ],ListElt:=[ [ [ -1, 0, 0, 0 ], [ 0, -1, 0, 0 ], [ 0, 0, -1, 0 ], [ 0, 0, 0, -1 ] ], 
  [ [ 212, 114, 297, -134 ], [ -1938, 212, 2278, 297 ], 
      [ 413, 22, -218, -113 ], [ -374, 413, 1921, -218 ] ] ])),rec(TheMatrixStab:=Group([ [ [ -36, 23, 96, -4 ], [ -391, -36, 68, 96 ], [ 66, 20, 36, -23 ], 
      [ -340, 66, 391, 36 ] ], 
  [ [ -1, 0, 0, 0 ], [ 0, -1, 0, 0 ], [ 0, 0, -1, 0 ], [ 0, 0, 0, -1 ] ], 
  [ [ 1, 0, 0, 0 ], [ 0, 1, 0, 0 ], [ 0, 0, 1, 0 ], [ 0, 0, 0, 1 ] ], 
  [ [ 36, -23, -96, 4 ], [ 391, 36, -68, -96 ], [ -66, -20, -36, 23 ], 
      [ 340, -66, -391, -36 ] ] ]),TheRotSubgroup:=Group([ [ [ -36, 23, 96, -4 ], [ -391, -36, 68, 96 ], [ 66, 20, 36, -23 ], 
      [ -340, 66, 391, 36 ] ], 
  [ [ -1, 0, 0, 0 ], [ 0, -1, 0, 0 ], [ 0, 0, -1, 0 ], [ 0, 0, 0, -1 ] ], 
  [ [ 1, 0, 0, 0 ], [ 0, 1, 0, 0 ], [ 0, 0, 1, 0 ], [ 0, 0, 0, 1 ] ], 
  [ [ 36, -23, -96, 4 ], [ 391, 36, -68, -96 ], [ -66, -20, -36, 23 ], 
      [ 340, -66, -391, -36 ] ] ]),BoundaryImage:=rec(ListIFace:=[ 7, 8 ],ListSign:=[ -1, 1 ],ListElt:=[ [ [ 36, -23, -96, 4 ], [ 391, 36, -68, -96 ], [ -66, -20, -36, 23 ], 
      [ 340, -66, -391, -36 ] ], 
  [ [ -409, -7, 274, 101 ], [ 119, -409, -1717, 274 ], [ -239, 84, 511, -6 ], 
      [ -1428, -239, 102, 511 ] ] ]))],[rec(TheMatrixStab:=Group([ [ [ -1, 0, 0, 0 ], [ 0, -1, 0, 0 ], [ 0, 0, -1, 0 ], [ 0, 0, 0, -1 ] ], 
  [ [ 1, 0, 0, 0 ], [ 0, 1, 0, 0 ], [ 0, 0, 1, 0 ], [ 0, 0, 0, 1 ] ] ]),TheRotSubgroup:=Group([ [ [ -1, 0, 0, 0 ], [ 0, -1, 0, 0 ], [ 0, 0, -1, 0 ], [ 0, 0, 0, -1 ] ], 
  [ [ 1, 0, 0, 0 ], [ 0, 1, 0, 0 ], [ 0, 0, 1, 0 ], [ 0, 0, 0, 1 ] ] ]),BoundaryImage:=rec(ListIFace:=[ 1, 7, 18, 12 ],ListSign:=[ 1, -1, -1, 1 ],ListElt:=[ [ [ 1, 0, 0, 0 ], [ 0, 1, 0, 0 ], [ 0, 0, 1, 0 ], [ 0, 0, 0, 1 ] ], 
  [ [ 5, 0, -2, -1 ], [ 0, 5, 17, -2 ], [ 2, -1, -4, 0 ], [ 17, 2, 0, -4 ] ], 
  [ [ -14, -5, -8, 6 ], [ 85, -14, -102, -8 ], [ -25, 0, 16, 5 ], 
      [ 0, -25, -85, 16 ] ], 
  [ [ 1, 0, 0, 0 ], [ 0, 1, 0, 0 ], [ 0, 0, 1, 0 ], [ 0, 0, 0, 1 ] ] ])),rec(TheMatrixStab:=Group([ [ [ -1, 0, 0, 0 ], [ 0, -1, 0, 0 ], [ 0, 0, -1, 0 ], [ 0, 0, 0, -1 ] ], 
  [ [ 1, 0, 0, 0 ], [ 0, 1, 0, 0 ], [ 0, 0, 1, 0 ], [ 0, 0, 0, 1 ] ] ]),TheRotSubgroup:=Group([ [ [ -1, 0, 0, 0 ], [ 0, -1, 0, 0 ], [ 0, 0, -1, 0 ], [ 0, 0, 0, -1 ] ], 
  [ [ 1, 0, 0, 0 ], [ 0, 1, 0, 0 ], [ 0, 0, 1, 0 ], [ 0, 0, 0, 1 ] ] ]),BoundaryImage:=rec(ListIFace:=[ 2, 8, 19, 13 ],ListSign:=[ 1, -1, -1, 1 ],ListElt:=[ [ [ 1, 0, 0, 0 ], [ 0, 1, 0, 0 ], [ 0, 0, 1, 0 ], [ 0, 0, 0, 1 ] ], 
  [ [ -167, -5, 104, 43 ], [ 85, -167, -731, 104 ], [ -97, 24, 168, 5 ], 
      [ -408, -97, -85, 168 ] ], 
  [ [ 124, -81, -416, 30 ], [ 1377, 124, -510, -416 ], 
      [ -157, -60, -126, 81 ], [ 1020, -157, -1377, -126 ] ], 
  [ [ 1, 0, 0, 0 ], [ 0, 1, 0, 0 ], [ 0, 0, 1, 0 ], [ 0, 0, 0, 1 ] ] ])),rec(TheMatrixStab:=Group([ [ [ -1, 0, 0, 0 ], [ 0, -1, 0, 0 ], [ 0, 0, -1, 0 ], [ 0, 0, 0, -1 ] ], 
  [ [ 1, 0, 0, 0 ], [ 0, 1, 0, 0 ], [ 0, 0, 1, 0 ], [ 0, 0, 0, 1 ] ] ]),TheRotSubgroup:=Group([ [ [ -1, 0, 0, 0 ], [ 0, -1, 0, 0 ], [ 0, 0, -1, 0 ], [ 0, 0, 0, -1 ] ], 
  [ [ 1, 0, 0, 0 ], [ 0, 1, 0, 0 ], [ 0, 0, 1, 0 ], [ 0, 0, 0, 1 ] ] ]),BoundaryImage:=rec(ListIFace:=[ 1, 6, 4, 5, 2, 6 ],ListSign:=[ 1, -1, -1, -1, 1, 1 ],ListElt:=[ [ [ 1, 0, 0, 0 ], [ 0, 1, 0, 0 ], [ 0, 0, 1, 0 ], [ 0, 0, 0, 1 ] ], 
  [ [ -5, 0, 2, 1 ], [ 0, -5, -17, 2 ], [ -2, 1, 4, 0 ], [ -17, -2, 0, 4 ] ], 
  [ [ -31, 6, 40, 3 ], [ -102, -31, -51, 40 ], [ 5, 10, 33, -7 ], 
      [ -170, 5, 119, 33 ] ], 
  [ [ 69, 19, 25, -30 ], [ -323, 69, 510, 25 ], [ 111, -4, -97, -23 ], 
      [ 68, 111, 391, -97 ] ], 
  [ [ -64, -69, -228, 66 ], [ 1173, -64, -1122, -228 ], 
      [ -292, -25, 116, 87 ], [ 425, -292, -1479, 116 ] ], 
  [ [ -29, -6, -7, 10 ], [ 102, -29, -170, -7 ], [ -38, 3, 33, 7 ], 
      [ -51, -38, -119, 33 ] ] ])),rec(TheMatrixStab:=Group([ [ [ -1, 0, 0, 0 ], [ 0, -1, 0, 0 ], [ 0, 0, -1, 0 ], [ 0, 0, 0, -1 ] ], 
  [ [ 1, 0, 0, 0 ], [ 0, 1, 0, 0 ], [ 0, 0, 1, 0 ], [ 0, 0, 0, 1 ] ] ]),TheRotSubgroup:=Group([ [ [ -1, 0, 0, 0 ], [ 0, -1, 0, 0 ], [ 0, 0, -1, 0 ], [ 0, 0, 0, -1 ] ], 
  [ [ 1, 0, 0, 0 ], [ 0, 1, 0, 0 ], [ 0, 0, 1, 0 ], [ 0, 0, 0, 1 ] ] ]),BoundaryImage:=rec(ListIFace:=[ 1, 7, 18, 10 ],ListSign:=[ 1, -1, -1, 1 ],ListElt:=[ [ [ 1, 0, 0, 0 ], [ 0, 1, 0, 0 ], [ 0, 0, 1, 0 ], [ 0, 0, 0, 1 ] ], 
  [ [ -3, -1, -2, 1 ], [ 17, -3, -17, -2 ], [ -5, 0, 2, 1 ], 
      [ 0, -5, -17, 2 ] ], 
  [ [ -29, -3, 9, 8 ], [ 51, -29, -136, 9 ], [ -26, 5, 35, 2 ], 
      [ -85, -26, -34, 35 ] ], 
  [ [ -1, 0, 0, 0 ], [ 0, -1, 0, 0 ], [ 0, 0, -1, 0 ], [ 0, 0, 0, -1 ] ] ])),rec(TheMatrixStab:=Group([ [ [ -1, 0, 0, 0 ], [ 0, -1, 0, 0 ], [ 0, 0, -1, 0 ], [ 0, 0, 0, -1 ] ], 
  [ [ 1, 0, 0, 0 ], [ 0, 1, 0, 0 ], [ 0, 0, 1, 0 ], [ 0, 0, 0, 1 ] ] ]),TheRotSubgroup:=Group([ [ [ -1, 0, 0, 0 ], [ 0, -1, 0, 0 ], [ 0, 0, -1, 0 ], [ 0, 0, 0, -1 ] ], 
  [ [ 1, 0, 0, 0 ], [ 0, 1, 0, 0 ], [ 0, 0, 1, 0 ], [ 0, 0, 0, 1 ] ] ]),BoundaryImage:=rec(ListIFace:=[ 2, 8, 11, 19 ],ListSign:=[ 1, -1, 1, -1 ],ListElt:=[ [ [ 1, 0, 0, 0 ], [ 0, 1, 0, 0 ], [ 0, 0, 1, 0 ], [ 0, 0, 0, 1 ] ], 
  [ [ -63, -38, -104, 43 ], [ 646, -63, -731, -104 ], [ -134, -9, 64, 38 ], 
      [ 153, -134, -646, 64 ] ], 
  [ [ 1, 0, 0, 0 ], [ 0, 1, 0, 0 ], [ 0, 0, 1, 0 ], [ 0, 0, 0, 1 ] ], 
  [ [ -218, -113, -297, 134 ], [ 1921, -218, -2278, -297 ], 
      [ -413, -22, 212, 114 ], [ 374, -413, -1938, 212 ] ] ])),rec(TheMatrixStab:=Group([ [ [ -1, -4, -14, 3 ], [ 68, -1, -51, -14 ], [ -12, -2, 1, 4 ], 
      [ 34, -12, -68, 1 ] ], 
  [ [ -1, 0, 0, 0 ], [ 0, -1, 0, 0 ], [ 0, 0, -1, 0 ], [ 0, 0, 0, -1 ] ], 
  [ [ 1, 0, 0, 0 ], [ 0, 1, 0, 0 ], [ 0, 0, 1, 0 ], [ 0, 0, 0, 1 ] ], 
  [ [ 1, 4, 14, -3 ], [ -68, 1, 51, 14 ], [ 12, 2, -1, -4 ], 
      [ -34, 12, 68, -1 ] ] ]),TheRotSubgroup:=Group([ [ [ -1, 0, 0, 0 ], [ 0, -1, 0, 0 ], [ 0, 0, -1, 0 ], [ 0, 0, 0, -1 ] ], 
  [ [ 1, 0, 0, 0 ], [ 0, 1, 0, 0 ], [ 0, 0, 1, 0 ], [ 0, 0, 0, 1 ] ] ]),BoundaryImage:=rec(ListIFace:=[ 3, 8, 8, 3, 7, 7 ],ListSign:=[ 1, 1, -1, -1, 1, -1 ],ListElt:=[ [ [ 2, -1, -5, 0 ], [ 17, 2, 0, -5 ], [ -2, -1, -3, 1 ], 
      [ 17, -2, -17, -3 ] ], 
  [ [ -3, 1, 5, 0 ], [ -17, -3, 0, 5 ], [ 2, 1, 2, -1 ], [ -17, 2, 17, 2 ] ], 
  [ [ 8, -3, -18, 0 ], [ 51, 8, 0, -18 ], [ -4, -3, -10, 3 ], 
      [ 51, -4, -51, -10 ] ], 
  [ [ -8, 3, 18, 0 ], [ -51, -8, 0, 18 ], [ 4, 3, 10, -3 ], 
      [ -51, 4, 51, 10 ] ], 
  [ [ -1, -4, -14, 3 ], [ 68, -1, -51, -14 ], [ -12, -2, 1, 4 ], 
      [ 34, -12, -68, 1 ] ], 
  [ [ -1, 0, 0, 0 ], [ 0, -1, 0, 0 ], [ 0, 0, -1, 0 ], [ 0, 0, 0, -1 ] ] ])),rec(TheMatrixStab:=Group([ [ [ -1, 0, 0, 0 ], [ 0, -1, 0, 0 ], [ 0, 0, -1, 0 ], [ 0, 0, 0, -1 ] ], 
  [ [ 1, 0, 0, 0 ], [ 0, 1, 0, 0 ], [ 0, 0, 1, 0 ], [ 0, 0, 0, 1 ] ] ]),TheRotSubgroup:=Group([ [ [ -1, 0, 0, 0 ], [ 0, -1, 0, 0 ], [ 0, 0, -1, 0 ], [ 0, 0, 0, -1 ] ], 
  [ [ 1, 0, 0, 0 ], [ 0, 1, 0, 0 ], [ 0, 0, 1, 0 ], [ 0, 0, 0, 1 ] ] ]),BoundaryImage:=rec(ListIFace:=[ 4, 7, 16, 12 ],ListSign:=[ 1, -1, -1, 1 ],ListElt:=[ [ [ 1, 0, 0, 0 ], [ 0, 1, 0, 0 ], [ 0, 0, 1, 0 ], [ 0, 0, 0, 1 ] ], 
  [ [ -1, 0, 0, 0 ], [ 0, -1, 0, 0 ], [ 0, 0, -1, 0 ], [ 0, 0, 0, -1 ] ], 
  [ [ 26, 1, -14, -6 ], [ -17, 26, 102, -14 ], [ 18, -4, -26, -1 ], 
      [ 68, 18, 17, -26 ] ], 
  [ [ 33, -7, -40, -3 ], [ 119, 33, 51, -40 ], [ -5, -10, -31, 6 ], 
      [ 170, -5, -102, -31 ] ] ])),rec(TheMatrixStab:=Group([ [ [ -1, 0, 0, 0 ], [ 0, -1, 0, 0 ], [ 0, 0, -1, 0 ], [ 0, 0, 0, -1 ] ], 
  [ [ 1, 0, 0, 0 ], [ 0, 1, 0, 0 ], [ 0, 0, 1, 0 ], [ 0, 0, 0, 1 ] ] ]),TheRotSubgroup:=Group([ [ [ -1, 0, 0, 0 ], [ 0, -1, 0, 0 ], [ 0, 0, -1, 0 ], [ 0, 0, 0, -1 ] ], 
  [ [ 1, 0, 0, 0 ], [ 0, 1, 0, 0 ], [ 0, 0, 1, 0 ], [ 0, 0, 0, 1 ] ] ]),BoundaryImage:=rec(ListIFace:=[ 5, 13, 17, 8 ],ListSign:=[ 1, 1, -1, -1 ],ListElt:=[ [ [ 1, 0, 0, 0 ], [ 0, 1, 0, 0 ], [ 0, 0, 1, 0 ], [ 0, 0, 0, 1 ] ], 
  [ [ -721, 30, 652, 147 ], [ -510, -721, -2499, 652 ], 
      [ -277, 130, 723, -31 ], [ -2210, -277, 527, 723 ] ], 
  [ [ 12, -45, -190, 30 ], [ 765, 12, -510, -190 ], [ -116, -24, -12, 45 ], 
      [ 408, -116, -765, -12 ] ], 
  [ [ -1, 0, 0, 0 ], [ 0, -1, 0, 0 ], [ 0, 0, -1, 0 ], [ 0, 0, 0, -1 ] ] ])),rec(TheMatrixStab:=Group([ [ [ -1, 0, 0, 0 ], [ 0, -1, 0, 0 ], [ 0, 0, -1, 0 ], [ 0, 0, 0, -1 ] ], 
  [ [ 1, 0, 0, 0 ], [ 0, 1, 0, 0 ], [ 0, 0, 1, 0 ], [ 0, 0, 0, 1 ] ] ]),TheRotSubgroup:=Group([ [ [ -1, 0, 0, 0 ], [ 0, -1, 0, 0 ], [ 0, 0, -1, 0 ], [ 0, 0, 0, -1 ] ], 
  [ [ 1, 0, 0, 0 ], [ 0, 1, 0, 0 ], [ 0, 0, 1, 0 ], [ 0, 0, 0, 1 ] ] ]),BoundaryImage:=rec(ListIFace:=[ 4, 10, 7, 16 ],ListSign:=[ 1, 1, -1, -1 ],ListElt:=[ [ [ -1, 0, 0, 0 ], [ 0, -1, 0, 0 ], [ 0, 0, -1, 0 ], [ 0, 0, 0, -1 ] ], 
  [ [ -33, 7, 40, 3 ], [ -119, -33, -51, 40 ], [ 5, 10, 31, -6 ], 
      [ -170, 5, 102, 31 ] ], 
  [ [ -5, 0, 2, 1 ], [ 0, -5, -17, 2 ], [ -2, 1, 4, 0 ], [ -17, -2, 0, 4 ] ], 
  [ [ -15, -4, -4, 6 ], [ 68, -15, -102, -4 ], [ -22, 1, 19, 4 ], 
      [ -17, -22, -68, 19 ] ] ])),rec(TheMatrixStab:=Group([ [ [ -1, 0, 0, 0 ], [ 0, -1, 0, 0 ], [ 0, 0, -1, 0 ], [ 0, 0, 0, -1 ] ], 
  [ [ 1, 0, 0, 0 ], [ 0, 1, 0, 0 ], [ 0, 0, 1, 0 ], [ 0, 0, 0, 1 ] ] ]),TheRotSubgroup:=Group([ [ [ -1, 0, 0, 0 ], [ 0, -1, 0, 0 ], [ 0, 0, -1, 0 ], [ 0, 0, 0, -1 ] ], 
  [ [ 1, 0, 0, 0 ], [ 0, 1, 0, 0 ], [ 0, 0, 1, 0 ], [ 0, 0, 0, 1 ] ] ]),BoundaryImage:=rec(ListIFace:=[ 5, 11, 8, 17 ],ListSign:=[ 1, 1, -1, -1 ],ListElt:=[ [ [ 1, 0, 0, 0 ], [ 0, 1, 0, 0 ], [ 0, 0, 1, 0 ], [ 0, 0, 0, 1 ] ], 
  [ [ -721, 30, 652, 147 ], [ -510, -721, -2499, 652 ], 
      [ -277, 130, 723, -31 ], [ -2210, -277, 527, 723 ] ], 
  [ [ -167, -5, 104, 43 ], [ 85, -167, -731, 104 ], [ -97, 24, 168, 5 ], 
      [ -408, -97, -85, 168 ] ], 
  [ [ -19, 48, 208, -30 ], [ -816, -19, 510, 208 ], [ 120, 27, 23, -48 ], 
      [ -459, 120, 816, 23 ] ] ])),rec(TheMatrixStab:=Group([ [ [ -6, 5, 21, -2 ], [ -85, -6, 34, 21 ], [ 12, 4, 6, -5 ], 
      [ -68, 12, 85, 6 ] ], 
  [ [ -1, 0, 0, 0 ], [ 0, -1, 0, 0 ], [ 0, 0, -1, 0 ], [ 0, 0, 0, -1 ] ], 
  [ [ 1, 0, 0, 0 ], [ 0, 1, 0, 0 ], [ 0, 0, 1, 0 ], [ 0, 0, 0, 1 ] ], 
  [ [ 6, -5, -21, 2 ], [ 85, 6, -34, -21 ], [ -12, -4, -6, 5 ], 
      [ 68, -12, -85, -6 ] ] ]),TheRotSubgroup:=Group([ [ [ -1, 0, 0, 0 ], [ 0, -1, 0, 0 ], [ 0, 0, -1, 0 ], [ 0, 0, 0, -1 ] ], 
  [ [ 1, 0, 0, 0 ], [ 0, 1, 0, 0 ], [ 0, 0, 1, 0 ], [ 0, 0, 0, 1 ] ] ]),BoundaryImage:=rec(ListIFace:=[ 7, 7, 9, 9, 8, 8 ],ListSign:=[ 1, -1, -1, 1, -1, 1 ],ListElt:=[ [ [ -1, 0, 0, 0 ], [ 0, -1, 0, 0 ], [ 0, 0, -1, 0 ], [ 0, 0, 0, -1 ] ], 
  [ [ -6, 5, 21, -2 ], [ -85, -6, 34, 21 ], [ 12, 4, 6, -5 ], 
      [ -68, 12, 85, 6 ] ], 
  [ [ 4, 0, -2, -1 ], [ 0, 4, 17, -2 ], [ 2, -1, -5, 0 ], [ 17, 2, 0, -5 ] ], 
  [ [ -6, 5, 21, -2 ], [ -85, -6, 34, 21 ], [ 12, 4, 6, -5 ], 
      [ -68, 12, 85, 6 ] ], 
  [ [ -71, -33, -80, 41 ], [ 561, -71, -697, -80 ], [ -151, -6, 87, 40 ], 
      [ 102, -151, -680, 87 ] ], 
  [ [ 144, -19, -182, -20 ], [ 323, 144, 340, -182 ], [ 24, -39, -174, 23 ], 
      [ 663, 24, -391, -174 ] ] ])),rec(TheMatrixStab:=Group([ [ [ -1, 0, 0, 0 ], [ 0, -1, 0, 0 ], [ 0, 0, -1, 0 ], [ 0, 0, 0, -1 ] ], 
  [ [ 1, 0, 0, 0 ], [ 0, 1, 0, 0 ], [ 0, 0, 1, 0 ], [ 0, 0, 0, 1 ] ] ]),TheRotSubgroup:=Group([ [ [ -1, 0, 0, 0 ], [ 0, -1, 0, 0 ], [ 0, 0, -1, 0 ], [ 0, 0, 0, -1 ] ], 
  [ [ 1, 0, 0, 0 ], [ 0, 1, 0, 0 ], [ 0, 0, 1, 0 ], [ 0, 0, 0, 1 ] ] ]),BoundaryImage:=rec(ListIFace:=[ 10, 12, 20, 20, 13, 11 ],ListSign:=[ 1, -1, 1, -1, -1, 1 ],ListElt:=[ [ [ 1, 0, 0, 0 ], [ 0, 1, 0, 0 ], [ 0, 0, 1, 0 ], [ 0, 0, 0, 1 ] ], 
  [ [ 1, 0, 0, 0 ], [ 0, 1, 0, 0 ], [ 0, 0, 1, 0 ], [ 0, 0, 0, 1 ] ], 
  [ [ 1, 0, 0, 0 ], [ 0, 1, 0, 0 ], [ 0, 0, 1, 0 ], [ 0, 0, 0, 1 ] ], 
  [ [ 51, 20, 43, -20 ], [ -340, 51, 340, 43 ], [ 100, 0, -49, -20 ], 
      [ 0, 100, 340, -49 ] ], 
  [ [ 357, -28, -375, -63 ], [ 476, 357, 1071, -375 ], [ 86, -91, -426, 47 ], 
      [ 1547, 86, -799, -426 ] ], 
  [ [ 357, -28, -375, -63 ], [ 476, 357, 1071, -375 ], [ 86, -91, -426, 47 ], 
      [ 1547, 86, -799, -426 ] ] ])),rec(TheMatrixStab:=Group([ [ [ -1, 0, 0, 0 ], [ 0, -1, 0, 0 ], [ 0, 0, -1, 0 ], [ 0, 0, 0, -1 ] ], 
  [ [ 1, 0, 0, 0 ], [ 0, 1, 0, 0 ], [ 0, 0, 1, 0 ], [ 0, 0, 0, 1 ] ] ]),TheRotSubgroup:=Group([ [ [ -1, 0, 0, 0 ], [ 0, -1, 0, 0 ], [ 0, 0, -1, 0 ], [ 0, 0, 0, -1 ] ], 
  [ [ 1, 0, 0, 0 ], [ 0, 1, 0, 0 ], [ 0, 0, 1, 0 ], [ 0, 0, 0, 1 ] ] ]),BoundaryImage:=rec(ListIFace:=[ 14, 17, 16, 15 ],ListSign:=[ 1, -1, -1, 1 ],ListElt:=[ [ [ -26, -1, 14, 6 ], [ 17, -26, -102, 14 ], [ -18, 4, 26, 1 ], 
      [ -68, -18, -17, 26 ] ], 
  [ [ -155, -6, 88, 41 ], [ 102, -155, -697, 88 ], [ -103, 24, 171, 7 ], 
      [ -408, -103, -119, 171 ] ], 
  [ [ -1, 0, 0, 0 ], [ 0, -1, 0, 0 ], [ 0, 0, -1, 0 ], [ 0, 0, 0, -1 ] ], 
  [ [ -155, -6, 88, 41 ], [ 102, -155, -697, 88 ], [ -103, 24, 171, 7 ], 
      [ -408, -103, -119, 171 ] ] ])),rec(TheMatrixStab:=Group([ [ [ -1, 0, 0, 0 ], [ 0, -1, 0, 0 ], [ 0, 0, -1, 0 ], [ 0, 0, 0, -1 ] ], 
  [ [ 1, 0, 0, 0 ], [ 0, 1, 0, 0 ], [ 0, 0, 1, 0 ], [ 0, 0, 0, 1 ] ] ]),TheRotSubgroup:=Group([ [ [ -1, 0, 0, 0 ], [ 0, -1, 0, 0 ], [ 0, 0, -1, 0 ], [ 0, 0, 0, -1 ] ], 
  [ [ 1, 0, 0, 0 ], [ 0, 1, 0, 0 ], [ 0, 0, 1, 0 ], [ 0, 0, 0, 1 ] ] ]),BoundaryImage:=rec(ListIFace:=[ 14, 18, 15, 19 ],ListSign:=[ 1, -1, 1, -1 ],ListElt:=[ [ [ 26, 1, -14, -6 ], [ -17, 26, 102, -14 ], [ 18, -4, -26, -1 ], 
      [ 68, 18, 17, -26 ] ], 
  [ [ 6, -5, -21, 2 ], [ 85, 6, -34, -21 ], [ -12, -4, -6, 5 ], 
      [ 68, -12, -85, -6 ] ], 
  [ [ 132, -3, -108, -29 ], [ 51, 132, 493, -108 ], [ 60, -25, -144, 4 ], 
      [ 425, 60, -68, -144 ] ], 
  [ [ 18, 31, 112, -27 ], [ -527, 18, 459, 112 ], [ 103, 13, -23, -34 ], 
      [ -221, 103, 578, -23 ] ] ]))]];