HAP_GCOMPLEX_SETUP:=[false]; 
HAP_GCOMPLEX_LIST:=[[rec(TheMatrixStab:=Group([ [ [ -1, 0, 0, 0 ], [ 0, -1, 0, 0 ], [ 0, 0, -1, 0 ], [ 0, 0, 0, -1 ] ], 
  [ [ -1, 0, 1, 0 ], [ 0, -1, 0, 1 ], [ -1, 0, 0, 0 ], [ 0, -1, 0, 0 ] ], 
  [ [ 0, 0, -1, 0 ], [ 0, 0, 0, -1 ], [ 1, 0, -1, 0 ], [ 0, 1, 0, -1 ] ], 
  [ [ 0, 0, 1, 0 ], [ 0, 0, 0, 1 ], [ -1, 0, 1, 0 ], [ 0, -1, 0, 1 ] ], 
  [ [ 1, 0, -1, 0 ], [ 0, 1, 0, -1 ], [ 1, 0, 0, 0 ], [ 0, 1, 0, 0 ] ], 
  [ [ 1, 0, 0, 0 ], [ 0, 1, 0, 0 ], [ 0, 0, 1, 0 ], [ 0, 0, 0, 1 ] ] ]),TheRotSubgroup:=Group([ [ [ -1, 0, 0, 0 ], [ 0, -1, 0, 0 ], [ 0, 0, -1, 0 ], [ 0, 0, 0, -1 ] ], 
  [ [ -1, 0, 1, 0 ], [ 0, -1, 0, 1 ], [ -1, 0, 0, 0 ], [ 0, -1, 0, 0 ] ], 
  [ [ 0, 0, -1, 0 ], [ 0, 0, 0, -1 ], [ 1, 0, -1, 0 ], [ 0, 1, 0, -1 ] ], 
  [ [ 0, 0, 1, 0 ], [ 0, 0, 0, 1 ], [ -1, 0, 1, 0 ], [ 0, -1, 0, 1 ] ], 
  [ [ 1, 0, -1, 0 ], [ 0, 1, 0, -1 ], [ 1, 0, 0, 0 ], [ 0, 1, 0, 0 ] ], 
  [ [ 1, 0, 0, 0 ], [ 0, 1, 0, 0 ], [ 0, 0, 1, 0 ], [ 0, 0, 0, 1 ] ] ]),BoundaryImage:=rec(ListIFace:=[  ],ListSign:=[  ],ListElt:=[  ])),rec(TheMatrixStab:=Group([ [ [ -1, 0, 0, 0 ], [ 0, -1, 0, 0 ], [ 0, 0, -1, 0 ], [ 0, 0, 0, -1 ] ], 
  [ [ -1, 0, 1, 0 ], [ 0, -1, 0, 1 ], [ -1, 0, 0, 0 ], [ 0, -1, 0, 0 ] ], 
  [ [ 0, 0, -1, 0 ], [ 0, 0, 0, -1 ], [ 1, 0, -1, 0 ], [ 0, 1, 0, -1 ] ], 
  [ [ 0, 0, 1, 0 ], [ 0, 0, 0, 1 ], [ -1, 0, 1, 0 ], [ 0, -1, 0, 1 ] ], 
  [ [ 1, 0, -1, 0 ], [ 0, 1, 0, -1 ], [ 1, 0, 0, 0 ], [ 0, 1, 0, 0 ] ], 
  [ [ 1, 0, 0, 0 ], [ 0, 1, 0, 0 ], [ 0, 0, 1, 0 ], [ 0, 0, 0, 1 ] ] ]),TheRotSubgroup:=Group([ [ [ -1, 0, 0, 0 ], [ 0, -1, 0, 0 ], [ 0, 0, -1, 0 ], [ 0, 0, 0, -1 ] ], 
  [ [ -1, 0, 1, 0 ], [ 0, -1, 0, 1 ], [ -1, 0, 0, 0 ], [ 0, -1, 0, 0 ] ], 
  [ [ 0, 0, -1, 0 ], [ 0, 0, 0, -1 ], [ 1, 0, -1, 0 ], [ 0, 1, 0, -1 ] ], 
  [ [ 0, 0, 1, 0 ], [ 0, 0, 0, 1 ], [ -1, 0, 1, 0 ], [ 0, -1, 0, 1 ] ], 
  [ [ 1, 0, -1, 0 ], [ 0, 1, 0, -1 ], [ 1, 0, 0, 0 ], [ 0, 1, 0, 0 ] ], 
  [ [ 1, 0, 0, 0 ], [ 0, 1, 0, 0 ], [ 0, 0, 1, 0 ], [ 0, 0, 0, 1 ] ] ]),BoundaryImage:=rec(ListIFace:=[  ],ListSign:=[  ],ListElt:=[  ])),rec(TheMatrixStab:=Group([ [ [ -1, 0, 0, 0 ], [ 0, -1, 0, 0 ], [ 0, 0, -1, 0 ], [ 0, 0, 0, -1 ] ], 
  [ [ -1, 1, 2, 0 ], [ -10, -1, 0, 2 ], [ 4, 1, 1, -1 ], [ -10, 4, 10, 1 ] ], 
  [ [ 1, -1, -2, 0 ], [ 10, 1, 0, -2 ], [ -4, -1, -1, 1 ], 
      [ 10, -4, -10, -1 ] ], 
  [ [ 1, 0, 0, 0 ], [ 0, 1, 0, 0 ], [ 0, 0, 1, 0 ], [ 0, 0, 0, 1 ] ] ]),TheRotSubgroup:=Group([ [ [ -1, 0, 0, 0 ], [ 0, -1, 0, 0 ], [ 0, 0, -1, 0 ], [ 0, 0, 0, -1 ] ], 
  [ [ -1, 1, 2, 0 ], [ -10, -1, 0, 2 ], [ 4, 1, 1, -1 ], [ -10, 4, 10, 1 ] ], 
  [ [ 1, -1, -2, 0 ], [ 10, 1, 0, -2 ], [ -4, -1, -1, 1 ], 
      [ 10, -4, -10, -1 ] ], 
  [ [ 1, 0, 0, 0 ], [ 0, 1, 0, 0 ], [ 0, 0, 1, 0 ], [ 0, 0, 0, 1 ] ] ]),BoundaryImage:=rec(ListIFace:=[  ],ListSign:=[  ],ListElt:=[  ])),rec(TheMatrixStab:=Group([ [ [ -85, 0, 44, 23 ], [ 0, -85, -230, 44 ], [ -44, 23, 85, 0 ], 
      [ -230, -44, 0, 85 ] ], 
  [ [ -1, 0, 0, 0 ], [ 0, -1, 0, 0 ], [ 0, 0, -1, 0 ], [ 0, 0, 0, -1 ] ], 
  [ [ 1, 0, 0, 0 ], [ 0, 1, 0, 0 ], [ 0, 0, 1, 0 ], [ 0, 0, 0, 1 ] ], 
  [ [ 85, 0, -44, -23 ], [ 0, 85, 230, -44 ], [ 44, -23, -85, 0 ], 
      [ 230, 44, 0, -85 ] ] ]),TheRotSubgroup:=Group([ [ [ -85, 0, 44, 23 ], [ 0, -85, -230, 44 ], [ -44, 23, 85, 0 ], 
      [ -230, -44, 0, 85 ] ], 
  [ [ -1, 0, 0, 0 ], [ 0, -1, 0, 0 ], [ 0, 0, -1, 0 ], [ 0, 0, 0, -1 ] ], 
  [ [ 1, 0, 0, 0 ], [ 0, 1, 0, 0 ], [ 0, 0, 1, 0 ], [ 0, 0, 0, 1 ] ], 
  [ [ 85, 0, -44, -23 ], [ 0, 85, 230, -44 ], [ 44, -23, -85, 0 ], 
      [ 230, 44, 0, -85 ] ] ]),BoundaryImage:=rec(ListIFace:=[  ],ListSign:=[  ],ListElt:=[  ]))],[rec(TheMatrixStab:=Group([ [ [ -1, 0, 0, 0 ], [ 0, -1, 0, 0 ], [ 0, 0, -1, 0 ], [ 0, 0, 0, -1 ] ], 
  [ [ -1, 0, 1, 0 ], [ 0, -1, 0, 1 ], [ -1, 0, 0, 0 ], [ 0, -1, 0, 0 ] ], 
  [ [ 0, 0, -1, 0 ], [ 0, 0, 0, -1 ], [ 1, 0, -1, 0 ], [ 0, 1, 0, -1 ] ], 
  [ [ 0, 0, 1, 0 ], [ 0, 0, 0, 1 ], [ -1, 0, 1, 0 ], [ 0, -1, 0, 1 ] ], 
  [ [ 1, 0, -1, 0 ], [ 0, 1, 0, -1 ], [ 1, 0, 0, 0 ], [ 0, 1, 0, 0 ] ], 
  [ [ 1, 0, 0, 0 ], [ 0, 1, 0, 0 ], [ 0, 0, 1, 0 ], [ 0, 0, 0, 1 ] ] ]),TheRotSubgroup:=Group([ [ [ -1, 0, 0, 0 ], [ 0, -1, 0, 0 ], [ 0, 0, -1, 0 ], [ 0, 0, 0, -1 ] ], 
  [ [ -1, 0, 1, 0 ], [ 0, -1, 0, 1 ], [ -1, 0, 0, 0 ], [ 0, -1, 0, 0 ] ], 
  [ [ 0, 0, -1, 0 ], [ 0, 0, 0, -1 ], [ 1, 0, -1, 0 ], [ 0, 1, 0, -1 ] ], 
  [ [ 0, 0, 1, 0 ], [ 0, 0, 0, 1 ], [ -1, 0, 1, 0 ], [ 0, -1, 0, 1 ] ], 
  [ [ 1, 0, -1, 0 ], [ 0, 1, 0, -1 ], [ 1, 0, 0, 0 ], [ 0, 1, 0, 0 ] ], 
  [ [ 1, 0, 0, 0 ], [ 0, 1, 0, 0 ], [ 0, 0, 1, 0 ], [ 0, 0, 0, 1 ] ] ]),BoundaryImage:=rec(ListIFace:=[ 1, 2 ],ListSign:=[ -1, 1 ],ListElt:=[ [ [ 1, 0, -1, 0 ], [ 0, 1, 0, -1 ], [ 1, 0, 0, 0 ], [ 0, 1, 0, 0 ] ], 
  [ [ 1, 0, -1, 0 ], [ 0, 1, 0, -1 ], [ 1, 0, 0, 0 ], [ 0, 1, 0, 0 ] ] ])),rec(TheMatrixStab:=Group([ [ [ -1, 0, 0, 0 ], [ 0, -1, 0, 0 ], [ 0, 0, -1, 0 ], [ 0, 0, 0, -1 ] ], 
  [ [ 1, 0, 0, 0 ], [ 0, 1, 0, 0 ], [ 0, 0, 1, 0 ], [ 0, 0, 0, 1 ] ] ]),TheRotSubgroup:=Group([ [ [ -1, 0, 0, 0 ], [ 0, -1, 0, 0 ], [ 0, 0, -1, 0 ], [ 0, 0, 0, -1 ] ], 
  [ [ 1, 0, 0, 0 ], [ 0, 1, 0, 0 ], [ 0, 0, 1, 0 ], [ 0, 0, 0, 1 ] ] ]),BoundaryImage:=rec(ListIFace:=[ 1, 3 ],ListSign:=[ -1, 1 ],ListElt:=[ [ [ 1, 0, 0, 0 ], [ 0, 1, 0, 0 ], [ 0, 0, 1, 0 ], [ 0, 0, 0, 1 ] ], 
  [ [ 1, 0, 0, 0 ], [ 0, 1, 0, 0 ], [ 0, 0, 1, 0 ], [ 0, 0, 0, 1 ] ] ])),rec(TheMatrixStab:=Group([ [ [ -1, 0, 0, 0 ], [ 0, -1, 0, 0 ], [ 0, 0, -1, 0 ], [ 0, 0, 0, -1 ] ], 
  [ [ 1, 0, 0, 0 ], [ 0, 1, 0, 0 ], [ 0, 0, 1, 0 ], [ 0, 0, 0, 1 ] ] ]),TheRotSubgroup:=Group([ [ [ -1, 0, 0, 0 ], [ 0, -1, 0, 0 ], [ 0, 0, -1, 0 ], [ 0, 0, 0, -1 ] ], 
  [ [ 1, 0, 0, 0 ], [ 0, 1, 0, 0 ], [ 0, 0, 1, 0 ], [ 0, 0, 0, 1 ] ] ]),BoundaryImage:=rec(ListIFace:=[ 2, 4 ],ListSign:=[ -1, 1 ],ListElt:=[ [ [ 0, 0, -1, 0 ], [ 0, 0, 0, -1 ], [ 1, 0, -1, 0 ], [ 0, 1, 0, -1 ] ], 
  [ [ -1, 0, 0, 0 ], [ 0, -1, 0, 0 ], [ 0, 0, -1, 0 ], [ 0, 0, 0, -1 ] ] ])),rec(TheMatrixStab:=Group([ [ [ -1, 0, 0, 0 ], [ 0, -1, 0, 0 ], [ 0, 0, -1, 0 ], [ 0, 0, 0, -1 ] ], 
  [ [ 1, 0, 0, 0 ], [ 0, 1, 0, 0 ], [ 0, 0, 1, 0 ], [ 0, 0, 0, 1 ] ] ]),TheRotSubgroup:=Group([ [ [ -1, 0, 0, 0 ], [ 0, -1, 0, 0 ], [ 0, 0, -1, 0 ], [ 0, 0, 0, -1 ] ], 
  [ [ 1, 0, 0, 0 ], [ 0, 1, 0, 0 ], [ 0, 0, 1, 0 ], [ 0, 0, 0, 1 ] ] ]),BoundaryImage:=rec(ListIFace:=[ 1, 4 ],ListSign:=[ -1, 1 ],ListElt:=[ [ [ 0, 0, 1, 0 ], [ 0, 0, 0, 1 ], [ -1, 0, 1, 0 ], [ 0, -1, 0, 1 ] ], 
  [ [ -9, -1, 2, 3 ], [ 10, -9, -30, 2 ], [ -13, 3, 15, 2 ], 
      [ -30, -13, -20, 15 ] ] ])),rec(TheMatrixStab:=Group([ [ [ -1, 0, 0, 0 ], [ 0, -1, 0, 0 ], [ 0, 0, -1, 0 ], [ 0, 0, 0, -1 ] ], 
  [ [ 1, 0, 0, 0 ], [ 0, 1, 0, 0 ], [ 0, 0, 1, 0 ], [ 0, 0, 0, 1 ] ] ]),TheRotSubgroup:=Group([ [ [ -1, 0, 0, 0 ], [ 0, -1, 0, 0 ], [ 0, 0, -1, 0 ], [ 0, 0, 0, -1 ] ], 
  [ [ 1, 0, 0, 0 ], [ 0, 1, 0, 0 ], [ 0, 0, 1, 0 ], [ 0, 0, 0, 1 ] ] ]),BoundaryImage:=rec(ListIFace:=[ 2, 3 ],ListSign:=[ -1, 1 ],ListElt:=[ [ [ 0, 0, -1, 0 ], [ 0, 0, 0, -1 ], [ 1, 0, -1, 0 ], [ 0, 1, 0, -1 ] ], 
  [ [ -4, -4, -9, 1 ], [ 40, -4, -10, -9 ], [ -13, -1, -2, 3 ], 
      [ 10, -13, -30, -2 ] ] ])),rec(TheMatrixStab:=Group([ [ [ -1, 0, 0, 0 ], [ 0, -1, 0, 0 ], [ 0, 0, -1, 0 ], [ 0, 0, 0, -1 ] ], 
  [ [ -1, 0, 1, 0 ], [ 0, -1, 0, 1 ], [ -1, 0, 0, 0 ], [ 0, -1, 0, 0 ] ], 
  [ [ 0, 0, -1, 0 ], [ 0, 0, 0, -1 ], [ 1, 0, -1, 0 ], [ 0, 1, 0, -1 ] ], 
  [ [ 0, 0, 1, 0 ], [ 0, 0, 0, 1 ], [ -1, 0, 1, 0 ], [ 0, -1, 0, 1 ] ], 
  [ [ 1, 0, -1, 0 ], [ 0, 1, 0, -1 ], [ 1, 0, 0, 0 ], [ 0, 1, 0, 0 ] ], 
  [ [ 1, 0, 0, 0 ], [ 0, 1, 0, 0 ], [ 0, 0, 1, 0 ], [ 0, 0, 0, 1 ] ] ]),TheRotSubgroup:=Group([ [ [ -1, 0, 0, 0 ], [ 0, -1, 0, 0 ], [ 0, 0, -1, 0 ], [ 0, 0, 0, -1 ] ], 
  [ [ -1, 0, 1, 0 ], [ 0, -1, 0, 1 ], [ -1, 0, 0, 0 ], [ 0, -1, 0, 0 ] ], 
  [ [ 0, 0, -1, 0 ], [ 0, 0, 0, -1 ], [ 1, 0, -1, 0 ], [ 0, 1, 0, -1 ] ], 
  [ [ 0, 0, 1, 0 ], [ 0, 0, 0, 1 ], [ -1, 0, 1, 0 ], [ 0, -1, 0, 1 ] ], 
  [ [ 1, 0, -1, 0 ], [ 0, 1, 0, -1 ], [ 1, 0, 0, 0 ], [ 0, 1, 0, 0 ] ], 
  [ [ 1, 0, 0, 0 ], [ 0, 1, 0, 0 ], [ 0, 0, 1, 0 ], [ 0, 0, 0, 1 ] ] ]),BoundaryImage:=rec(ListIFace:=[ 1, 2 ],ListSign:=[ -1, 1 ],ListElt:=[ [ [ 0, 0, 1, 0 ], [ 0, 0, 0, 1 ], [ -1, 0, 1, 0 ], [ 0, -1, 0, 1 ] ], 
  [ [ 0, -4, -11, 2 ], [ 40, 0, -20, -11 ], [ 11, -2, -11, -2 ], 
      [ 20, 11, 20, -11 ] ] ])),rec(TheMatrixStab:=Group([ [ [ -1, 0, 0, 0 ], [ 0, -1, 0, 0 ], [ 0, 0, -1, 0 ], [ 0, 0, 0, -1 ] ], 
  [ [ 1, 0, 0, 0 ], [ 0, 1, 0, 0 ], [ 0, 0, 1, 0 ], [ 0, 0, 0, 1 ] ] ]),TheRotSubgroup:=Group([ [ [ -1, 0, 0, 0 ], [ 0, -1, 0, 0 ], [ 0, 0, -1, 0 ], [ 0, 0, 0, -1 ] ], 
  [ [ 1, 0, 0, 0 ], [ 0, 1, 0, 0 ], [ 0, 0, 1, 0 ], [ 0, 0, 0, 1 ] ] ]),BoundaryImage:=rec(ListIFace:=[ 3, 4 ],ListSign:=[ -1, 1 ],ListElt:=[ [ [ -1, 1, 2, 0 ], [ -10, -1, 0, 2 ], [ 4, 1, 1, -1 ], [ -10, 4, 10, 1 ] ], 
  [ [ -18, -6, -7, 8 ], [ 60, -18, -80, -7 ], [ -37, 4, 30, 8 ], 
      [ -40, -37, -80, 30 ] ] ])),rec(TheMatrixStab:=Group([ [ [ -1, 0, 0, 0 ], [ 0, -1, 0, 0 ], [ 0, 0, -1, 0 ], [ 0, 0, 0, -1 ] ], 
  [ [ 1, 0, 0, 0 ], [ 0, 1, 0, 0 ], [ 0, 0, 1, 0 ], [ 0, 0, 0, 1 ] ] ]),TheRotSubgroup:=Group([ [ [ -1, 0, 0, 0 ], [ 0, -1, 0, 0 ], [ 0, 0, -1, 0 ], [ 0, 0, 0, -1 ] ], 
  [ [ 1, 0, 0, 0 ], [ 0, 1, 0, 0 ], [ 0, 0, 1, 0 ], [ 0, 0, 0, 1 ] ] ]),BoundaryImage:=rec(ListIFace:=[ 3, 4 ],ListSign:=[ -1, 1 ],ListElt:=[ [ [ -19, -10, -18, 6 ], [ 100, -19, -60, -18 ], [ -37, 0, 7, 8 ], 
      [ 0, -37, -80, 7 ] ], 
  [ [ -1, 0, 0, 0 ], [ 0, -1, 0, 0 ], [ 0, 0, -1, 0 ], [ 0, 0, 0, -1 ] ] ])),rec(TheMatrixStab:=Group([ [ [ -1, 0, 0, 0 ], [ 0, -1, 0, 0 ], [ 0, 0, -1, 0 ], [ 0, 0, 0, -1 ] ], 
  [ [ -1, 1, 2, 0 ], [ -10, -1, 0, 2 ], [ 4, 1, 1, -1 ], [ -10, 4, 10, 1 ] ], 
  [ [ 1, -1, -2, 0 ], [ 10, 1, 0, -2 ], [ -4, -1, -1, 1 ], 
      [ 10, -4, -10, -1 ] ], 
  [ [ 1, 0, 0, 0 ], [ 0, 1, 0, 0 ], [ 0, 0, 1, 0 ], [ 0, 0, 0, 1 ] ] ]),TheRotSubgroup:=Group([ [ [ -1, 0, 0, 0 ], [ 0, -1, 0, 0 ], [ 0, 0, -1, 0 ], [ 0, 0, 0, -1 ] ], 
  [ [ -1, 1, 2, 0 ], [ -10, -1, 0, 2 ], [ 4, 1, 1, -1 ], [ -10, 4, 10, 1 ] ], 
  [ [ 1, -1, -2, 0 ], [ 10, 1, 0, -2 ], [ -4, -1, -1, 1 ], 
      [ 10, -4, -10, -1 ] ], 
  [ [ 1, 0, 0, 0 ], [ 0, 1, 0, 0 ], [ 0, 0, 1, 0 ], [ 0, 0, 0, 1 ] ] ]),BoundaryImage:=rec(ListIFace:=[ 3, 4 ],ListSign:=[ -1, 1 ],ListElt:=[ [ [ 1, -1, -2, 0 ], [ 10, 1, 0, -2 ], [ -4, -1, -1, 1 ], 
      [ 10, -4, -10, -1 ] ], 
  [ [ -11, 2, 11, 2 ], [ -20, -11, -20, 11 ], [ 9, 9, 20, -7 ], 
      [ -90, 9, 70, 20 ] ] ])),rec(TheMatrixStab:=Group([ [ [ -7, -1, 0, 2 ], [ 10, -7, -20, 0 ], [ -7, 2, 7, 1 ], 
      [ -20, -7, -10, 7 ] ], 
  [ [ -3, 2, 6, 0 ], [ -20, -3, 0, 6 ], [ 5, 2, 3, -2 ], [ -20, 5, 20, 3 ] ], 
  [ [ -1, 0, 0, 0 ], [ 0, -1, 0, 0 ], [ 0, 0, -1, 0 ], [ 0, 0, 0, -1 ] ], 
  [ [ -1, 1, 2, 0 ], [ -10, -1, 0, 2 ], [ 4, 1, 1, -1 ], [ -10, 4, 10, 1 ] ], 
  [ [ 1, -1, -2, 0 ], [ 10, 1, 0, -2 ], [ -4, -1, -1, 1 ], 
      [ 10, -4, -10, -1 ] ], 
  [ [ 1, 0, 0, 0 ], [ 0, 1, 0, 0 ], [ 0, 0, 1, 0 ], [ 0, 0, 0, 1 ] ], 
  [ [ 3, -2, -6, 0 ], [ 20, 3, 0, -6 ], [ -5, -2, -3, 2 ], 
      [ 20, -5, -20, -3 ] ], 
  [ [ 7, 1, 0, -2 ], [ -10, 7, 20, 0 ], [ 7, -2, -7, -1 ], [ 20, 7, 10, -7 ] 
     ] ]),TheRotSubgroup:=Group([ [ [ -1, 0, 0, 0 ], [ 0, -1, 0, 0 ], [ 0, 0, -1, 0 ], [ 0, 0, 0, -1 ] ], 
  [ [ -1, 1, 2, 0 ], [ -10, -1, 0, 2 ], [ 4, 1, 1, -1 ], [ -10, 4, 10, 1 ] ], 
  [ [ 1, -1, -2, 0 ], [ 10, 1, 0, -2 ], [ -4, -1, -1, 1 ], 
      [ 10, -4, -10, -1 ] ], 
  [ [ 1, 0, 0, 0 ], [ 0, 1, 0, 0 ], [ 0, 0, 1, 0 ], [ 0, 0, 0, 1 ] ] ]),BoundaryImage:=rec(ListIFace:=[ 3, 3 ],ListSign:=[ -1, 1 ],ListElt:=[ [ [ 7, 1, 0, -2 ], [ -10, 7, 20, 0 ], [ 7, -2, -7, -1 ], [ 20, 7, 10, -7 ] ]
    , [ [ -1, 0, 0, 0 ], [ 0, -1, 0, 0 ], [ 0, 0, -1, 0 ], [ 0, 0, 0, -1 ] ] ])),rec(TheMatrixStab:=Group([ [ [ -85, 0, 44, 23 ], [ 0, -85, -230, 44 ], [ -44, 23, 85, 0 ], 
      [ -230, -44, 0, 85 ] ], 
  [ [ -8, 0, 5, 2 ], [ 0, -8, -20, 5 ], [ -5, 2, 8, 0 ], [ -20, -5, 0, 8 ] ], 
  [ [ -1, 0, 0, 0 ], [ 0, -1, 0, 0 ], [ 0, 0, -1, 0 ], [ 0, 0, 0, -1 ] ], 
  [ [ 0, -27, -73, 14 ], [ 270, 0, -140, -73 ], [ -73, -14, 0, 27 ], 
      [ 140, -73, -270, 0 ] ], 
  [ [ 0, 27, 73, -14 ], [ -270, 0, 140, 73 ], [ 73, 14, 0, -27 ], 
      [ -140, 73, 270, 0 ] ], 
  [ [ 1, 0, 0, 0 ], [ 0, 1, 0, 0 ], [ 0, 0, 1, 0 ], [ 0, 0, 0, 1 ] ], 
  [ [ 8, 0, -5, -2 ], [ 0, 8, 20, -5 ], [ 5, -2, -8, 0 ], [ 20, 5, 0, -8 ] ], 
  [ [ 85, 0, -44, -23 ], [ 0, 85, 230, -44 ], [ 44, -23, -85, 0 ], 
      [ 230, 44, 0, -85 ] ] ]),TheRotSubgroup:=Group([ [ [ -85, 0, 44, 23 ], [ 0, -85, -230, 44 ], [ -44, 23, 85, 0 ], 
      [ -230, -44, 0, 85 ] ], 
  [ [ -1, 0, 0, 0 ], [ 0, -1, 0, 0 ], [ 0, 0, -1, 0 ], [ 0, 0, 0, -1 ] ], 
  [ [ 1, 0, 0, 0 ], [ 0, 1, 0, 0 ], [ 0, 0, 1, 0 ], [ 0, 0, 0, 1 ] ], 
  [ [ 85, 0, -44, -23 ], [ 0, 85, 230, -44 ], [ 44, -23, -85, 0 ], 
      [ 230, 44, 0, -85 ] ] ]),BoundaryImage:=rec(ListIFace:=[ 4, 4 ],ListSign:=[ -1, 1 ],ListElt:=[ [ [ -1, 0, 0, 0 ], [ 0, -1, 0, 0 ], [ 0, 0, -1, 0 ], [ 0, 0, 0, -1 ] ], 
  [ [ 0, -27, -73, 14 ], [ 270, 0, -140, -73 ], [ -73, -14, 0, 27 ], 
      [ 140, -73, -270, 0 ] ] ]))],[rec(TheMatrixStab:=Group([ [ [ -3, 2, 6, 0 ], [ -20, -3, 0, 6 ], [ 5, 2, 3, -2 ], [ -20, 5, 20, 3 ] ], 
  [ [ -1, 0, 0, 0 ], [ 0, -1, 0, 0 ], [ 0, 0, -1, 0 ], [ 0, 0, 0, -1 ] ], 
  [ [ 1, 0, 0, 0 ], [ 0, 1, 0, 0 ], [ 0, 0, 1, 0 ], [ 0, 0, 0, 1 ] ], 
  [ [ 3, -2, -6, 0 ], [ 20, 3, 0, -6 ], [ -5, -2, -3, 2 ], 
      [ 20, -5, -20, -3 ] ] ]),TheRotSubgroup:=Group([ [ [ -1, 0, 0, 0 ], [ 0, -1, 0, 0 ], [ 0, 0, -1, 0 ], [ 0, 0, 0, -1 ] ], 
  [ [ 1, 0, 0, 0 ], [ 0, 1, 0, 0 ], [ 0, 0, 1, 0 ], [ 0, 0, 0, 1 ] ] ]),BoundaryImage:=rec(ListIFace:=[ 1, 2, 3, 11, 3, 1, 10, 2 ],ListSign:=[ 1, -1, 1, -1, -1, -1, -1, 1 ],ListElt:=[ [ [ 0, 0, 1, 0 ], [ 0, 0, 0, 1 ], [ -1, 0, 1, 0 ], [ 0, -1, 0, 1 ] ], 
  [ [ -1, 0, 0, 0 ], [ 0, -1, 0, 0 ], [ 0, 0, -1, 0 ], [ 0, 0, 0, -1 ] ], 
  [ [ -1, 0, 1, 0 ], [ 0, -1, 0, 1 ], [ -1, 0, 0, 0 ], [ 0, -1, 0, 0 ] ], 
  [ [ 3, 2, 3, -2 ], [ -20, 3, 20, 3 ], [ 8, 0, -5, -2 ], [ 0, 8, 20, -5 ] ], 
  [ [ 3, 2, 3, -2 ], [ -20, 3, 20, 3 ], [ 8, 0, -5, -2 ], [ 0, 8, 20, -5 ] ], 
  [ [ 6, 0, -3, -2 ], [ 0, 6, 20, -3 ], [ 3, -2, -8, 0 ], [ 20, 3, 0, -8 ] ], 
  [ [ 7, 1, 0, -2 ], [ -10, 7, 20, 0 ], [ 7, -2, -7, -1 ], [ 20, 7, 10, -7 ] ]
    , 
  [ [ 3, -2, -6, 0 ], [ 20, 3, 0, -6 ], [ -5, -2, -3, 2 ], 
      [ 20, -5, -20, -3 ] ] ])),rec(TheMatrixStab:=Group([ [ [ -1, 0, 0, 0 ], [ 0, -1, 0, 0 ], [ 0, 0, -1, 0 ], [ 0, 0, 0, -1 ] ], 
  [ [ 1, 0, 0, 0 ], [ 0, 1, 0, 0 ], [ 0, 0, 1, 0 ], [ 0, 0, 0, 1 ] ] ]),TheRotSubgroup:=Group([ [ [ -1, 0, 0, 0 ], [ 0, -1, 0, 0 ], [ 0, 0, -1, 0 ], [ 0, 0, 0, -1 ] ], 
  [ [ 1, 0, 0, 0 ], [ 0, 1, 0, 0 ], [ 0, 0, 1, 0 ], [ 0, 0, 0, 1 ] ] ]),BoundaryImage:=rec(ListIFace:=[ 2, 4, 8 ],ListSign:=[ 1, -1, 1 ],ListElt:=[ [ [ 1, 0, 0, 0 ], [ 0, 1, 0, 0 ], [ 0, 0, 1, 0 ], [ 0, 0, 0, 1 ] ], 
  [ [ 1, 0, 0, 0 ], [ 0, 1, 0, 0 ], [ 0, 0, 1, 0 ], [ 0, 0, 0, 1 ] ], 
  [ [ 13, 1, -4, -4 ], [ -10, 13, 40, -4 ], [ 15, -2, -13, -3 ], 
      [ 20, 15, 30, -13 ] ] ])),rec(TheMatrixStab:=Group([ [ [ -1, 0, 0, 0 ], [ 0, -1, 0, 0 ], [ 0, 0, -1, 0 ], [ 0, 0, 0, -1 ] ], 
  [ [ 1, 0, 0, 0 ], [ 0, 1, 0, 0 ], [ 0, 0, 1, 0 ], [ 0, 0, 0, 1 ] ] ]),TheRotSubgroup:=Group([ [ [ -1, 0, 0, 0 ], [ 0, -1, 0, 0 ], [ 0, 0, -1, 0 ], [ 0, 0, 0, -1 ] ], 
  [ [ 1, 0, 0, 0 ], [ 0, 1, 0, 0 ], [ 0, 0, 1, 0 ], [ 0, 0, 0, 1 ] ] ]),BoundaryImage:=rec(ListIFace:=[ 3, 7, 5 ],ListSign:=[ 1, -1, -1 ],ListElt:=[ [ [ -1, 0, 0, 0 ], [ 0, -1, 0, 0 ], [ 0, 0, -1, 0 ], [ 0, 0, 0, -1 ] ], 
  [ [ -2, -5, -7, 2 ], [ 50, -2, -20, -7 ], [ -15, -2, 2, 3 ], 
      [ 20, -15, -30, 2 ] ], 
  [ [ -1, 0, 0, 0 ], [ 0, -1, 0, 0 ], [ 0, 0, -1, 0 ], [ 0, 0, 0, -1 ] ] ])),rec(TheMatrixStab:=Group([ [ [ -1, 0, 0, 0 ], [ 0, -1, 0, 0 ], [ 0, 0, -1, 0 ], [ 0, 0, 0, -1 ] ], 
  [ [ 1, 0, 0, 0 ], [ 0, 1, 0, 0 ], [ 0, 0, 1, 0 ], [ 0, 0, 0, 1 ] ] ]),TheRotSubgroup:=Group([ [ [ -1, 0, 0, 0 ], [ 0, -1, 0, 0 ], [ 0, 0, -1, 0 ], [ 0, 0, 0, -1 ] ], 
  [ [ 1, 0, 0, 0 ], [ 0, 1, 0, 0 ], [ 0, 0, 1, 0 ], [ 0, 0, 0, 1 ] ] ]),BoundaryImage:=rec(ListIFace:=[ 2, 7, 4 ],ListSign:=[ 1, 1, -1 ],ListElt:=[ [ [ 1, 0, 0, 0 ], [ 0, 1, 0, 0 ], [ 0, 0, 1, 0 ], [ 0, 0, 0, 1 ] ], 
  [ [ 1, -1, -2, 0 ], [ 10, 1, 0, -2 ], [ -4, -1, -1, 1 ], 
      [ 10, -4, -10, -1 ] ], 
  [ [ -1, 0, 1, 0 ], [ 0, -1, 0, 1 ], [ -1, 0, 0, 0 ], [ 0, -1, 0, 0 ] ] ])),rec(TheMatrixStab:=Group([ [ [ -1, 0, 0, 0 ], [ 0, -1, 0, 0 ], [ 0, 0, -1, 0 ], [ 0, 0, 0, -1 ] ], 
  [ [ 1, 0, 0, 0 ], [ 0, 1, 0, 0 ], [ 0, 0, 1, 0 ], [ 0, 0, 0, 1 ] ] ]),TheRotSubgroup:=Group([ [ [ -1, 0, 0, 0 ], [ 0, -1, 0, 0 ], [ 0, 0, -1, 0 ], [ 0, 0, 0, -1 ] ], 
  [ [ 1, 0, 0, 0 ], [ 0, 1, 0, 0 ], [ 0, 0, 1, 0 ], [ 0, 0, 0, 1 ] ] ]),BoundaryImage:=rec(ListIFace:=[ 3, 5, 8 ],ListSign:=[ 1, -1, -1 ],ListElt:=[ [ [ -1, 0, 0, 0 ], [ 0, -1, 0, 0 ], [ 0, 0, -1, 0 ], [ 0, 0, 0, -1 ] ], 
  [ [ 0, 0, 1, 0 ], [ 0, 0, 0, 1 ], [ -1, 0, 1, 0 ], [ 0, -1, 0, 1 ] ], 
  [ [ 85, 0, -44, -23 ], [ 0, 85, 230, -44 ], [ 44, -23, -85, 0 ], 
      [ 230, 44, 0, -85 ] ] ])),rec(TheMatrixStab:=Group([ [ [ -1, 0, 0, 0 ], [ 0, -1, 0, 0 ], [ 0, 0, -1, 0 ], [ 0, 0, 0, -1 ] ], 
  [ [ -1, 0, 1, 0 ], [ 0, -1, 0, 1 ], [ -2, 0, 1, 0 ], [ 0, -2, 0, 1 ] ], 
  [ [ 1, 0, -1, 0 ], [ 0, 1, 0, -1 ], [ 2, 0, -1, 0 ], [ 0, 2, 0, -1 ] ], 
  [ [ 1, 0, 0, 0 ], [ 0, 1, 0, 0 ], [ 0, 0, 1, 0 ], [ 0, 0, 0, 1 ] ] ]),TheRotSubgroup:=Group([ [ [ -1, 0, 0, 0 ], [ 0, -1, 0, 0 ], [ 0, 0, -1, 0 ], [ 0, 0, 0, -1 ] ], 
  [ [ 1, 0, 0, 0 ], [ 0, 1, 0, 0 ], [ 0, 0, 1, 0 ], [ 0, 0, 0, 1 ] ] ]),BoundaryImage:=rec(ListIFace:=[ 4, 6, 5, 11, 10, 4, 6, 5 ],ListSign:=[ 1, -1, -1, -1, -1, -1, 1, 1 ],ListElt:=[ [ [ -1, 0, 0, 0 ], [ 0, -1, 0, 0 ], [ 0, 0, -1, 0 ], [ 0, 0, 0, -1 ] ], 
  [ [ 0, 0, 1, 0 ], [ 0, 0, 0, 1 ], [ -1, 0, 1, 0 ], [ 0, -1, 0, 1 ] ], 
  [ [ 11, 2, 0, -4 ], [ -20, 11, 40, 0 ], [ 0, 4, 11, -2 ], 
      [ -40, 0, 20, 11 ] ], 
  [ [ -2, 3, 9, -1 ], [ -30, -2, 10, 9 ], [ 11, 4, 5, -5 ], 
      [ -40, 11, 50, 5 ] ], 
  [ [ 1, -1, -3, 0 ], [ 10, 1, 0, -3 ], [ 5, -1, -4, -1 ], [ 10, 5, 10, -4 ] ]
    , [ [ -1, 0, 1, 0 ], [ 0, -1, 0, 1 ], [ -2, 0, 1, 0 ], [ 0, -2, 0, 1 ] ], 
  [ [ 1, 0, -1, 0 ], [ 0, 1, 0, -1 ], [ 2, 0, -1, 0 ], [ 0, 2, 0, -1 ] ], 
  [ [ 11, -2, -11, -2 ], [ 20, 11, 20, -11 ], [ 22, 0, -11, -6 ], 
      [ 0, 22, 60, -11 ] ] ])),rec(TheMatrixStab:=Group([ [ [ -1, 0, 0, 0 ], [ 0, -1, 0, 0 ], [ 0, 0, -1, 0 ], [ 0, 0, 0, -1 ] ], 
  [ [ 1, 0, 0, 0 ], [ 0, 1, 0, 0 ], [ 0, 0, 1, 0 ], [ 0, 0, 0, 1 ] ] ]),TheRotSubgroup:=Group([ [ [ -1, 0, 0, 0 ], [ 0, -1, 0, 0 ], [ 0, 0, -1, 0 ], [ 0, 0, 0, -1 ] ], 
  [ [ 1, 0, 0, 0 ], [ 0, 1, 0, 0 ], [ 0, 0, 1, 0 ], [ 0, 0, 0, 1 ] ] ]),BoundaryImage:=rec(ListIFace:=[ 7, 9, 7, 10, 11, 8, 9, 8 ],ListSign:=[ 1, -1, 1, -1, 1, -1, 1, -1 ],ListElt:=[ [ [ 1, 0, 0, 0 ], [ 0, 1, 0, 0 ], [ 0, 0, 1, 0 ], [ 0, 0, 0, 1 ] ], 
  [ [ -1, 1, 2, 0 ], [ -10, -1, 0, 2 ], [ 4, 1, 1, -1 ], [ -10, 4, 10, 1 ] ], 
  [ [ 3, -2, -5, 0 ], [ 20, 3, 0, -5 ], [ -10, -3, -3, 3 ], 
      [ 30, -10, -30, -3 ] ], 
  [ [ 6, 2, 3, -2 ], [ -20, 6, 20, 3 ], [ 15, -2, -9, -3 ], 
      [ 20, 15, 30, -9 ] ], 
  [ [ -18, -6, -7, 8 ], [ 60, -18, -80, -7 ], [ -37, 4, 30, 8 ], 
      [ -40, -37, -80, 30 ] ], 
  [ [ 7, 12, 29, -8 ], [ -120, 7, 80, 29 ], [ 68, 5, -21, -21 ], 
      [ -50, 68, 210, -21 ] ], 
  [ [ 3, -1, -2, 0 ], [ 10, 3, 0, -2 ], [ -3, -2, -1, 1 ], 
      [ 20, -3, -10, -1 ] ], 
  [ [ 19, -6, -26, -2 ], [ 60, 19, 20, -26 ], [ -14, -12, -25, 10 ], 
      [ 120, -14, -100, -25 ] ] ]))]];