HAP_GCOMPLEX_SETUP:=[false]; 
HAP_GCOMPLEX_LIST:=[[rec(TheMatrixStab:=Group([ [ [ -3, 0, 1, 1 ], [ 0, -3, -6, 1 ], [ -1, 1, 2, 0 ], [ -6, -1, 0, 2 ] ], 
  [ [ -3, 0, 2, 1 ], [ 0, -3, -6, 2 ], [ -2, 1, 3, 0 ], [ -6, -2, 0, 3 ] ], 
  [ [ -2, -1, -1, 1 ], [ 6, -2, -6, -1 ], [ -3, 0, 1, 1 ], [ 0, -3, -6, 1 ] ],
  [ [ -2, 0, 1, 1 ], [ 0, -2, -6, 1 ], [ -1, 1, 3, 0 ], [ -6, -1, 0, 3 ] ], 
  [ [ -2, 1, 3, 0 ], [ -6, -2, 0, 3 ], [ 1, 1, 1, -1 ], [ -6, 1, 6, 1 ] ], 
  [ [ -1, -1, -2, 1 ], [ 6, -1, -6, -2 ], [ -2, 0, 1, 1 ], [ 0, -2, -6, 1 ] ],
  [ [ -1, -1, -1, 1 ], [ 6, -1, -6, -1 ], [ -3, 0, 2, 1 ], [ 0, -3, -6, 2 ] ],
  [ [ -1, 0, 0, 0 ], [ 0, -1, 0, 0 ], [ 0, 0, -1, 0 ], [ 0, 0, 0, -1 ] ], 
  [ [ -1, 0, 1, 0 ], [ 0, -1, 0, 1 ], [ -1, 0, 0, 0 ], [ 0, -1, 0, 0 ] ], 
  [ [ -1, 1, 2, 0 ], [ -6, -1, 0, 2 ], [ 2, 1, 1, -1 ], [ -6, 2, 6, 1 ] ], 
  [ [ -1, 1, 3, 0 ], [ -6, -1, 0, 3 ], [ 1, 1, 2, -1 ], [ -6, 1, 6, 2 ] ], 
  [ [ 0, 0, -1, 0 ], [ 0, 0, 0, -1 ], [ 1, 0, -1, 0 ], [ 0, 1, 0, -1 ] ], 
  [ [ 0, 0, 1, 0 ], [ 0, 0, 0, 1 ], [ -1, 0, 1, 0 ], [ 0, -1, 0, 1 ] ], 
  [ [ 1, -1, -3, 0 ], [ 6, 1, 0, -3 ], [ -1, -1, -2, 1 ], [ 6, -1, -6, -2 ] ],
  [ [ 1, -1, -2, 0 ], [ 6, 1, 0, -2 ], [ -2, -1, -1, 1 ], [ 6, -2, -6, -1 ] ],
  [ [ 1, 0, -1, 0 ], [ 0, 1, 0, -1 ], [ 1, 0, 0, 0 ], [ 0, 1, 0, 0 ] ], 
  [ [ 1, 0, 0, 0 ], [ 0, 1, 0, 0 ], [ 0, 0, 1, 0 ], [ 0, 0, 0, 1 ] ], 
  [ [ 1, 1, 1, -1 ], [ -6, 1, 6, 1 ], [ 3, 0, -2, -1 ], [ 0, 3, 6, -2 ] ], 
  [ [ 1, 1, 2, -1 ], [ -6, 1, 6, 2 ], [ 2, 0, -1, -1 ], [ 0, 2, 6, -1 ] ], 
  [ [ 2, -1, -3, 0 ], [ 6, 2, 0, -3 ], [ -1, -1, -1, 1 ], [ 6, -1, -6, -1 ] ],
  [ [ 2, 0, -1, -1 ], [ 0, 2, 6, -1 ], [ 1, -1, -3, 0 ], [ 6, 1, 0, -3 ] ], 
  [ [ 2, 1, 1, -1 ], [ -6, 2, 6, 1 ], [ 3, 0, -1, -1 ], [ 0, 3, 6, -1 ] ], 
  [ [ 3, 0, -2, -1 ], [ 0, 3, 6, -2 ], [ 2, -1, -3, 0 ], [ 6, 2, 0, -3 ] ], 
  [ [ 3, 0, -1, -1 ], [ 0, 3, 6, -1 ], [ 1, -1, -2, 0 ], [ 6, 1, 0, -2 ] ] ]),TheRotSubgroup:=Group([ [ [ -3, 0, 1, 1 ], [ 0, -3, -6, 1 ], [ -1, 1, 2, 0 ], [ -6, -1, 0, 2 ] ], 
  [ [ -3, 0, 2, 1 ], [ 0, -3, -6, 2 ], [ -2, 1, 3, 0 ], [ -6, -2, 0, 3 ] ], 
  [ [ -2, -1, -1, 1 ], [ 6, -2, -6, -1 ], [ -3, 0, 1, 1 ], [ 0, -3, -6, 1 ] ],
  [ [ -2, 0, 1, 1 ], [ 0, -2, -6, 1 ], [ -1, 1, 3, 0 ], [ -6, -1, 0, 3 ] ], 
  [ [ -2, 1, 3, 0 ], [ -6, -2, 0, 3 ], [ 1, 1, 1, -1 ], [ -6, 1, 6, 1 ] ], 
  [ [ -1, -1, -2, 1 ], [ 6, -1, -6, -2 ], [ -2, 0, 1, 1 ], [ 0, -2, -6, 1 ] ],
  [ [ -1, -1, -1, 1 ], [ 6, -1, -6, -1 ], [ -3, 0, 2, 1 ], [ 0, -3, -6, 2 ] ],
  [ [ -1, 0, 0, 0 ], [ 0, -1, 0, 0 ], [ 0, 0, -1, 0 ], [ 0, 0, 0, -1 ] ], 
  [ [ -1, 0, 1, 0 ], [ 0, -1, 0, 1 ], [ -1, 0, 0, 0 ], [ 0, -1, 0, 0 ] ], 
  [ [ -1, 1, 2, 0 ], [ -6, -1, 0, 2 ], [ 2, 1, 1, -1 ], [ -6, 2, 6, 1 ] ], 
  [ [ -1, 1, 3, 0 ], [ -6, -1, 0, 3 ], [ 1, 1, 2, -1 ], [ -6, 1, 6, 2 ] ], 
  [ [ 0, 0, -1, 0 ], [ 0, 0, 0, -1 ], [ 1, 0, -1, 0 ], [ 0, 1, 0, -1 ] ], 
  [ [ 0, 0, 1, 0 ], [ 0, 0, 0, 1 ], [ -1, 0, 1, 0 ], [ 0, -1, 0, 1 ] ], 
  [ [ 1, -1, -3, 0 ], [ 6, 1, 0, -3 ], [ -1, -1, -2, 1 ], [ 6, -1, -6, -2 ] ],
  [ [ 1, -1, -2, 0 ], [ 6, 1, 0, -2 ], [ -2, -1, -1, 1 ], [ 6, -2, -6, -1 ] ],
  [ [ 1, 0, -1, 0 ], [ 0, 1, 0, -1 ], [ 1, 0, 0, 0 ], [ 0, 1, 0, 0 ] ], 
  [ [ 1, 0, 0, 0 ], [ 0, 1, 0, 0 ], [ 0, 0, 1, 0 ], [ 0, 0, 0, 1 ] ], 
  [ [ 1, 1, 1, -1 ], [ -6, 1, 6, 1 ], [ 3, 0, -2, -1 ], [ 0, 3, 6, -2 ] ], 
  [ [ 1, 1, 2, -1 ], [ -6, 1, 6, 2 ], [ 2, 0, -1, -1 ], [ 0, 2, 6, -1 ] ], 
  [ [ 2, -1, -3, 0 ], [ 6, 2, 0, -3 ], [ -1, -1, -1, 1 ], [ 6, -1, -6, -1 ] ],
  [ [ 2, 0, -1, -1 ], [ 0, 2, 6, -1 ], [ 1, -1, -3, 0 ], [ 6, 1, 0, -3 ] ], 
  [ [ 2, 1, 1, -1 ], [ -6, 2, 6, 1 ], [ 3, 0, -1, -1 ], [ 0, 3, 6, -1 ] ], 
  [ [ 3, 0, -2, -1 ], [ 0, 3, 6, -2 ], [ 2, -1, -3, 0 ], [ 6, 2, 0, -3 ] ], 
  [ [ 3, 0, -1, -1 ], [ 0, 3, 6, -1 ], [ 1, -1, -2, 0 ], [ 6, 1, 0, -2 ] ] ]),BoundaryImage:=rec(ListIFace:=[  ],ListSign:=[  ],ListElt:=[  ])),rec(TheMatrixStab:=Group([ [ [ -94, 0, 47, 33 ], [ 0, -94, -198, 47 ], [ -47, 33, 93, 0 ], 
      [ -198, -47, 0, 93 ] ], 
  [ [ -93, 0, 46, 33 ], [ 0, -93, -198, 46 ], [ -46, 33, 93, 0 ], 
      [ -198, -46, 0, 93 ] ], 
  [ [ -93, 0, 47, 33 ], [ 0, -93, -198, 47 ], [ -47, 33, 94, 0 ], 
      [ -198, -47, 0, 94 ] ], 
  [ [ -47, -33, -47, 33 ], [ 198, -47, -198, -47 ], [ -93, 0, 46, 33 ], 
      [ 0, -93, -198, 46 ] ], 
  [ [ -47, -33, -46, 33 ], [ 198, -47, -198, -46 ], [ -94, 0, 47, 33 ], 
      [ 0, -94, -198, 47 ] ], 
  [ [ -47, 33, 93, 0 ], [ -198, -47, 0, 93 ], [ 47, 33, 46, -33 ], 
      [ -198, 47, 198, 46 ] ], 
  [ [ -47, 33, 94, 0 ], [ -198, -47, 0, 94 ], [ 46, 33, 47, -33 ], 
      [ -198, 46, 198, 47 ] ], 
  [ [ -46, -33, -47, 33 ], [ 198, -46, -198, -47 ], [ -93, 0, 47, 33 ], 
      [ 0, -93, -198, 47 ] ], 
  [ [ -46, 33, 93, 0 ], [ -198, -46, 0, 93 ], [ 47, 33, 47, -33 ], 
      [ -198, 47, 198, 47 ] ], 
  [ [ -1, 0, 0, 0 ], [ 0, -1, 0, 0 ], [ 0, 0, -1, 0 ], [ 0, 0, 0, -1 ] ], 
  [ [ -1, 0, 1, 0 ], [ 0, -1, 0, 1 ], [ -1, 0, 0, 0 ], [ 0, -1, 0, 0 ] ], 
  [ [ 0, 0, -1, 0 ], [ 0, 0, 0, -1 ], [ 1, 0, -1, 0 ], [ 0, 1, 0, -1 ] ], 
  [ [ 0, 0, 1, 0 ], [ 0, 0, 0, 1 ], [ -1, 0, 1, 0 ], [ 0, -1, 0, 1 ] ], 
  [ [ 1, 0, -1, 0 ], [ 0, 1, 0, -1 ], [ 1, 0, 0, 0 ], [ 0, 1, 0, 0 ] ], 
  [ [ 1, 0, 0, 0 ], [ 0, 1, 0, 0 ], [ 0, 0, 1, 0 ], [ 0, 0, 0, 1 ] ], 
  [ [ 46, -33, -93, 0 ], [ 198, 46, 0, -93 ], [ -47, -33, -47, 33 ], 
      [ 198, -47, -198, -47 ] ], 
  [ [ 46, 33, 47, -33 ], [ -198, 46, 198, 47 ], [ 93, 0, -47, -33 ], 
      [ 0, 93, 198, -47 ] ], 
  [ [ 47, -33, -94, 0 ], [ 198, 47, 0, -94 ], [ -46, -33, -47, 33 ], 
      [ 198, -46, -198, -47 ] ], 
  [ [ 47, -33, -93, 0 ], [ 198, 47, 0, -93 ], [ -47, -33, -46, 33 ], 
      [ 198, -47, -198, -46 ] ], 
  [ [ 47, 33, 46, -33 ], [ -198, 47, 198, 46 ], [ 94, 0, -47, -33 ], 
      [ 0, 94, 198, -47 ] ], 
  [ [ 47, 33, 47, -33 ], [ -198, 47, 198, 47 ], [ 93, 0, -46, -33 ], 
      [ 0, 93, 198, -46 ] ], 
  [ [ 93, 0, -47, -33 ], [ 0, 93, 198, -47 ], [ 47, -33, -94, 0 ], 
      [ 198, 47, 0, -94 ] ], 
  [ [ 93, 0, -46, -33 ], [ 0, 93, 198, -46 ], [ 46, -33, -93, 0 ], 
      [ 198, 46, 0, -93 ] ], 
  [ [ 94, 0, -47, -33 ], [ 0, 94, 198, -47 ], [ 47, -33, -93, 0 ], 
      [ 198, 47, 0, -93 ] ] ]),TheRotSubgroup:=Group([ [ [ -94, 0, 47, 33 ], [ 0, -94, -198, 47 ], [ -47, 33, 93, 0 ], 
      [ -198, -47, 0, 93 ] ], 
  [ [ -93, 0, 46, 33 ], [ 0, -93, -198, 46 ], [ -46, 33, 93, 0 ], 
      [ -198, -46, 0, 93 ] ], 
  [ [ -93, 0, 47, 33 ], [ 0, -93, -198, 47 ], [ -47, 33, 94, 0 ], 
      [ -198, -47, 0, 94 ] ], 
  [ [ -47, -33, -47, 33 ], [ 198, -47, -198, -47 ], [ -93, 0, 46, 33 ], 
      [ 0, -93, -198, 46 ] ], 
  [ [ -47, -33, -46, 33 ], [ 198, -47, -198, -46 ], [ -94, 0, 47, 33 ], 
      [ 0, -94, -198, 47 ] ], 
  [ [ -47, 33, 93, 0 ], [ -198, -47, 0, 93 ], [ 47, 33, 46, -33 ], 
      [ -198, 47, 198, 46 ] ], 
  [ [ -47, 33, 94, 0 ], [ -198, -47, 0, 94 ], [ 46, 33, 47, -33 ], 
      [ -198, 46, 198, 47 ] ], 
  [ [ -46, -33, -47, 33 ], [ 198, -46, -198, -47 ], [ -93, 0, 47, 33 ], 
      [ 0, -93, -198, 47 ] ], 
  [ [ -46, 33, 93, 0 ], [ -198, -46, 0, 93 ], [ 47, 33, 47, -33 ], 
      [ -198, 47, 198, 47 ] ], 
  [ [ -1, 0, 0, 0 ], [ 0, -1, 0, 0 ], [ 0, 0, -1, 0 ], [ 0, 0, 0, -1 ] ], 
  [ [ -1, 0, 1, 0 ], [ 0, -1, 0, 1 ], [ -1, 0, 0, 0 ], [ 0, -1, 0, 0 ] ], 
  [ [ 0, 0, -1, 0 ], [ 0, 0, 0, -1 ], [ 1, 0, -1, 0 ], [ 0, 1, 0, -1 ] ], 
  [ [ 0, 0, 1, 0 ], [ 0, 0, 0, 1 ], [ -1, 0, 1, 0 ], [ 0, -1, 0, 1 ] ], 
  [ [ 1, 0, -1, 0 ], [ 0, 1, 0, -1 ], [ 1, 0, 0, 0 ], [ 0, 1, 0, 0 ] ], 
  [ [ 1, 0, 0, 0 ], [ 0, 1, 0, 0 ], [ 0, 0, 1, 0 ], [ 0, 0, 0, 1 ] ], 
  [ [ 46, -33, -93, 0 ], [ 198, 46, 0, -93 ], [ -47, -33, -47, 33 ], 
      [ 198, -47, -198, -47 ] ], 
  [ [ 46, 33, 47, -33 ], [ -198, 46, 198, 47 ], [ 93, 0, -47, -33 ], 
      [ 0, 93, 198, -47 ] ], 
  [ [ 47, -33, -94, 0 ], [ 198, 47, 0, -94 ], [ -46, -33, -47, 33 ], 
      [ 198, -46, -198, -47 ] ], 
  [ [ 47, -33, -93, 0 ], [ 198, 47, 0, -93 ], [ -47, -33, -46, 33 ], 
      [ 198, -47, -198, -46 ] ], 
  [ [ 47, 33, 46, -33 ], [ -198, 47, 198, 46 ], [ 94, 0, -47, -33 ], 
      [ 0, 94, 198, -47 ] ], 
  [ [ 47, 33, 47, -33 ], [ -198, 47, 198, 47 ], [ 93, 0, -46, -33 ], 
      [ 0, 93, 198, -46 ] ], 
  [ [ 93, 0, -47, -33 ], [ 0, 93, 198, -47 ], [ 47, -33, -94, 0 ], 
      [ 198, 47, 0, -94 ] ], 
  [ [ 93, 0, -46, -33 ], [ 0, 93, 198, -46 ], [ 46, -33, -93, 0 ], 
      [ 198, 46, 0, -93 ] ], 
  [ [ 94, 0, -47, -33 ], [ 0, 94, 198, -47 ], [ 47, -33, -93, 0 ], 
      [ 198, 47, 0, -93 ] ] ]),BoundaryImage:=rec(ListIFace:=[  ],ListSign:=[  ],ListElt:=[  ]))],[rec(TheMatrixStab:=Group([ [ [ -1, 0, 0, 0 ], [ 0, -1, 0, 0 ], [ 0, 0, -1, 0 ], [ 0, 0, 0, -1 ] ], 
  [ [ -1, 0, 1, 0 ], [ 0, -1, 0, 1 ], [ -1, 0, 0, 0 ], [ 0, -1, 0, 0 ] ], 
  [ [ 0, 0, -1, 0 ], [ 0, 0, 0, -1 ], [ 1, 0, -1, 0 ], [ 0, 1, 0, -1 ] ], 
  [ [ 0, 0, 1, 0 ], [ 0, 0, 0, 1 ], [ -1, 0, 1, 0 ], [ 0, -1, 0, 1 ] ], 
  [ [ 1, 0, -1, 0 ], [ 0, 1, 0, -1 ], [ 1, 0, 0, 0 ], [ 0, 1, 0, 0 ] ], 
  [ [ 1, 0, 0, 0 ], [ 0, 1, 0, 0 ], [ 0, 0, 1, 0 ], [ 0, 0, 0, 1 ] ] ]),TheRotSubgroup:=Group([ [ [ -1, 0, 0, 0 ], [ 0, -1, 0, 0 ], [ 0, 0, -1, 0 ], [ 0, 0, 0, -1 ] ], 
  [ [ -1, 0, 1, 0 ], [ 0, -1, 0, 1 ], [ -1, 0, 0, 0 ], [ 0, -1, 0, 0 ] ], 
  [ [ 0, 0, -1, 0 ], [ 0, 0, 0, -1 ], [ 1, 0, -1, 0 ], [ 0, 1, 0, -1 ] ], 
  [ [ 0, 0, 1, 0 ], [ 0, 0, 0, 1 ], [ -1, 0, 1, 0 ], [ 0, -1, 0, 1 ] ], 
  [ [ 1, 0, -1, 0 ], [ 0, 1, 0, -1 ], [ 1, 0, 0, 0 ], [ 0, 1, 0, 0 ] ], 
  [ [ 1, 0, 0, 0 ], [ 0, 1, 0, 0 ], [ 0, 0, 1, 0 ], [ 0, 0, 0, 1 ] ] ]),BoundaryImage:=rec(ListIFace:=[ 1, 2 ],ListSign:=[ -1, 1 ],ListElt:=[ [ [ 3, 0, -2, -1 ], [ 0, 3, 6, -2 ], [ 2, -1, -3, 0 ], [ 6, 2, 0, -3 ] ], 
  [ [ 0, 0, 1, 0 ], [ 0, 0, 0, 1 ], [ -1, 0, 1, 0 ], [ 0, -1, 0, 1 ] ] ])),rec(TheMatrixStab:=Group([ [ [ -2, -1, -1, 1 ], [ 6, -2, -6, -1 ], [ -3, 0, 1, 1 ], [ 0, -3, -6, 1 ] ],
  [ [ -1, -1, -1, 1 ], [ 6, -1, -6, -1 ], [ -3, 0, 2, 1 ], [ 0, -3, -6, 2 ] ],
  [ [ -1, 0, 0, 0 ], [ 0, -1, 0, 0 ], [ 0, 0, -1, 0 ], [ 0, 0, 0, -1 ] ], 
  [ [ 1, 0, 0, 0 ], [ 0, 1, 0, 0 ], [ 0, 0, 1, 0 ], [ 0, 0, 0, 1 ] ], 
  [ [ 1, 1, 1, -1 ], [ -6, 1, 6, 1 ], [ 3, 0, -2, -1 ], [ 0, 3, 6, -2 ] ], 
  [ [ 2, 1, 1, -1 ], [ -6, 2, 6, 1 ], [ 3, 0, -1, -1 ], [ 0, 3, 6, -1 ] ] ]),TheRotSubgroup:=Group([ [ [ -2, -1, -1, 1 ], [ 6, -2, -6, -1 ], [ -3, 0, 1, 1 ], [ 0, -3, -6, 1 ] ],
  [ [ -1, -1, -1, 1 ], [ 6, -1, -6, -1 ], [ -3, 0, 2, 1 ], [ 0, -3, -6, 2 ] ],
  [ [ -1, 0, 0, 0 ], [ 0, -1, 0, 0 ], [ 0, 0, -1, 0 ], [ 0, 0, 0, -1 ] ], 
  [ [ 1, 0, 0, 0 ], [ 0, 1, 0, 0 ], [ 0, 0, 1, 0 ], [ 0, 0, 0, 1 ] ], 
  [ [ 1, 1, 1, -1 ], [ -6, 1, 6, 1 ], [ 3, 0, -2, -1 ], [ 0, 3, 6, -2 ] ], 
  [ [ 2, 1, 1, -1 ], [ -6, 2, 6, 1 ], [ 3, 0, -1, -1 ], [ 0, 3, 6, -1 ] ] ]),BoundaryImage:=rec(ListIFace:=[ 1, 2 ],ListSign:=[ -1, 1 ],ListElt:=[ [ [ -2, 1, 3, 0 ], [ -6, -2, 0, 3 ], [ 1, 1, 1, -1 ], [ -6, 1, 6, 1 ] ], 
  [ [ 48, 14, 5, -24 ], [ -84, 48, 144, 5 ], [ 43, -10, -43, -10 ], 
      [ 60, 43, 60, -43 ] ] ])),rec(TheMatrixStab:=Group([ [ [ -5, -4, -7, 4 ], [ 24, -5, -24, -7 ], [ -10, 0, 5, 4 ], 
      [ 0, -10, -24, 5 ] ], 
  [ [ -1, 0, 0, 0 ], [ 0, -1, 0, 0 ], [ 0, 0, -1, 0 ], [ 0, 0, 0, -1 ] ], 
  [ [ 1, 0, 0, 0 ], [ 0, 1, 0, 0 ], [ 0, 0, 1, 0 ], [ 0, 0, 0, 1 ] ], 
  [ [ 5, 4, 7, -4 ], [ -24, 5, 24, 7 ], [ 10, 0, -5, -4 ], [ 0, 10, 24, -5 ] 
     ] ]),TheRotSubgroup:=Group([ [ [ -1, 0, 0, 0 ], [ 0, -1, 0, 0 ], [ 0, 0, -1, 0 ], [ 0, 0, 0, -1 ] ], 
  [ [ 1, 0, 0, 0 ], [ 0, 1, 0, 0 ], [ 0, 0, 1, 0 ], [ 0, 0, 0, 1 ] ] ]),BoundaryImage:=rec(ListIFace:=[ 1, 1 ],ListSign:=[ -1, 1 ],ListElt:=[ [ [ 5, 4, 7, -4 ], [ -24, 5, 24, 7 ], [ 10, 0, -5, -4 ], [ 0, 10, 24, -5 ] ]
    , [ [ -2, 1, 3, 0 ], [ -6, -2, 0, 3 ], [ 1, 1, 1, -1 ], [ -6, 1, 6, 1 ] ] 
 ])),rec(TheMatrixStab:=Group([ [ [ -5, -4, -7, 4 ], [ 24, -5, -24, -7 ], [ -10, 0, 5, 4 ], 
      [ 0, -10, -24, 5 ] ], 
  [ [ -1, 0, 0, 0 ], [ 0, -1, 0, 0 ], [ 0, 0, -1, 0 ], [ 0, 0, 0, -1 ] ], 
  [ [ 1, 0, 0, 0 ], [ 0, 1, 0, 0 ], [ 0, 0, 1, 0 ], [ 0, 0, 0, 1 ] ], 
  [ [ 5, 4, 7, -4 ], [ -24, 5, 24, 7 ], [ 10, 0, -5, -4 ], [ 0, 10, 24, -5 ] 
     ] ]),TheRotSubgroup:=Group([ [ [ -1, 0, 0, 0 ], [ 0, -1, 0, 0 ], [ 0, 0, -1, 0 ], [ 0, 0, 0, -1 ] ], 
  [ [ 1, 0, 0, 0 ], [ 0, 1, 0, 0 ], [ 0, 0, 1, 0 ], [ 0, 0, 0, 1 ] ] ]),BoundaryImage:=rec(ListIFace:=[ 2, 2 ],ListSign:=[ -1, 1 ],ListElt:=[ [ [ 93, 0, -46, -33 ], [ 0, 93, 198, -46 ], [ 46, -33, -93, 0 ], 
      [ 198, 46, 0, -93 ] ], 
  [ [ 5, 4, 7, -4 ], [ -24, 5, 24, 7 ], [ 10, 0, -5, -4 ], [ 0, 10, 24, -5 ] 
     ] ])),rec(TheMatrixStab:=Group([ [ [ -1, -1, -2, 1 ], [ 6, -1, -6, -2 ], [ -2, 0, 1, 1 ], [ 0, -2, -6, 1 ] ],
  [ [ -1, 0, 0, 0 ], [ 0, -1, 0, 0 ], [ 0, 0, -1, 0 ], [ 0, 0, 0, -1 ] ], 
  [ [ 1, 0, 0, 0 ], [ 0, 1, 0, 0 ], [ 0, 0, 1, 0 ], [ 0, 0, 0, 1 ] ], 
  [ [ 1, 1, 2, -1 ], [ -6, 1, 6, 2 ], [ 2, 0, -1, -1 ], [ 0, 2, 6, -1 ] ] ]),TheRotSubgroup:=Group([ [ [ -1, -1, -2, 1 ], [ 6, -1, -6, -2 ], [ -2, 0, 1, 1 ], [ 0, -2, -6, 1 ] ],
  [ [ -1, 0, 0, 0 ], [ 0, -1, 0, 0 ], [ 0, 0, -1, 0 ], [ 0, 0, 0, -1 ] ], 
  [ [ 1, 0, 0, 0 ], [ 0, 1, 0, 0 ], [ 0, 0, 1, 0 ], [ 0, 0, 0, 1 ] ], 
  [ [ 1, 1, 2, -1 ], [ -6, 1, 6, 2 ], [ 2, 0, -1, -1 ], [ 0, 2, 6, -1 ] ] ]),BoundaryImage:=rec(ListIFace:=[ 1, 2 ],ListSign:=[ -1, 1 ],ListElt:=[ [ [ 1, -1, -3, 0 ], [ 6, 1, 0, -3 ], [ -1, -1, -2, 1 ], [ 6, -1, -6, -2 ] ],
  [ [ -45, -4, 14, 18 ], [ 24, -45, -108, 14 ], [ -38, 15, 51, 6 ], 
      [ -90, -38, -36, 51 ] ] ]))],[rec(TheMatrixStab:=Group([ [ [ -5, -4, -7, 4 ], [ 24, -5, -24, -7 ], [ -10, 0, 5, 4 ], 
      [ 0, -10, -24, 5 ] ], 
  [ [ -1, 0, 0, 0 ], [ 0, -1, 0, 0 ], [ 0, 0, -1, 0 ], [ 0, 0, 0, -1 ] ], 
  [ [ 1, 0, 0, 0 ], [ 0, 1, 0, 0 ], [ 0, 0, 1, 0 ], [ 0, 0, 0, 1 ] ], 
  [ [ 5, 4, 7, -4 ], [ -24, 5, 24, 7 ], [ 10, 0, -5, -4 ], [ 0, 10, 24, -5 ] 
     ] ]),TheRotSubgroup:=Group([ [ [ -1, 0, 0, 0 ], [ 0, -1, 0, 0 ], [ 0, 0, -1, 0 ], [ 0, 0, 0, -1 ] ], 
  [ [ 1, 0, 0, 0 ], [ 0, 1, 0, 0 ], [ 0, 0, 1, 0 ], [ 0, 0, 0, 1 ] ] ]),BoundaryImage:=rec(ListIFace:=[ 1, 3, 4, 1 ],ListSign:=[ 1, -1, -1, -1 ],ListElt:=[ [ [ -1, 0, 1, 0 ], [ 0, -1, 0, 1 ], [ -1, 0, 0, 0 ], [ 0, -1, 0, 0 ] ], 
  [ [ -5, -4, -7, 4 ], [ 24, -5, -24, -7 ], [ -10, 0, 5, 4 ], 
      [ 0, -10, -24, 5 ] ], 
  [ [ -5, -4, -7, 4 ], [ 24, -5, -24, -7 ], [ -10, 0, 5, 4 ], 
      [ 0, -10, -24, 5 ] ], 
  [ [ 5, 4, 7, -4 ], [ -24, 5, 24, 7 ], [ 10, 0, -5, -4 ], [ 0, 10, 24, -5 ] 
     ] ])),rec(TheMatrixStab:=Group([ [ [ -5, -4, -7, 4 ], [ 24, -5, -24, -7 ], [ -10, 0, 5, 4 ], 
      [ 0, -10, -24, 5 ] ], 
  [ [ -1, 0, 0, 0 ], [ 0, -1, 0, 0 ], [ 0, 0, -1, 0 ], [ 0, 0, 0, -1 ] ], 
  [ [ 1, 0, 0, 0 ], [ 0, 1, 0, 0 ], [ 0, 0, 1, 0 ], [ 0, 0, 0, 1 ] ], 
  [ [ 5, 4, 7, -4 ], [ -24, 5, 24, 7 ], [ 10, 0, -5, -4 ], [ 0, 10, 24, -5 ] 
     ] ]),TheRotSubgroup:=Group([ [ [ -1, 0, 0, 0 ], [ 0, -1, 0, 0 ], [ 0, 0, -1, 0 ], [ 0, 0, 0, -1 ] ], 
  [ [ 1, 0, 0, 0 ], [ 0, 1, 0, 0 ], [ 0, 0, 1, 0 ], [ 0, 0, 0, 1 ] ] ]),BoundaryImage:=rec(ListIFace:=[ 2, 4, 3, 2 ],ListSign:=[ 1, 1, 1, -1 ],ListElt:=[ [ [ 1, 0, 0, 0 ], [ 0, 1, 0, 0 ], [ 0, 0, 1, 0 ], [ 0, 0, 0, 1 ] ], 
  [ [ -53, 10, 48, 14 ], [ -60, -53, -84, 48 ], [ 0, 20, 43, -10 ], 
      [ -120, 0, 60, 43 ] ], 
  [ [ -1, 0, 0, 0 ], [ 0, -1, 0, 0 ], [ 0, 0, -1, 0 ], [ 0, 0, 0, -1 ] ], 
  [ [ 2, -3, -9, 0 ], [ 18, 2, 0, -9 ], [ -5, -2, -4, 3 ], 
      [ 12, -5, -18, -4 ] ] ])),rec(TheMatrixStab:=Group([ [ [ -1, 0, 0, 0 ], [ 0, -1, 0, 0 ], [ 0, 0, -1, 0 ], [ 0, 0, 0, -1 ] ], 
  [ [ 1, 0, 0, 0 ], [ 0, 1, 0, 0 ], [ 0, 0, 1, 0 ], [ 0, 0, 0, 1 ] ] ]),TheRotSubgroup:=Group([ [ [ -1, 0, 0, 0 ], [ 0, -1, 0, 0 ], [ 0, 0, -1, 0 ], [ 0, 0, 0, -1 ] ], 
  [ [ 1, 0, 0, 0 ], [ 0, 1, 0, 0 ], [ 0, 0, 1, 0 ], [ 0, 0, 0, 1 ] ] ]),BoundaryImage:=rec(ListIFace:=[ 3, 5, 5, 4 ],ListSign:=[ 1, -1, 1, -1 ],ListElt:=[ [ [ -5, -4, -7, 4 ], [ 24, -5, -24, -7 ], [ -10, 0, 5, 4 ], 
      [ 0, -10, -24, 5 ] ], 
  [ [ 0, 0, 1, 0 ], [ 0, 0, 0, 1 ], [ -1, 0, 1, 0 ], [ 0, -1, 0, 1 ] ], 
  [ [ 12, 0, -5, -4 ], [ 0, 12, 24, -5 ], [ 5, -4, -10, 0 ], 
      [ 24, 5, 0, -10 ] ], 
  [ [ -25, -6, 0, 12 ], [ 36, -25, -72, 0 ], [ -24, 5, 23, 6 ], 
      [ -30, -24, -36, 23 ] ] ]))]];