HAP_GCOMPLEX_SETUP:=[false]; 
HAP_GCOMPLEX_LIST:=[[rec(TheMatrixStab:=Group([ [ [ -2, 0, 1, 0 ], [ 0, -2, -1, 3 ], [ -3, 0, 1, 0 ], [ -1, -1, 0, 1 ] ], 
  [ [ -1, 0, 0, 0 ], [ 0, -1, 0, 0 ], [ 0, 0, -1, 0 ], [ 0, 0, 0, -1 ] ], 
  [ [ -1, 0, 1, 0 ], [ 0, -1, -1, 3 ], [ -3, 0, 2, 0 ], [ -1, -1, 0, 2 ] ], 
  [ [ 1, 0, -1, 0 ], [ 0, 1, 1, -3 ], [ 3, 0, -2, 0 ], [ 1, 1, 0, -2 ] ], 
  [ [ 1, 0, 0, 0 ], [ 0, 1, 0, 0 ], [ 0, 0, 1, 0 ], [ 0, 0, 0, 1 ] ], 
  [ [ 2, 0, -1, 0 ], [ 0, 2, 1, -3 ], [ 3, 0, -1, 0 ], [ 1, 1, 0, -1 ] ] ]),TheRotSubgroup:=Group([ [ [ -2, 0, 1, 0 ], [ 0, -2, -1, 3 ], [ -3, 0, 1, 0 ], [ -1, -1, 0, 1 ] ], 
  [ [ -1, 0, 0, 0 ], [ 0, -1, 0, 0 ], [ 0, 0, -1, 0 ], [ 0, 0, 0, -1 ] ], 
  [ [ -1, 0, 1, 0 ], [ 0, -1, -1, 3 ], [ -3, 0, 2, 0 ], [ -1, -1, 0, 2 ] ], 
  [ [ 1, 0, -1, 0 ], [ 0, 1, 1, -3 ], [ 3, 0, -2, 0 ], [ 1, 1, 0, -2 ] ], 
  [ [ 1, 0, 0, 0 ], [ 0, 1, 0, 0 ], [ 0, 0, 1, 0 ], [ 0, 0, 0, 1 ] ], 
  [ [ 2, 0, -1, 0 ], [ 0, 2, 1, -3 ], [ 3, 0, -1, 0 ], [ 1, 1, 0, -1 ] ] ]),BoundaryImage:=rec(ListIFace:=[  ],ListSign:=[  ],ListElt:=[  ])),rec(TheMatrixStab:=Group([ [ [ -2, 0, 1, 0 ], [ 0, -2, -1, 3 ], [ -3, 0, 1, 0 ], [ -1, -1, 0, 1 ] ], 
  [ [ -1, 0, 0, 0 ], [ 0, -1, 0, 0 ], [ 0, 0, -1, 0 ], [ 0, 0, 0, -1 ] ], 
  [ [ -1, 0, 1, 0 ], [ 0, -1, -1, 3 ], [ -3, 0, 2, 0 ], [ -1, -1, 0, 2 ] ], 
  [ [ 1, 0, -1, 0 ], [ 0, 1, 1, -3 ], [ 3, 0, -2, 0 ], [ 1, 1, 0, -2 ] ], 
  [ [ 1, 0, 0, 0 ], [ 0, 1, 0, 0 ], [ 0, 0, 1, 0 ], [ 0, 0, 0, 1 ] ], 
  [ [ 2, 0, -1, 0 ], [ 0, 2, 1, -3 ], [ 3, 0, -1, 0 ], [ 1, 1, 0, -1 ] ] ]),TheRotSubgroup:=Group([ [ [ -2, 0, 1, 0 ], [ 0, -2, -1, 3 ], [ -3, 0, 1, 0 ], [ -1, -1, 0, 1 ] ], 
  [ [ -1, 0, 0, 0 ], [ 0, -1, 0, 0 ], [ 0, 0, -1, 0 ], [ 0, 0, 0, -1 ] ], 
  [ [ -1, 0, 1, 0 ], [ 0, -1, -1, 3 ], [ -3, 0, 2, 0 ], [ -1, -1, 0, 2 ] ], 
  [ [ 1, 0, -1, 0 ], [ 0, 1, 1, -3 ], [ 3, 0, -2, 0 ], [ 1, 1, 0, -2 ] ], 
  [ [ 1, 0, 0, 0 ], [ 0, 1, 0, 0 ], [ 0, 0, 1, 0 ], [ 0, 0, 0, 1 ] ], 
  [ [ 2, 0, -1, 0 ], [ 0, 2, 1, -3 ], [ 3, 0, -1, 0 ], [ 1, 1, 0, -1 ] ] ]),BoundaryImage:=rec(ListIFace:=[  ],ListSign:=[  ],ListElt:=[  ])),rec(TheMatrixStab:=Group([ [ [ -2, 0, 1, 0 ], [ 0, -2, -1, 3 ], [ -3, 0, 1, 0 ], [ -1, -1, 0, 1 ] ], 
  [ [ -1, 0, 0, 0 ], [ 0, -1, 0, 0 ], [ 0, 0, -1, 0 ], [ 0, 0, 0, -1 ] ], 
  [ [ -1, 0, 1, 0 ], [ 0, -1, -1, 3 ], [ -3, 0, 2, 0 ], [ -1, -1, 0, 2 ] ], 
  [ [ 1, 0, -1, 0 ], [ 0, 1, 1, -3 ], [ 3, 0, -2, 0 ], [ 1, 1, 0, -2 ] ], 
  [ [ 1, 0, 0, 0 ], [ 0, 1, 0, 0 ], [ 0, 0, 1, 0 ], [ 0, 0, 0, 1 ] ], 
  [ [ 2, 0, -1, 0 ], [ 0, 2, 1, -3 ], [ 3, 0, -1, 0 ], [ 1, 1, 0, -1 ] ] ]),TheRotSubgroup:=Group([ [ [ -2, 0, 1, 0 ], [ 0, -2, -1, 3 ], [ -3, 0, 1, 0 ], [ -1, -1, 0, 1 ] ], 
  [ [ -1, 0, 0, 0 ], [ 0, -1, 0, 0 ], [ 0, 0, -1, 0 ], [ 0, 0, 0, -1 ] ], 
  [ [ -1, 0, 1, 0 ], [ 0, -1, -1, 3 ], [ -3, 0, 2, 0 ], [ -1, -1, 0, 2 ] ], 
  [ [ 1, 0, -1, 0 ], [ 0, 1, 1, -3 ], [ 3, 0, -2, 0 ], [ 1, 1, 0, -2 ] ], 
  [ [ 1, 0, 0, 0 ], [ 0, 1, 0, 0 ], [ 0, 0, 1, 0 ], [ 0, 0, 0, 1 ] ], 
  [ [ 2, 0, -1, 0 ], [ 0, 2, 1, -3 ], [ 3, 0, -1, 0 ], [ 1, 1, 0, -1 ] ] ]),BoundaryImage:=rec(ListIFace:=[  ],ListSign:=[  ],ListElt:=[  ])),rec(TheMatrixStab:=Group([ [ [ -2, 0, 1, 0 ], [ 0, -2, -1, 3 ], [ -3, 0, 1, 0 ], [ -1, -1, 0, 1 ] ], 
  [ [ -1, 0, 0, 0 ], [ 0, -1, 0, 0 ], [ 0, 0, -1, 0 ], [ 0, 0, 0, -1 ] ], 
  [ [ -1, 0, 1, 0 ], [ 0, -1, -1, 3 ], [ -3, 0, 2, 0 ], [ -1, -1, 0, 2 ] ], 
  [ [ 1, 0, -1, 0 ], [ 0, 1, 1, -3 ], [ 3, 0, -2, 0 ], [ 1, 1, 0, -2 ] ], 
  [ [ 1, 0, 0, 0 ], [ 0, 1, 0, 0 ], [ 0, 0, 1, 0 ], [ 0, 0, 0, 1 ] ], 
  [ [ 2, 0, -1, 0 ], [ 0, 2, 1, -3 ], [ 3, 0, -1, 0 ], [ 1, 1, 0, -1 ] ] ]),TheRotSubgroup:=Group([ [ [ -2, 0, 1, 0 ], [ 0, -2, -1, 3 ], [ -3, 0, 1, 0 ], [ -1, -1, 0, 1 ] ], 
  [ [ -1, 0, 0, 0 ], [ 0, -1, 0, 0 ], [ 0, 0, -1, 0 ], [ 0, 0, 0, -1 ] ], 
  [ [ -1, 0, 1, 0 ], [ 0, -1, -1, 3 ], [ -3, 0, 2, 0 ], [ -1, -1, 0, 2 ] ], 
  [ [ 1, 0, -1, 0 ], [ 0, 1, 1, -3 ], [ 3, 0, -2, 0 ], [ 1, 1, 0, -2 ] ], 
  [ [ 1, 0, 0, 0 ], [ 0, 1, 0, 0 ], [ 0, 0, 1, 0 ], [ 0, 0, 0, 1 ] ], 
  [ [ 2, 0, -1, 0 ], [ 0, 2, 1, -3 ], [ 3, 0, -1, 0 ], [ 1, 1, 0, -1 ] ] ]),BoundaryImage:=rec(ListIFace:=[  ],ListSign:=[  ],ListElt:=[  ])),rec(TheMatrixStab:=Group([ [ [ -1, 0, 0, 0 ], [ 0, -1, 0, 0 ], [ 0, 0, -1, 0 ], [ 0, 0, 0, -1 ] ], 
  [ [ 1, 0, 0, 0 ], [ 0, 1, 0, 0 ], [ 0, 0, 1, 0 ], [ 0, 0, 0, 1 ] ] ]),TheRotSubgroup:=Group([ [ [ -1, 0, 0, 0 ], [ 0, -1, 0, 0 ], [ 0, 0, -1, 0 ], [ 0, 0, 0, -1 ] ], 
  [ [ 1, 0, 0, 0 ], [ 0, 1, 0, 0 ], [ 0, 0, 1, 0 ], [ 0, 0, 0, 1 ] ] ]),BoundaryImage:=rec(ListIFace:=[  ],ListSign:=[  ],ListElt:=[  ])),rec(TheMatrixStab:=Group([ [ [ -1, 0, 0, 0 ], [ 0, -1, 0, 0 ], [ 0, 0, -1, 0 ], [ 0, 0, 0, -1 ] ], 
  [ [ 1, 0, 0, 0 ], [ 0, 1, 0, 0 ], [ 0, 0, 1, 0 ], [ 0, 0, 0, 1 ] ] ]),TheRotSubgroup:=Group([ [ [ -1, 0, 0, 0 ], [ 0, -1, 0, 0 ], [ 0, 0, -1, 0 ], [ 0, 0, 0, -1 ] ], 
  [ [ 1, 0, 0, 0 ], [ 0, 1, 0, 0 ], [ 0, 0, 1, 0 ], [ 0, 0, 0, 1 ] ] ]),BoundaryImage:=rec(ListIFace:=[  ],ListSign:=[  ],ListElt:=[  ])),rec(TheMatrixStab:=Group([ [ [ -1, -1, -1, 1 ], [ 17, -1, -5, -2 ], [ -7, -2, -1, 3 ], 
      [ 9, -3, -6, 1 ] ], 
  [ [ -1, 0, 0, 0 ], [ 0, -1, 0, 0 ], [ 0, 0, -1, 0 ], [ 0, 0, 0, -1 ] ], 
  [ [ 0, -1, -1, 1 ], [ 17, 0, -5, -2 ], [ -7, -2, 0, 3 ], [ 9, -3, -6, 2 ] ],
  [ [ 0, 1, 1, -1 ], [ -17, 0, 5, 2 ], [ 7, 2, 0, -3 ], [ -9, 3, 6, -2 ] ], 
  [ [ 1, 0, 0, 0 ], [ 0, 1, 0, 0 ], [ 0, 0, 1, 0 ], [ 0, 0, 0, 1 ] ], 
  [ [ 1, 1, 1, -1 ], [ -17, 1, 5, 2 ], [ 7, 2, 1, -3 ], [ -9, 3, 6, -1 ] ] ]),TheRotSubgroup:=Group([ [ [ -1, -1, -1, 1 ], [ 17, -1, -5, -2 ], [ -7, -2, -1, 3 ], 
      [ 9, -3, -6, 1 ] ], 
  [ [ -1, 0, 0, 0 ], [ 0, -1, 0, 0 ], [ 0, 0, -1, 0 ], [ 0, 0, 0, -1 ] ], 
  [ [ 0, -1, -1, 1 ], [ 17, 0, -5, -2 ], [ -7, -2, 0, 3 ], [ 9, -3, -6, 2 ] ],
  [ [ 0, 1, 1, -1 ], [ -17, 0, 5, 2 ], [ 7, 2, 0, -3 ], [ -9, 3, 6, -2 ] ], 
  [ [ 1, 0, 0, 0 ], [ 0, 1, 0, 0 ], [ 0, 0, 1, 0 ], [ 0, 0, 0, 1 ] ], 
  [ [ 1, 1, 1, -1 ], [ -17, 1, 5, 2 ], [ 7, 2, 1, -3 ], [ -9, 3, 6, -1 ] ] ]),BoundaryImage:=rec(ListIFace:=[  ],ListSign:=[  ],ListElt:=[  ])),rec(TheMatrixStab:=Group([ [ [ -7, -1, 5, 1 ], [ 17, -7, -11, 16 ], [ -7, -2, 5, 3 ], [ 9, -3, -6, 7 ] 
     ], 
  [ [ -6, -1, 5, 1 ], [ 17, -6, -11, 16 ], [ -7, -2, 6, 3 ], [ 9, -3, -6, 8 ] 
     ], [ [ -1, 0, 0, 0 ], [ 0, -1, 0, 0 ], [ 0, 0, -1, 0 ], [ 0, 0, 0, -1 ] ]
    , [ [ 1, 0, 0, 0 ], [ 0, 1, 0, 0 ], [ 0, 0, 1, 0 ], [ 0, 0, 0, 1 ] ], 
  [ [ 6, 1, -5, -1 ], [ -17, 6, 11, -16 ], [ 7, 2, -6, -3 ], [ -9, 3, 6, -8 ] 
     ], 
  [ [ 7, 1, -5, -1 ], [ -17, 7, 11, -16 ], [ 7, 2, -5, -3 ], [ -9, 3, 6, -7 ] 
     ] ]),TheRotSubgroup:=Group([ [ [ -7, -1, 5, 1 ], [ 17, -7, -11, 16 ], [ -7, -2, 5, 3 ], [ 9, -3, -6, 7 ] 
     ], 
  [ [ -6, -1, 5, 1 ], [ 17, -6, -11, 16 ], [ -7, -2, 6, 3 ], [ 9, -3, -6, 8 ] 
     ], [ [ -1, 0, 0, 0 ], [ 0, -1, 0, 0 ], [ 0, 0, -1, 0 ], [ 0, 0, 0, -1 ] ]
    , [ [ 1, 0, 0, 0 ], [ 0, 1, 0, 0 ], [ 0, 0, 1, 0 ], [ 0, 0, 0, 1 ] ], 
  [ [ 6, 1, -5, -1 ], [ -17, 6, 11, -16 ], [ 7, 2, -6, -3 ], [ -9, 3, 6, -8 ] 
     ], 
  [ [ 7, 1, -5, -1 ], [ -17, 7, 11, -16 ], [ 7, 2, -5, -3 ], [ -9, 3, 6, -7 ] 
     ] ]),BoundaryImage:=rec(ListIFace:=[  ],ListSign:=[  ],ListElt:=[  ]))],[rec(TheMatrixStab:=Group([ [ [ -2, 0, 1, 0 ], [ 0, -2, -1, 3 ], [ -3, 0, 1, 0 ], [ -1, -1, 0, 1 ] ], 
  [ [ -1, 0, 0, 0 ], [ 0, -1, 0, 0 ], [ 0, 0, -1, 0 ], [ 0, 0, 0, -1 ] ], 
  [ [ -1, 0, 1, 0 ], [ 0, -1, -1, 3 ], [ -3, 0, 2, 0 ], [ -1, -1, 0, 2 ] ], 
  [ [ 1, 0, -1, 0 ], [ 0, 1, 1, -3 ], [ 3, 0, -2, 0 ], [ 1, 1, 0, -2 ] ], 
  [ [ 1, 0, 0, 0 ], [ 0, 1, 0, 0 ], [ 0, 0, 1, 0 ], [ 0, 0, 0, 1 ] ], 
  [ [ 2, 0, -1, 0 ], [ 0, 2, 1, -3 ], [ 3, 0, -1, 0 ], [ 1, 1, 0, -1 ] ] ]),TheRotSubgroup:=Group([ [ [ -2, 0, 1, 0 ], [ 0, -2, -1, 3 ], [ -3, 0, 1, 0 ], [ -1, -1, 0, 1 ] ], 
  [ [ -1, 0, 0, 0 ], [ 0, -1, 0, 0 ], [ 0, 0, -1, 0 ], [ 0, 0, 0, -1 ] ], 
  [ [ -1, 0, 1, 0 ], [ 0, -1, -1, 3 ], [ -3, 0, 2, 0 ], [ -1, -1, 0, 2 ] ], 
  [ [ 1, 0, -1, 0 ], [ 0, 1, 1, -3 ], [ 3, 0, -2, 0 ], [ 1, 1, 0, -2 ] ], 
  [ [ 1, 0, 0, 0 ], [ 0, 1, 0, 0 ], [ 0, 0, 1, 0 ], [ 0, 0, 0, 1 ] ], 
  [ [ 2, 0, -1, 0 ], [ 0, 2, 1, -3 ], [ 3, 0, -1, 0 ], [ 1, 1, 0, -1 ] ] ]),BoundaryImage:=rec(ListIFace:=[ 1, 3 ],ListSign:=[ -1, 1 ],ListElt:=[ [ [ 1, 0, 0, 0 ], [ 0, 1, 0, 0 ], [ 0, 0, 1, 0 ], [ 0, 0, 0, 1 ] ], 
  [ [ 1, 0, 0, 0 ], [ 0, 1, 0, 0 ], [ 0, 0, 1, 0 ], [ 0, 0, 0, 1 ] ] ])),rec(TheMatrixStab:=Group([ [ [ -2, 0, 1, 0 ], [ 0, -2, -1, 3 ], [ -3, 0, 1, 0 ], [ -1, -1, 0, 1 ] ], 
  [ [ -1, 0, 0, 0 ], [ 0, -1, 0, 0 ], [ 0, 0, -1, 0 ], [ 0, 0, 0, -1 ] ], 
  [ [ -1, 0, 1, 0 ], [ 0, -1, -1, 3 ], [ -3, 0, 2, 0 ], [ -1, -1, 0, 2 ] ], 
  [ [ 1, 0, -1, 0 ], [ 0, 1, 1, -3 ], [ 3, 0, -2, 0 ], [ 1, 1, 0, -2 ] ], 
  [ [ 1, 0, 0, 0 ], [ 0, 1, 0, 0 ], [ 0, 0, 1, 0 ], [ 0, 0, 0, 1 ] ], 
  [ [ 2, 0, -1, 0 ], [ 0, 2, 1, -3 ], [ 3, 0, -1, 0 ], [ 1, 1, 0, -1 ] ] ]),TheRotSubgroup:=Group([ [ [ -2, 0, 1, 0 ], [ 0, -2, -1, 3 ], [ -3, 0, 1, 0 ], [ -1, -1, 0, 1 ] ], 
  [ [ -1, 0, 0, 0 ], [ 0, -1, 0, 0 ], [ 0, 0, -1, 0 ], [ 0, 0, 0, -1 ] ], 
  [ [ -1, 0, 1, 0 ], [ 0, -1, -1, 3 ], [ -3, 0, 2, 0 ], [ -1, -1, 0, 2 ] ], 
  [ [ 1, 0, -1, 0 ], [ 0, 1, 1, -3 ], [ 3, 0, -2, 0 ], [ 1, 1, 0, -2 ] ], 
  [ [ 1, 0, 0, 0 ], [ 0, 1, 0, 0 ], [ 0, 0, 1, 0 ], [ 0, 0, 0, 1 ] ], 
  [ [ 2, 0, -1, 0 ], [ 0, 2, 1, -3 ], [ 3, 0, -1, 0 ], [ 1, 1, 0, -1 ] ] ]),BoundaryImage:=rec(ListIFace:=[ 2, 4 ],ListSign:=[ -1, 1 ],ListElt:=[ [ [ 2, 0, -1, 0 ], [ 0, 2, 1, -3 ], [ 3, 0, -1, 0 ], [ 1, 1, 0, -1 ] ], 
  [ [ 2, 0, -1, 0 ], [ 0, 2, 1, -3 ], [ 3, 0, -1, 0 ], [ 1, 1, 0, -1 ] ] ])),rec(TheMatrixStab:=Group([ [ [ -1, 0, 0, 0 ], [ 0, -1, 0, 0 ], [ 0, 0, -1, 0 ], [ 0, 0, 0, -1 ] ], 
  [ [ 1, 0, 0, 0 ], [ 0, 1, 0, 0 ], [ 0, 0, 1, 0 ], [ 0, 0, 0, 1 ] ] ]),TheRotSubgroup:=Group([ [ [ -1, 0, 0, 0 ], [ 0, -1, 0, 0 ], [ 0, 0, -1, 0 ], [ 0, 0, 0, -1 ] ], 
  [ [ 1, 0, 0, 0 ], [ 0, 1, 0, 0 ], [ 0, 0, 1, 0 ], [ 0, 0, 0, 1 ] ] ]),BoundaryImage:=rec(ListIFace:=[ 1, 5 ],ListSign:=[ -1, 1 ],ListElt:=[ [ [ -1, 0, 1, 0 ], [ 0, -1, -1, 3 ], [ -3, 0, 2, 0 ], [ -1, -1, 0, 2 ] ], 
  [ [ 1, 0, 0, 0 ], [ 0, 1, 0, 0 ], [ 0, 0, 1, 0 ], [ 0, 0, 0, 1 ] ] ])),rec(TheMatrixStab:=Group([ [ [ -1, 0, 0, 0 ], [ 0, -1, 0, 0 ], [ 0, 0, -1, 0 ], [ 0, 0, 0, -1 ] ], 
  [ [ 1, 0, 0, 0 ], [ 0, 1, 0, 0 ], [ 0, 0, 1, 0 ], [ 0, 0, 0, 1 ] ] ]),TheRotSubgroup:=Group([ [ [ -1, 0, 0, 0 ], [ 0, -1, 0, 0 ], [ 0, 0, -1, 0 ], [ 0, 0, 0, -1 ] ], 
  [ [ 1, 0, 0, 0 ], [ 0, 1, 0, 0 ], [ 0, 0, 1, 0 ], [ 0, 0, 0, 1 ] ] ]),BoundaryImage:=rec(ListIFace:=[ 2, 6 ],ListSign:=[ -1, 1 ],ListElt:=[ [ [ -1, 0, 0, 0 ], [ 0, -1, 0, 0 ], [ 0, 0, -1, 0 ], [ 0, 0, 0, -1 ] ], 
  [ [ -1, 0, 0, 0 ], [ 0, -1, 0, 0 ], [ 0, 0, -1, 0 ], [ 0, 0, 0, -1 ] ] ])),rec(TheMatrixStab:=Group([ [ [ -1, 0, 0, 0 ], [ 0, -1, 0, 0 ], [ 0, 0, -1, 0 ], [ 0, 0, 0, -1 ] ], 
  [ [ 1, 0, 0, 0 ], [ 0, 1, 0, 0 ], [ 0, 0, 1, 0 ], [ 0, 0, 0, 1 ] ] ]),TheRotSubgroup:=Group([ [ [ -1, 0, 0, 0 ], [ 0, -1, 0, 0 ], [ 0, 0, -1, 0 ], [ 0, 0, 0, -1 ] ], 
  [ [ 1, 0, 0, 0 ], [ 0, 1, 0, 0 ], [ 0, 0, 1, 0 ], [ 0, 0, 0, 1 ] ] ]),BoundaryImage:=rec(ListIFace:=[ 1, 7 ],ListSign:=[ -1, 1 ],ListElt:=[ [ [ -1, 0, 1, 0 ], [ 0, -1, -1, 3 ], [ -3, 0, 2, 0 ], [ -1, -1, 0, 2 ] ], 
  [ [ 0, 1, 1, -1 ], [ -17, 0, 5, 2 ], [ 7, 2, 0, -3 ], [ -9, 3, 6, -2 ] ] ])),rec(TheMatrixStab:=Group([ [ [ -1, 0, 0, 0 ], [ 0, -1, 0, 0 ], [ 0, 0, -1, 0 ], [ 0, 0, 0, -1 ] ], 
  [ [ 1, 0, 0, 0 ], [ 0, 1, 0, 0 ], [ 0, 0, 1, 0 ], [ 0, 0, 0, 1 ] ] ]),TheRotSubgroup:=Group([ [ [ -1, 0, 0, 0 ], [ 0, -1, 0, 0 ], [ 0, 0, -1, 0 ], [ 0, 0, 0, -1 ] ], 
  [ [ 1, 0, 0, 0 ], [ 0, 1, 0, 0 ], [ 0, 0, 1, 0 ], [ 0, 0, 0, 1 ] ] ]),BoundaryImage:=rec(ListIFace:=[ 2, 8 ],ListSign:=[ -1, 1 ],ListElt:=[ [ [ -1, 0, 0, 0 ], [ 0, -1, 0, 0 ], [ 0, 0, -1, 0 ], [ 0, 0, 0, -1 ] ], 
  [ [ -1, 0, 0, 0 ], [ 0, -1, 0, 0 ], [ 0, 0, -1, 0 ], [ 0, 0, 0, -1 ] ] ])),rec(TheMatrixStab:=Group([ [ [ -2, 0, 1, 0 ], [ 0, -2, -1, 3 ], [ -3, 0, 1, 0 ], [ -1, -1, 0, 1 ] ], 
  [ [ -1, 0, 0, 0 ], [ 0, -1, 0, 0 ], [ 0, 0, -1, 0 ], [ 0, 0, 0, -1 ] ], 
  [ [ -1, 0, 1, 0 ], [ 0, -1, -1, 3 ], [ -3, 0, 2, 0 ], [ -1, -1, 0, 2 ] ], 
  [ [ 1, 0, -1, 0 ], [ 0, 1, 1, -3 ], [ 3, 0, -2, 0 ], [ 1, 1, 0, -2 ] ], 
  [ [ 1, 0, 0, 0 ], [ 0, 1, 0, 0 ], [ 0, 0, 1, 0 ], [ 0, 0, 0, 1 ] ], 
  [ [ 2, 0, -1, 0 ], [ 0, 2, 1, -3 ], [ 3, 0, -1, 0 ], [ 1, 1, 0, -1 ] ] ]),TheRotSubgroup:=Group([ [ [ -2, 0, 1, 0 ], [ 0, -2, -1, 3 ], [ -3, 0, 1, 0 ], [ -1, -1, 0, 1 ] ], 
  [ [ -1, 0, 0, 0 ], [ 0, -1, 0, 0 ], [ 0, 0, -1, 0 ], [ 0, 0, 0, -1 ] ], 
  [ [ -1, 0, 1, 0 ], [ 0, -1, -1, 3 ], [ -3, 0, 2, 0 ], [ -1, -1, 0, 2 ] ], 
  [ [ 1, 0, -1, 0 ], [ 0, 1, 1, -3 ], [ 3, 0, -2, 0 ], [ 1, 1, 0, -2 ] ], 
  [ [ 1, 0, 0, 0 ], [ 0, 1, 0, 0 ], [ 0, 0, 1, 0 ], [ 0, 0, 0, 1 ] ], 
  [ [ 2, 0, -1, 0 ], [ 0, 2, 1, -3 ], [ 3, 0, -1, 0 ], [ 1, 1, 0, -1 ] ] ]),BoundaryImage:=rec(ListIFace:=[ 1, 2 ],ListSign:=[ -1, 1 ],ListElt:=[ [ [ 2, 0, -1, 0 ], [ 0, 2, 1, -3 ], [ 3, 0, -1, 0 ], [ 1, 1, 0, -1 ] ], 
  [ [ 2, 0, -1, 0 ], [ 0, 2, 1, -3 ], [ 3, 0, -1, 0 ], [ 1, 1, 0, -1 ] ] ])),rec(TheMatrixStab:=Group([ [ [ -1, 0, 0, 0 ], [ 0, -1, 0, 0 ], [ 0, 0, -1, 0 ], [ 0, 0, 0, -1 ] ], 
  [ [ 1, 0, 0, 0 ], [ 0, 1, 0, 0 ], [ 0, 0, 1, 0 ], [ 0, 0, 0, 1 ] ] ]),TheRotSubgroup:=Group([ [ [ -1, 0, 0, 0 ], [ 0, -1, 0, 0 ], [ 0, 0, -1, 0 ], [ 0, 0, 0, -1 ] ], 
  [ [ 1, 0, 0, 0 ], [ 0, 1, 0, 0 ], [ 0, 0, 1, 0 ], [ 0, 0, 0, 1 ] ] ]),BoundaryImage:=rec(ListIFace:=[ 3, 6 ],ListSign:=[ -1, 1 ],ListElt:=[ [ [ 2, 0, -1, 0 ], [ 0, 2, 1, -3 ], [ 3, 0, -1, 0 ], [ 1, 1, 0, -1 ] ], 
  [ [ -3, -1, 5, 2 ], [ 17, -3, -17, 17 ], [ -8, -1, 11, 0 ], 
      [ 3, -3, 0, 11 ] ] ])),rec(TheMatrixStab:=Group([ [ [ -1, 0, 0, 0 ], [ 0, -1, 0, 0 ], [ 0, 0, -1, 0 ], [ 0, 0, 0, -1 ] ], 
  [ [ 1, 0, 0, 0 ], [ 0, 1, 0, 0 ], [ 0, 0, 1, 0 ], [ 0, 0, 0, 1 ] ] ]),TheRotSubgroup:=Group([ [ [ -1, 0, 0, 0 ], [ 0, -1, 0, 0 ], [ 0, 0, -1, 0 ], [ 0, 0, 0, -1 ] ], 
  [ [ 1, 0, 0, 0 ], [ 0, 1, 0, 0 ], [ 0, 0, 1, 0 ], [ 0, 0, 0, 1 ] ] ]),BoundaryImage:=rec(ListIFace:=[ 4, 5 ],ListSign:=[ -1, 1 ],ListElt:=[ [ [ 1, 0, -1, 0 ], [ 0, 1, 1, -3 ], [ 3, 0, -2, 0 ], [ 1, 1, 0, -2 ] ], 
  [ [ -5, 0, -1, 2 ], [ 0, -5, -11, -1 ], [ -8, -1, -4, 3 ], 
      [ 3, -3, -6, -2 ] ] ])),rec(TheMatrixStab:=Group([ [ [ -1, 0, 0, 0 ], [ 0, -1, 0, 0 ], [ 0, 0, -1, 0 ], [ 0, 0, 0, -1 ] ], 
  [ [ 1, 0, 0, 0 ], [ 0, 1, 0, 0 ], [ 0, 0, 1, 0 ], [ 0, 0, 0, 1 ] ] ]),TheRotSubgroup:=Group([ [ [ -1, 0, 0, 0 ], [ 0, -1, 0, 0 ], [ 0, 0, -1, 0 ], [ 0, 0, 0, -1 ] ], 
  [ [ 1, 0, 0, 0 ], [ 0, 1, 0, 0 ], [ 0, 0, 1, 0 ], [ 0, 0, 0, 1 ] ] ]),BoundaryImage:=rec(ListIFace:=[ 3, 6 ],ListSign:=[ -1, 1 ],ListElt:=[ [ [ 2, 0, -1, 0 ], [ 0, 2, 1, -3 ], [ 3, 0, -1, 0 ], [ 1, 1, 0, -1 ] ], 
  [ [ 3, -2, 0, 4 ], [ 34, 3, -24, 4 ], [ -2, -4, 5, 6 ], [ 22, -2, -12, 9 ] 
     ] ])),rec(TheMatrixStab:=Group([ [ [ -1, 0, 0, 0 ], [ 0, -1, 0, 0 ], [ 0, 0, -1, 0 ], [ 0, 0, 0, -1 ] ], 
  [ [ 1, 0, 0, 0 ], [ 0, 1, 0, 0 ], [ 0, 0, 1, 0 ], [ 0, 0, 0, 1 ] ] ]),TheRotSubgroup:=Group([ [ [ -1, 0, 0, 0 ], [ 0, -1, 0, 0 ], [ 0, 0, -1, 0 ], [ 0, 0, 0, -1 ] ], 
  [ [ 1, 0, 0, 0 ], [ 0, 1, 0, 0 ], [ 0, 0, 1, 0 ], [ 0, 0, 0, 1 ] ] ]),BoundaryImage:=rec(ListIFace:=[ 4, 5 ],ListSign:=[ -1, 1 ],ListElt:=[ [ [ -2, 0, 1, 0 ], [ 0, -2, -1, 3 ], [ -3, 0, 1, 0 ], [ -1, -1, 0, 1 ] ], 
  [ [ -5, -2, -2, 4 ], [ 34, -5, -22, -2 ], [ -2, -4, -7, 6 ], 
      [ 22, -2, -12, -3 ] ] ])),rec(TheMatrixStab:=Group([ [ [ -2, 0, 1, 0 ], [ 0, -2, -1, 3 ], [ -3, 0, 1, 0 ], [ -1, -1, 0, 1 ] ], 
  [ [ -1, 0, 0, 0 ], [ 0, -1, 0, 0 ], [ 0, 0, -1, 0 ], [ 0, 0, 0, -1 ] ], 
  [ [ -1, 0, 1, 0 ], [ 0, -1, -1, 3 ], [ -3, 0, 2, 0 ], [ -1, -1, 0, 2 ] ], 
  [ [ 1, 0, -1, 0 ], [ 0, 1, 1, -3 ], [ 3, 0, -2, 0 ], [ 1, 1, 0, -2 ] ], 
  [ [ 1, 0, 0, 0 ], [ 0, 1, 0, 0 ], [ 0, 0, 1, 0 ], [ 0, 0, 0, 1 ] ], 
  [ [ 2, 0, -1, 0 ], [ 0, 2, 1, -3 ], [ 3, 0, -1, 0 ], [ 1, 1, 0, -1 ] ] ]),TheRotSubgroup:=Group([ [ [ -2, 0, 1, 0 ], [ 0, -2, -1, 3 ], [ -3, 0, 1, 0 ], [ -1, -1, 0, 1 ] ], 
  [ [ -1, 0, 0, 0 ], [ 0, -1, 0, 0 ], [ 0, 0, -1, 0 ], [ 0, 0, 0, -1 ] ], 
  [ [ -1, 0, 1, 0 ], [ 0, -1, -1, 3 ], [ -3, 0, 2, 0 ], [ -1, -1, 0, 2 ] ], 
  [ [ 1, 0, -1, 0 ], [ 0, 1, 1, -3 ], [ 3, 0, -2, 0 ], [ 1, 1, 0, -2 ] ], 
  [ [ 1, 0, 0, 0 ], [ 0, 1, 0, 0 ], [ 0, 0, 1, 0 ], [ 0, 0, 0, 1 ] ], 
  [ [ 2, 0, -1, 0 ], [ 0, 2, 1, -3 ], [ 3, 0, -1, 0 ], [ 1, 1, 0, -1 ] ] ]),BoundaryImage:=rec(ListIFace:=[ 3, 8 ],ListSign:=[ -1, 1 ],ListElt:=[ [ [ 1, 0, 0, 0 ], [ 0, 1, 0, 0 ], [ 0, 0, 1, 0 ], [ 0, 0, 0, 1 ] ], 
  [ [ -9, 0, 7, -1 ], [ 0, -9, -1, 20 ], [ -14, 2, 11, -6 ], 
      [ -16, -4, 12, 7 ] ] ])),rec(TheMatrixStab:=Group([ [ [ -2, 0, 1, 0 ], [ 0, -2, -1, 3 ], [ -3, 0, 1, 0 ], [ -1, -1, 0, 1 ] ], 
  [ [ -1, 0, 0, 0 ], [ 0, -1, 0, 0 ], [ 0, 0, -1, 0 ], [ 0, 0, 0, -1 ] ], 
  [ [ -1, 0, 1, 0 ], [ 0, -1, -1, 3 ], [ -3, 0, 2, 0 ], [ -1, -1, 0, 2 ] ], 
  [ [ 1, 0, -1, 0 ], [ 0, 1, 1, -3 ], [ 3, 0, -2, 0 ], [ 1, 1, 0, -2 ] ], 
  [ [ 1, 0, 0, 0 ], [ 0, 1, 0, 0 ], [ 0, 0, 1, 0 ], [ 0, 0, 0, 1 ] ], 
  [ [ 2, 0, -1, 0 ], [ 0, 2, 1, -3 ], [ 3, 0, -1, 0 ], [ 1, 1, 0, -1 ] ] ]),TheRotSubgroup:=Group([ [ [ -2, 0, 1, 0 ], [ 0, -2, -1, 3 ], [ -3, 0, 1, 0 ], [ -1, -1, 0, 1 ] ], 
  [ [ -1, 0, 0, 0 ], [ 0, -1, 0, 0 ], [ 0, 0, -1, 0 ], [ 0, 0, 0, -1 ] ], 
  [ [ -1, 0, 1, 0 ], [ 0, -1, -1, 3 ], [ -3, 0, 2, 0 ], [ -1, -1, 0, 2 ] ], 
  [ [ 1, 0, -1, 0 ], [ 0, 1, 1, -3 ], [ 3, 0, -2, 0 ], [ 1, 1, 0, -2 ] ], 
  [ [ 1, 0, 0, 0 ], [ 0, 1, 0, 0 ], [ 0, 0, 1, 0 ], [ 0, 0, 0, 1 ] ], 
  [ [ 2, 0, -1, 0 ], [ 0, 2, 1, -3 ], [ 3, 0, -1, 0 ], [ 1, 1, 0, -1 ] ] ]),BoundaryImage:=rec(ListIFace:=[ 4, 7 ],ListSign:=[ -1, 1 ],ListElt:=[ [ [ 1, 0, -1, 0 ], [ 0, 1, 1, -3 ], [ 3, 0, -2, 0 ], [ 1, 1, 0, -2 ] ], 
  [ [ 9, 0, -2, -1 ], [ 0, 9, 8, -7 ], [ 13, 2, -1, -3 ], [ -7, 5, 6, -3 ] ] ])),rec(TheMatrixStab:=Group([ [ [ -1, 0, 0, 0 ], [ 0, -1, 0, 0 ], [ 0, 0, -1, 0 ], [ 0, 0, 0, -1 ] ], 
  [ [ 1, 0, 0, 0 ], [ 0, 1, 0, 0 ], [ 0, 0, 1, 0 ], [ 0, 0, 0, 1 ] ] ]),TheRotSubgroup:=Group([ [ [ -1, 0, 0, 0 ], [ 0, -1, 0, 0 ], [ 0, 0, -1, 0 ], [ 0, 0, 0, -1 ] ], 
  [ [ 1, 0, 0, 0 ], [ 0, 1, 0, 0 ], [ 0, 0, 1, 0 ], [ 0, 0, 0, 1 ] ] ]),BoundaryImage:=rec(ListIFace:=[ 5, 6 ],ListSign:=[ -1, 1 ],ListElt:=[ [ [ 1, 0, 0, 0 ], [ 0, 1, 0, 0 ], [ 0, 0, 1, 0 ], [ 0, 0, 0, 1 ] ], 
  [ [ 3, 0, -2, 1 ], [ 0, 3, -4, -5 ], [ 4, -1, -1, 3 ], [ 7, 1, -6, 1 ] ] ])),rec(TheMatrixStab:=Group([ [ [ -1, 0, 0, 0 ], [ 0, -1, 0, 0 ], [ 0, 0, -1, 0 ], [ 0, 0, 0, -1 ] ], 
  [ [ 1, 0, 0, 0 ], [ 0, 1, 0, 0 ], [ 0, 0, 1, 0 ], [ 0, 0, 0, 1 ] ] ]),TheRotSubgroup:=Group([ [ [ -1, 0, 0, 0 ], [ 0, -1, 0, 0 ], [ 0, 0, -1, 0 ], [ 0, 0, 0, -1 ] ], 
  [ [ 1, 0, 0, 0 ], [ 0, 1, 0, 0 ], [ 0, 0, 1, 0 ], [ 0, 0, 0, 1 ] ] ]),BoundaryImage:=rec(ListIFace:=[ 5, 6 ],ListSign:=[ -1, 1 ],ListElt:=[ [ [ -1, 1, 3, -1 ], [ -17, -1, 3, 8 ], [ -4, 1, 4, 0 ], [ -7, -1, 0, 4 ] ], 
  [ [ -1, 0, 0, 0 ], [ 0, -1, 0, 0 ], [ 0, 0, -1, 0 ], [ 0, 0, 0, -1 ] ] ])),rec(TheMatrixStab:=Group([ [ [ -1, 0, 0, 0 ], [ 0, -1, 0, 0 ], [ 0, 0, -1, 0 ], [ 0, 0, 0, -1 ] ], 
  [ [ 1, 0, 0, 0 ], [ 0, 1, 0, 0 ], [ 0, 0, 1, 0 ], [ 0, 0, 0, 1 ] ] ]),TheRotSubgroup:=Group([ [ [ -1, 0, 0, 0 ], [ 0, -1, 0, 0 ], [ 0, 0, -1, 0 ], [ 0, 0, 0, -1 ] ], 
  [ [ 1, 0, 0, 0 ], [ 0, 1, 0, 0 ], [ 0, 0, 1, 0 ], [ 0, 0, 0, 1 ] ] ]),BoundaryImage:=rec(ListIFace:=[ 5, 8 ],ListSign:=[ -1, 1 ],ListElt:=[ [ [ 1, 0, 0, 0 ], [ 0, 1, 0, 0 ], [ 0, 0, 1, 0 ], [ 0, 0, 0, 1 ] ], 
  [ [ -4, 0, 3, -1 ], [ 0, -4, 3, 8 ], [ -4, 1, 2, -3 ], [ -7, -1, 6, 0 ] ] ])),rec(TheMatrixStab:=Group([ [ [ -1, 0, 0, 0 ], [ 0, -1, 0, 0 ], [ 0, 0, -1, 0 ], [ 0, 0, 0, -1 ] ], 
  [ [ 1, 0, 0, 0 ], [ 0, 1, 0, 0 ], [ 0, 0, 1, 0 ], [ 0, 0, 0, 1 ] ] ]),TheRotSubgroup:=Group([ [ [ -1, 0, 0, 0 ], [ 0, -1, 0, 0 ], [ 0, 0, -1, 0 ], [ 0, 0, 0, -1 ] ], 
  [ [ 1, 0, 0, 0 ], [ 0, 1, 0, 0 ], [ 0, 0, 1, 0 ], [ 0, 0, 0, 1 ] ] ]),BoundaryImage:=rec(ListIFace:=[ 6, 7 ],ListSign:=[ -1, 1 ],ListElt:=[ [ [ 1, 0, 0, 0 ], [ 0, 1, 0, 0 ], [ 0, 0, 1, 0 ], [ 0, 0, 0, 1 ] ], 
  [ [ 6, 1, -1, -2 ], [ -17, 6, 13, -5 ], [ 4, 2, 1, -3 ], [ -10, 2, 6, -1 ] 
     ] ])),rec(TheMatrixStab:=Group([ [ [ -1, -1, -1, 1 ], [ 17, -1, -5, -2 ], [ -7, -2, -1, 3 ], 
      [ 9, -3, -6, 1 ] ], 
  [ [ -1, 0, 0, 0 ], [ 0, -1, 0, 0 ], [ 0, 0, -1, 0 ], [ 0, 0, 0, -1 ] ], 
  [ [ 0, -1, -1, 1 ], [ 17, 0, -5, -2 ], [ -7, -2, 0, 3 ], [ 9, -3, -6, 2 ] ],
  [ [ 0, 1, 1, -1 ], [ -17, 0, 5, 2 ], [ 7, 2, 0, -3 ], [ -9, 3, 6, -2 ] ], 
  [ [ 1, 0, 0, 0 ], [ 0, 1, 0, 0 ], [ 0, 0, 1, 0 ], [ 0, 0, 0, 1 ] ], 
  [ [ 1, 1, 1, -1 ], [ -17, 1, 5, 2 ], [ 7, 2, 1, -3 ], [ -9, 3, 6, -1 ] ] ]),TheRotSubgroup:=Group([ [ [ -1, -1, -1, 1 ], [ 17, -1, -5, -2 ], [ -7, -2, -1, 3 ], 
      [ 9, -3, -6, 1 ] ], 
  [ [ -1, 0, 0, 0 ], [ 0, -1, 0, 0 ], [ 0, 0, -1, 0 ], [ 0, 0, 0, -1 ] ], 
  [ [ 0, -1, -1, 1 ], [ 17, 0, -5, -2 ], [ -7, -2, 0, 3 ], [ 9, -3, -6, 2 ] ],
  [ [ 0, 1, 1, -1 ], [ -17, 0, 5, 2 ], [ 7, 2, 0, -3 ], [ -9, 3, 6, -2 ] ], 
  [ [ 1, 0, 0, 0 ], [ 0, 1, 0, 0 ], [ 0, 0, 1, 0 ], [ 0, 0, 0, 1 ] ], 
  [ [ 1, 1, 1, -1 ], [ -17, 1, 5, 2 ], [ 7, 2, 1, -3 ], [ -9, 3, 6, -1 ] ] ]),BoundaryImage:=rec(ListIFace:=[ 7, 8 ],ListSign:=[ -1, 1 ],ListElt:=[ [ [ 1, 0, 0, 0 ], [ 0, 1, 0, 0 ], [ 0, 0, 1, 0 ], [ 0, 0, 0, 1 ] ], 
  [ [ -2, 3, 0, -6 ], [ -51, -2, 36, -6 ], [ 12, 6, -11, -9 ], 
      [ -30, 6, 18, -17 ] ] ]))],[rec(TheMatrixStab:=Group([ [ [ -1, 0, 0, 0 ], [ 0, -1, 0, 0 ], [ 0, 0, -1, 0 ], [ 0, 0, 0, -1 ] ], 
  [ [ 1, 0, 0, 0 ], [ 0, 1, 0, 0 ], [ 0, 0, 1, 0 ], [ 0, 0, 0, 1 ] ] ]),TheRotSubgroup:=Group([ [ [ -1, 0, 0, 0 ], [ 0, -1, 0, 0 ], [ 0, 0, -1, 0 ], [ 0, 0, 0, -1 ] ], 
  [ [ 1, 0, 0, 0 ], [ 0, 1, 0, 0 ], [ 0, 0, 1, 0 ], [ 0, 0, 0, 1 ] ] ]),BoundaryImage:=rec(ListIFace:=[ 1, 3, 10, 4, 11, 2 ],ListSign:=[ 1, -1, 1, -1, 1, 1 ],ListElt:=[ [ [ -1, 0, 0, 0 ], [ 0, -1, 0, 0 ], [ 0, 0, -1, 0 ], [ 0, 0, 0, -1 ] ], 
  [ [ -1, 0, 0, 0 ], [ 0, -1, 0, 0 ], [ 0, 0, -1, 0 ], [ 0, 0, 0, -1 ] ], 
  [ [ 2, 0, -1, 0 ], [ 0, 2, 1, -3 ], [ 3, 0, -1, 0 ], [ 1, 1, 0, -1 ] ], 
  [ [ -8, 0, 5, -2 ], [ 0, -8, 7, 13 ], [ -11, 2, 5, -6 ], [ -15, -3, 12, 1 ] 
     ], 
  [ [ 5, -2, -2, 4 ], [ 34, 5, -22, -2 ], [ -2, -4, 3, 6 ], 
      [ 22, -2, -12, 7 ] ], 
  [ [ 8, 0, -5, 2 ], [ 0, 8, -7, -13 ], [ 11, -2, -5, 6 ], [ 15, 3, -12, -1 ] 
     ] ])),rec(TheMatrixStab:=Group([ [ [ -1, 0, 0, 0 ], [ 0, -1, 0, 0 ], [ 0, 0, -1, 0 ], [ 0, 0, 0, -1 ] ], 
  [ [ 1, 0, 0, 0 ], [ 0, 1, 0, 0 ], [ 0, 0, 1, 0 ], [ 0, 0, 0, 1 ] ] ]),TheRotSubgroup:=Group([ [ [ -1, 0, 0, 0 ], [ 0, -1, 0, 0 ], [ 0, 0, -1, 0 ], [ 0, 0, 0, -1 ] ], 
  [ [ 1, 0, 0, 0 ], [ 0, 1, 0, 0 ], [ 0, 0, 1, 0 ], [ 0, 0, 0, 1 ] ] ]),BoundaryImage:=rec(ListIFace:=[ 1, 8, 5, 18, 16, 9, 2, 17, 6, 18 ],ListSign:=[ 1, 1, -1, -1, 1, 1, 1, 1, -1, 1 ],ListElt:=[ [ [ -1, 0, 0, 0 ], [ 0, -1, 0, 0 ], [ 0, 0, -1, 0 ], [ 0, 0, 0, -1 ] ], 
  [ [ 2, 0, -1, 0 ], [ 0, 2, 1, -3 ], [ 3, 0, -1, 0 ], [ 1, 1, 0, -1 ] ], 
  [ [ -1, 0, 0, 0 ], [ 0, -1, 0, 0 ], [ 0, 0, -1, 0 ], [ 0, 0, 0, -1 ] ], 
  [ [ -1, 0, 0, 0 ], [ 0, -1, 0, 0 ], [ 0, 0, -1, 0 ], [ 0, 0, 0, -1 ] ], 
  [ [ -6, -1, -2, 3 ], [ 17, -6, -16, -3 ], [ -15, 0, 1, 6 ], 
      [ -5, -5, -12, 5 ] ], 
  [ [ -10, -4, 7, 4 ], [ 68, -10, -31, 25 ], [ -35, -4, 20, 0 ], 
      [ 11, -13, 0, 20 ] ], 
  [ [ -15, 0, 8, -4 ], [ 0, -15, 16, 20 ], [ -25, 4, 9, -12 ], 
      [ -31, -7, 24, 1 ] ], 
  [ [ -2, 1, 1, -4 ], [ -17, -2, 23, -1 ], [ 1, 2, -4, -6 ], 
      [ -11, 1, 12, -8 ] ], 
  [ [ 5, -4, -1, 8 ], [ 68, 5, -47, 5 ], [ -10, -8, 11, 12 ], 
      [ 42, -6, -24, 19 ] ], 
  [ [ -7, -3, -3, 5 ], [ 51, -7, -27, -4 ], [ -24, -3, 2, 9 ], 
      [ 9, -9, -18, 8 ] ] ])),rec(TheMatrixStab:=Group([ [ [ -1, 0, 0, 0 ], [ 0, -1, 0, 0 ], [ 0, 0, -1, 0 ], [ 0, 0, 0, -1 ] ], 
  [ [ 1, 0, 0, 0 ], [ 0, 1, 0, 0 ], [ 0, 0, 1, 0 ], [ 0, 0, 0, 1 ] ] ]),TheRotSubgroup:=Group([ [ [ -1, 0, 0, 0 ], [ 0, -1, 0, 0 ], [ 0, 0, -1, 0 ], [ 0, 0, 0, -1 ] ], 
  [ [ 1, 0, 0, 0 ], [ 0, 1, 0, 0 ], [ 0, 0, 1, 0 ], [ 0, 0, 0, 1 ] ] ]),BoundaryImage:=rec(ListIFace:=[ 3, 14, 17, 5 ],ListSign:=[ 1, 1, 1, -1 ],ListElt:=[ [ [ 1, 0, 0, 0 ], [ 0, 1, 0, 0 ], [ 0, 0, 1, 0 ], [ 0, 0, 0, 1 ] ], 
  [ [ 1, 0, 0, 0 ], [ 0, 1, 0, 0 ], [ 0, 0, 1, 0 ], [ 0, 0, 0, 1 ] ], 
  [ [ -3, 0, 2, -1 ], [ 0, -3, 4, 5 ], [ -4, 1, 1, -3 ], [ -7, -1, 6, -1 ] ], 
  [ [ 1, 0, 0, 0 ], [ 0, 1, 0, 0 ], [ 0, 0, 1, 0 ], [ 0, 0, 0, 1 ] ] ])),rec(TheMatrixStab:=Group([ [ [ -1, 0, 0, 0 ], [ 0, -1, 0, 0 ], [ 0, 0, -1, 0 ], [ 0, 0, 0, -1 ] ], 
  [ [ 1, 0, 0, 0 ], [ 0, 1, 0, 0 ], [ 0, 0, 1, 0 ], [ 0, 0, 0, 1 ] ] ]),TheRotSubgroup:=Group([ [ [ -1, 0, 0, 0 ], [ 0, -1, 0, 0 ], [ 0, 0, -1, 0 ], [ 0, 0, 0, -1 ] ], 
  [ [ 1, 0, 0, 0 ], [ 0, 1, 0, 0 ], [ 0, 0, 1, 0 ], [ 0, 0, 0, 1 ] ] ]),BoundaryImage:=rec(ListIFace:=[ 4, 15, 16, 6 ],ListSign:=[ 1, -1, 1, -1 ],ListElt:=[ [ [ -1, 0, 0, 0 ], [ 0, -1, 0, 0 ], [ 0, 0, -1, 0 ], [ 0, 0, 0, -1 ] ], 
  [ [ -1, 0, 0, 0 ], [ 0, -1, 0, 0 ], [ 0, 0, -1, 0 ], [ 0, 0, 0, -1 ] ], 
  [ [ -1, 1, 3, -1 ], [ -17, -1, 3, 8 ], [ -4, 1, 4, 0 ], [ -7, -1, 0, 4 ] ], 
  [ [ -1, 0, 0, 0 ], [ 0, -1, 0, 0 ], [ 0, 0, -1, 0 ], [ 0, 0, 0, -1 ] ] ])),rec(TheMatrixStab:=Group([ [ [ -1, 0, 0, 0 ], [ 0, -1, 0, 0 ], [ 0, 0, -1, 0 ], [ 0, 0, 0, -1 ] ], 
  [ [ 1, 0, 0, 0 ], [ 0, 1, 0, 0 ], [ 0, 0, 1, 0 ], [ 0, 0, 0, 1 ] ] ]),TheRotSubgroup:=Group([ [ [ -1, 0, 0, 0 ], [ 0, -1, 0, 0 ], [ 0, 0, -1, 0 ], [ 0, 0, 0, -1 ] ], 
  [ [ 1, 0, 0, 0 ], [ 0, 1, 0, 0 ], [ 0, 0, 1, 0 ], [ 0, 0, 0, 1 ] ] ]),BoundaryImage:=rec(ListIFace:=[ 3, 5, 15, 17 ],ListSign:=[ 1, -1, 1, 1 ],ListElt:=[ [ [ 1, 0, 0, 0 ], [ 0, 1, 0, 0 ], [ 0, 0, 1, 0 ], [ 0, 0, 0, 1 ] ], 
  [ [ -2, 0, 1, 0 ], [ 0, -2, -1, 3 ], [ -3, 0, 1, 0 ], [ -1, -1, 0, 1 ] ], 
  [ [ 4, 0, -3, 1 ], [ 0, 4, -3, -8 ], [ 4, -1, -2, 3 ], [ 7, 1, -6, 0 ] ], 
  [ [ 4, 0, -3, 1 ], [ 0, 4, -3, -8 ], [ 4, -1, -2, 3 ], [ 7, 1, -6, 0 ] ] ])),rec(TheMatrixStab:=Group([ [ [ -1, 0, 0, 0 ], [ 0, -1, 0, 0 ], [ 0, 0, -1, 0 ], [ 0, 0, 0, -1 ] ], 
  [ [ 1, 0, 0, 0 ], [ 0, 1, 0, 0 ], [ 0, 0, 1, 0 ], [ 0, 0, 0, 1 ] ] ]),TheRotSubgroup:=Group([ [ [ -1, 0, 0, 0 ], [ 0, -1, 0, 0 ], [ 0, 0, -1, 0 ], [ 0, 0, 0, -1 ] ], 
  [ [ 1, 0, 0, 0 ], [ 0, 1, 0, 0 ], [ 0, 0, 1, 0 ], [ 0, 0, 0, 1 ] ] ]),BoundaryImage:=rec(ListIFace:=[ 4, 14, 16, 6 ],ListSign:=[ 1, -1, 1, -1 ],ListElt:=[ [ [ 1, 0, 0, 0 ], [ 0, 1, 0, 0 ], [ 0, 0, 1, 0 ], [ 0, 0, 0, 1 ] ], 
  [ [ 0, 1, 2, -1 ], [ -17, 0, 4, 5 ], [ -4, 1, 3, 0 ], [ -7, -1, 0, 3 ] ], 
  [ [ 0, 1, 2, -1 ], [ -17, 0, 4, 5 ], [ -4, 1, 3, 0 ], [ -7, -1, 0, 3 ] ], 
  [ [ -1, 0, 1, 0 ], [ 0, -1, -1, 3 ], [ -3, 0, 2, 0 ], [ -1, -1, 0, 2 ] ] ])),rec(TheMatrixStab:=Group([ [ [ -1, 0, 0, 0 ], [ 0, -1, 0, 0 ], [ 0, 0, -1, 0 ], [ 0, 0, 0, -1 ] ], 
  [ [ 1, 0, 0, 0 ], [ 0, 1, 0, 0 ], [ 0, 0, 1, 0 ], [ 0, 0, 0, 1 ] ] ]),TheRotSubgroup:=Group([ [ [ -1, 0, 0, 0 ], [ 0, -1, 0, 0 ], [ 0, 0, -1, 0 ], [ 0, 0, 0, -1 ] ], 
  [ [ 1, 0, 0, 0 ], [ 0, 1, 0, 0 ], [ 0, 0, 1, 0 ], [ 0, 0, 0, 1 ] ] ]),BoundaryImage:=rec(ListIFace:=[ 3, 7, 9, 13, 5, 7, 4, 6, 8, 12 ],ListSign:=[ 1, -1, -1, 1, -1, 1, 1, -1, -1, 1 ],ListElt:=[ [ [ 1, 0, 0, 0 ], [ 0, 1, 0, 0 ], [ 0, 0, 1, 0 ], [ 0, 0, 0, 1 ] ], 
  [ [ -1, 0, 0, 0 ], [ 0, -1, 0, 0 ], [ 0, 0, -1, 0 ], [ 0, 0, 0, -1 ] ], 
  [ [ -3, 1, 1, -2 ], [ -17, -3, 11, 1 ], [ 8, 1, -5, 0 ], [ -3, 3, 0, -5 ] ],
  [ [ -2, -1, 2, 1 ], [ 17, -2, -8, 7 ], [ -7, 1, 3, -3 ], [ -8, -2, 6, 1 ] ],
  [ [ -1, 0, 0, 0 ], [ 0, -1, 0, 0 ], [ 3, 0, -1, 0 ], [ 1, 1, 0, -1 ] ], 
  [ [ 1, 0, -1, 0 ], [ 0, 1, 1, -3 ], [ 0, 0, 1, 0 ], [ 0, 0, 0, 1 ] ], 
  [ [ 1, 0, -1, 0 ], [ 0, 1, 1, -3 ], [ 0, 0, 1, 0 ], [ 0, 0, 0, 1 ] ], 
  [ [ -1, 0, 1, 0 ], [ 0, -1, -1, 3 ], [ -3, 0, 2, 0 ], [ -1, -1, 0, 2 ] ], 
  [ [ 3, -1, -3, 1 ], [ 17, 3, -3, -8 ], [ 8, 1, -2, -3 ], [ -3, 3, 6, -4 ] ],
  [ [ 5, 0, -2, -1 ], [ 0, 5, 8, -7 ], [ 1, 2, 3, -3 ], [ -11, 1, 6, 1 ] ] ])),rec(TheMatrixStab:=Group([ [ [ -1, 0, 0, 0 ], [ 0, -1, 0, 0 ], [ 0, 0, -1, 0 ], [ 0, 0, 0, -1 ] ], 
  [ [ 1, 0, 0, 0 ], [ 0, 1, 0, 0 ], [ 0, 0, 1, 0 ], [ 0, 0, 0, 1 ] ] ]),TheRotSubgroup:=Group([ [ [ -1, 0, 0, 0 ], [ 0, -1, 0, 0 ], [ 0, 0, -1, 0 ], [ 0, 0, 0, -1 ] ], 
  [ [ 1, 0, 0, 0 ], [ 0, 1, 0, 0 ], [ 0, 0, 1, 0 ], [ 0, 0, 0, 1 ] ] ]),BoundaryImage:=rec(ListIFace:=[ 8, 14, 11, 10, 9, 15 ],ListSign:=[ 1, -1, -1, -1, 1, 1 ],ListElt:=[ [ [ -1, 0, 0, 0 ], [ 0, -1, 0, 0 ], [ 0, 0, -1, 0 ], [ 0, 0, 0, -1 ] ], 
  [ [ 17, 0, -5, -4 ], [ 0, 17, 29, -19 ], [ 27, -3, -13, -3 ], 
      [ 26, 8, 6, -15 ] ], 
  [ [ 7, -6, -1, 10 ], [ 102, 7, -59, 7 ], [ -7, -11, 9, 15 ], 
      [ 60, -6, -30, 19 ] ], 
  [ [ 1, 0, 0, 0 ], [ 0, 1, 0, 0 ], [ 0, 0, 1, 0 ], [ 0, 0, 0, 1 ] ], 
  [ [ 7, -6, -1, 10 ], [ 102, 7, -59, 7 ], [ -7, -11, 9, 15 ], 
      [ 60, -6, -30, 19 ] ], 
  [ [ -3, 2, 0, -4 ], [ -34, -3, 24, -4 ], [ 2, 4, -5, -6 ], 
      [ -22, 2, 12, -9 ] ] ])),rec(TheMatrixStab:=Group([ [ [ -1, 0, 0, 0 ], [ 0, -1, 0, 0 ], [ 0, 0, -1, 0 ], [ 0, 0, 0, -1 ] ], 
  [ [ 1, 0, 0, 0 ], [ 0, 1, 0, 0 ], [ 0, 0, 1, 0 ], [ 0, 0, 0, 1 ] ] ]),TheRotSubgroup:=Group([ [ [ -1, 0, 0, 0 ], [ 0, -1, 0, 0 ], [ 0, 0, -1, 0 ], [ 0, 0, 0, -1 ] ], 
  [ [ 1, 0, 0, 0 ], [ 0, 1, 0, 0 ], [ 0, 0, 1, 0 ], [ 0, 0, 0, 1 ] ] ]),BoundaryImage:=rec(ListIFace:=[ 8, 15, 10, 14, 11, 9 ],ListSign:=[ 1, -1, -1, 1, -1, 1 ],ListElt:=[ [ [ 1, 0, 0, 0 ], [ 0, 1, 0, 0 ], [ 0, 0, 1, 0 ], [ 0, 0, 0, 1 ] ], 
  [ [ 3, 1, -5, -2 ], [ -17, 3, 17, -17 ], [ 8, 1, -11, 0 ], 
      [ -3, 3, 0, -11 ] ], 
  [ [ -1, 0, 1, 0 ], [ 0, -1, -1, 3 ], [ -3, 0, 2, 0 ], [ -1, -1, 0, 2 ] ], 
  [ [ 0, -2, -3, 1 ], [ 34, 0, -3, -8 ], [ -6, -3, -4, 3 ], 
      [ 15, -3, -6, -2 ] ], 
  [ [ -14, 5, 6, -11 ], [ -85, -14, 60, 7 ], [ -7, 10, -1, -18 ], 
      [ -59, 1, 36, -13 ] ], 
  [ [ -7, -6, 7, 7 ], [ 102, -7, -49, 28 ], [ -28, -8, 19, 6 ], 
      [ 36, -12, -12, 23 ] ] ])),rec(TheMatrixStab:=Group([ [ [ -1, 0, 0, 0 ], [ 0, -1, 0, 0 ], [ 0, 0, -1, 0 ], [ 0, 0, 0, -1 ] ], 
  [ [ 1, 0, 0, 0 ], [ 0, 1, 0, 0 ], [ 0, 0, 1, 0 ], [ 0, 0, 0, 1 ] ] ]),TheRotSubgroup:=Group([ [ [ -1, 0, 0, 0 ], [ 0, -1, 0, 0 ], [ 0, 0, -1, 0 ], [ 0, 0, 0, -1 ] ], 
  [ [ 1, 0, 0, 0 ], [ 0, 1, 0, 0 ], [ 0, 0, 1, 0 ], [ 0, 0, 0, 1 ] ] ]),BoundaryImage:=rec(ListIFace:=[ 10, 17, 13, 12, 16, 11 ],ListSign:=[ 1, 1, -1, -1, 1, 1 ],ListElt:=[ [ [ 1, 0, 0, 0 ], [ 0, 1, 0, 0 ], [ 0, 0, 1, 0 ], [ 0, 0, 0, 1 ] ], 
  [ [ -3, 2, 0, -4 ], [ -34, -3, 24, -4 ], [ 2, 4, -5, -6 ], 
      [ -22, 2, 12, -9 ] ], 
  [ [ -14, -5, 11, 5 ], [ 85, -14, -41, 38 ], [ -40, -5, 26, 0 ], 
      [ 15, -15, 0, 26 ] ], 
  [ [ 1, 0, 0, 0 ], [ 0, 1, 0, 0 ], [ 0, 0, 1, 0 ], [ 0, 0, 0, 1 ] ], 
  [ [ 12, 1, -1, -5 ], [ -17, 12, 31, -8 ], [ 22, -1, -8, -6 ], 
      [ 13, 7, 12, -12 ] ], 
  [ [ -14, -5, 11, 5 ], [ 85, -14, -41, 38 ], [ -40, -5, 26, 0 ], 
      [ 15, -15, 0, 26 ] ] ]))]];