HAP_GCOMPLEX_SETUP:=[false]; 
HAP_GCOMPLEX_LIST:=[[rec(TheMatrixStab:=Group([ [ [ -1, 0, 0, 0 ], [ 0, -1, 0, 0 ], [ 0, 0, -1, 0 ], [ 0, 0, 0, -1 ] ], 
  [ [ -1, 0, 0, 1 ], [ 0, -1, -2, 1 ], [ -1, 1, 1, 0 ], [ -2, 0, 0, 1 ] ], 
  [ [ -1, 0, 1, 0 ], [ 0, -1, 0, 1 ], [ -1, 0, 0, 0 ], [ 0, -1, 0, 0 ] ], 
  [ [ -1, 1, 1, 0 ], [ -2, 0, 0, 1 ], [ 0, 1, 1, -1 ], [ -2, 1, 2, 0 ] ], 
  [ [ 0, -1, -1, 1 ], [ 2, -1, -2, 0 ], [ -1, 0, 0, 1 ], [ 0, -1, -2, 1 ] ], 
  [ [ 0, 0, -1, 0 ], [ 0, 0, 0, -1 ], [ 1, 0, -1, 0 ], [ 0, 1, 0, -1 ] ], 
  [ [ 0, 0, 1, 0 ], [ 0, 0, 0, 1 ], [ -1, 0, 1, 0 ], [ 0, -1, 0, 1 ] ], 
  [ [ 0, 1, 1, -1 ], [ -2, 1, 2, 0 ], [ 1, 0, 0, -1 ], [ 0, 1, 2, -1 ] ], 
  [ [ 1, -1, -1, 0 ], [ 2, 0, 0, -1 ], [ 0, -1, -1, 1 ], [ 2, -1, -2, 0 ] ], 
  [ [ 1, 0, -1, 0 ], [ 0, 1, 0, -1 ], [ 1, 0, 0, 0 ], [ 0, 1, 0, 0 ] ], 
  [ [ 1, 0, 0, -1 ], [ 0, 1, 2, -1 ], [ 1, -1, -1, 0 ], [ 2, 0, 0, -1 ] ], 
  [ [ 1, 0, 0, 0 ], [ 0, 1, 0, 0 ], [ 0, 0, 1, 0 ], [ 0, 0, 0, 1 ] ] ]),TheRotSubgroup:=Group([ [ [ -1, 0, 0, 0 ], [ 0, -1, 0, 0 ], [ 0, 0, -1, 0 ], [ 0, 0, 0, -1 ] ], 
  [ [ -1, 0, 0, 1 ], [ 0, -1, -2, 1 ], [ -1, 1, 1, 0 ], [ -2, 0, 0, 1 ] ], 
  [ [ -1, 0, 1, 0 ], [ 0, -1, 0, 1 ], [ -1, 0, 0, 0 ], [ 0, -1, 0, 0 ] ], 
  [ [ -1, 1, 1, 0 ], [ -2, 0, 0, 1 ], [ 0, 1, 1, -1 ], [ -2, 1, 2, 0 ] ], 
  [ [ 0, -1, -1, 1 ], [ 2, -1, -2, 0 ], [ -1, 0, 0, 1 ], [ 0, -1, -2, 1 ] ], 
  [ [ 0, 0, -1, 0 ], [ 0, 0, 0, -1 ], [ 1, 0, -1, 0 ], [ 0, 1, 0, -1 ] ], 
  [ [ 0, 0, 1, 0 ], [ 0, 0, 0, 1 ], [ -1, 0, 1, 0 ], [ 0, -1, 0, 1 ] ], 
  [ [ 0, 1, 1, -1 ], [ -2, 1, 2, 0 ], [ 1, 0, 0, -1 ], [ 0, 1, 2, -1 ] ], 
  [ [ 1, -1, -1, 0 ], [ 2, 0, 0, -1 ], [ 0, -1, -1, 1 ], [ 2, -1, -2, 0 ] ], 
  [ [ 1, 0, -1, 0 ], [ 0, 1, 0, -1 ], [ 1, 0, 0, 0 ], [ 0, 1, 0, 0 ] ], 
  [ [ 1, 0, 0, -1 ], [ 0, 1, 2, -1 ], [ 1, -1, -1, 0 ], [ 2, 0, 0, -1 ] ], 
  [ [ 1, 0, 0, 0 ], [ 0, 1, 0, 0 ], [ 0, 0, 1, 0 ], [ 0, 0, 0, 1 ] ] ]),BoundaryImage:=rec(ListIFace:=[  ],ListSign:=[  ],ListElt:=[  ]))],[rec(TheMatrixStab:=Group([ [ [ -3, 1, 2, 1 ], [ -2, -2, -2, 3 ], [ -1, 2, 3, -1 ], [ -4, 1, 2, 2 ] ], 
  [ [ -2, -1, -1, 2 ], [ 2, -3, -4, 1 ], [ -3, 1, 2, 1 ], [ -2, -2, -2, 3 ] ],
  [ [ -1, 0, 0, 0 ], [ 0, -1, 0, 0 ], [ 0, 0, -1, 0 ], [ 0, 0, 0, -1 ] ], 
  [ [ -1, 0, 1, 0 ], [ 0, -1, 0, 1 ], [ -1, 0, 0, 0 ], [ 0, -1, 0, 0 ] ], 
  [ [ -1, 2, 3, -1 ], [ -4, 1, 2, 2 ], [ 2, 1, 1, -2 ], [ -2, 3, 4, -1 ] ], 
  [ [ 0, 0, -1, 0 ], [ 0, 0, 0, -1 ], [ 1, 0, -1, 0 ], [ 0, 1, 0, -1 ] ], 
  [ [ 0, 0, 1, 0 ], [ 0, 0, 0, 1 ], [ -1, 0, 1, 0 ], [ 0, -1, 0, 1 ] ], 
  [ [ 1, -2, -3, 1 ], [ 4, -1, -2, -2 ], [ -2, -1, -1, 2 ], [ 2, -3, -4, 1 ] ]
    , [ [ 1, 0, -1, 0 ], [ 0, 1, 0, -1 ], [ 1, 0, 0, 0 ], [ 0, 1, 0, 0 ] ], 
  [ [ 1, 0, 0, 0 ], [ 0, 1, 0, 0 ], [ 0, 0, 1, 0 ], [ 0, 0, 0, 1 ] ], 
  [ [ 2, 1, 1, -2 ], [ -2, 3, 4, -1 ], [ 3, -1, -2, -1 ], [ 2, 2, 2, -3 ] ], 
  [ [ 3, -1, -2, -1 ], [ 2, 2, 2, -3 ], [ 1, -2, -3, 1 ], [ 4, -1, -2, -2 ] ] 
 ]),TheRotSubgroup:=Group([ [ [ -1, 0, 0, 0 ], [ 0, -1, 0, 0 ], [ 0, 0, -1, 0 ], [ 0, 0, 0, -1 ] ], 
  [ [ -1, 0, 1, 0 ], [ 0, -1, 0, 1 ], [ -1, 0, 0, 0 ], [ 0, -1, 0, 0 ] ], 
  [ [ 0, 0, -1, 0 ], [ 0, 0, 0, -1 ], [ 1, 0, -1, 0 ], [ 0, 1, 0, -1 ] ], 
  [ [ 0, 0, 1, 0 ], [ 0, 0, 0, 1 ], [ -1, 0, 1, 0 ], [ 0, -1, 0, 1 ] ], 
  [ [ 1, 0, -1, 0 ], [ 0, 1, 0, -1 ], [ 1, 0, 0, 0 ], [ 0, 1, 0, 0 ] ], 
  [ [ 1, 0, 0, 0 ], [ 0, 1, 0, 0 ], [ 0, 0, 1, 0 ], [ 0, 0, 0, 1 ] ] ]),BoundaryImage:=rec(ListIFace:=[ 1, 1 ],ListSign:=[ -1, 1 ],ListElt:=[ [ [ -1, 1, 1, 0 ], [ -2, 0, 0, 1 ], [ 0, 1, 1, -1 ], [ -2, 1, 2, 0 ] ], 
  [ [ -3, 1, 2, 1 ], [ -2, -2, -2, 3 ], [ -1, 2, 3, -1 ], [ -4, 1, 2, 2 ] ] ])),rec(TheMatrixStab:=Group([ [ [ -1, 0, 0, 0 ], [ 0, -1, 0, 0 ], [ -2, 1, 1, 0 ], [ -2, -1, 0, 1 ] ], 
  [ [ -1, 0, 0, 0 ], [ 0, -1, 0, 0 ], [ 0, 0, -1, 0 ], [ 0, 0, 0, -1 ] ], 
  [ [ 0, -1, -1, 1 ], [ 2, -1, -2, 0 ], [ -1, -1, 0, 1 ], [ 2, -2, -2, 1 ] ], 
  [ [ 0, -1, -1, 1 ], [ 2, -1, -2, 0 ], [ -1, 0, 0, 1 ], [ 0, -1, -2, 1 ] ], 
  [ [ 0, 1, 1, -1 ], [ -2, 1, 2, 0 ], [ 1, 0, 0, -1 ], [ 0, 1, 2, -1 ] ], 
  [ [ 0, 1, 1, -1 ], [ -2, 1, 2, 0 ], [ 1, 1, 0, -1 ], [ -2, 2, 2, -1 ] ], 
  [ [ 1, 0, 0, 0 ], [ 0, 1, 0, 0 ], [ 0, 0, 1, 0 ], [ 0, 0, 0, 1 ] ], 
  [ [ 1, 0, 0, 0 ], [ 0, 1, 0, 0 ], [ 2, -1, -1, 0 ], [ 2, 1, 0, -1 ] ] ]),TheRotSubgroup:=Group([ [ [ -1, 0, 0, 0 ], [ 0, -1, 0, 0 ], [ 0, 0, -1, 0 ], [ 0, 0, 0, -1 ] ], 
  [ [ 0, -1, -1, 1 ], [ 2, -1, -2, 0 ], [ -1, 0, 0, 1 ], [ 0, -1, -2, 1 ] ], 
  [ [ 0, 1, 1, -1 ], [ -2, 1, 2, 0 ], [ 1, 0, 0, -1 ], [ 0, 1, 2, -1 ] ], 
  [ [ 1, 0, 0, 0 ], [ 0, 1, 0, 0 ], [ 0, 0, 1, 0 ], [ 0, 0, 0, 1 ] ] ]),BoundaryImage:=rec(ListIFace:=[ 1, 1 ],ListSign:=[ -1, 1 ],ListElt:=[ [ [ 0, 1, 1, -1 ], [ -2, 1, 2, 0 ], [ 1, 1, 0, -1 ], [ -2, 2, 2, -1 ] ], 
  [ [ 0, 0, 1, 0 ], [ 0, 0, 0, 1 ], [ -1, 0, 1, 0 ], [ 0, -1, 0, 1 ] ] ]))],[rec(TheMatrixStab:=Group([ [ [ -3, 1, 2, 1 ], [ -2, -2, -2, 3 ], [ -1, 2, 3, -1 ], [ -4, 1, 2, 2 ] ], 
  [ [ -1, -2, -2, 2 ], [ 4, -3, -4, 0 ], [ -4, 0, 1, 2 ], [ 0, -4, -4, 3 ] ], 
  [ [ -1, -1, 0, 1 ], [ 2, -2, -2, 1 ], [ -3, 0, 1, 1 ], [ 0, -3, -2, 2 ] ], 
  [ [ -1, 0, 0, 0 ], [ 0, -1, 0, 0 ], [ 0, 0, -1, 0 ], [ 0, 0, 0, -1 ] ], 
  [ [ 1, 0, 0, 0 ], [ 0, 1, 0, 0 ], [ 0, 0, 1, 0 ], [ 0, 0, 0, 1 ] ], 
  [ [ 1, 1, 0, -1 ], [ -2, 2, 2, -1 ], [ 3, 0, -1, -1 ], [ 0, 3, 2, -2 ] ], 
  [ [ 1, 2, 2, -2 ], [ -4, 3, 4, 0 ], [ 4, 0, -1, -2 ], [ 0, 4, 4, -3 ] ], 
  [ [ 3, -1, -2, -1 ], [ 2, 2, 2, -3 ], [ 1, -2, -3, 1 ], [ 4, -1, -2, -2 ] ] 
 ]),TheRotSubgroup:=Group([ [ [ -1, -2, -2, 2 ], [ 4, -3, -4, 0 ], [ -4, 0, 1, 2 ], [ 0, -4, -4, 3 ] ], 
  [ [ -1, 0, 0, 0 ], [ 0, -1, 0, 0 ], [ 0, 0, -1, 0 ], [ 0, 0, 0, -1 ] ], 
  [ [ 1, 0, 0, 0 ], [ 0, 1, 0, 0 ], [ 0, 0, 1, 0 ], [ 0, 0, 0, 1 ] ], 
  [ [ 1, 2, 2, -2 ], [ -4, 3, 4, 0 ], [ 4, 0, -1, -2 ], [ 0, 4, 4, -3 ] ] ]),BoundaryImage:=rec(ListIFace:=[ 1, 2, 2, 2, 1, 2 ],ListSign:=[ 1, -1, 1, 1, -1, -1 ],ListElt:=[ [ [ 2, 1, 1, -2 ], [ -2, 3, 4, -1 ], [ 3, -1, -2, -1 ], [ 2, 2, 2, -3 ] ], 
  [ [ -1, 0, 0, 0 ], [ 0, -1, 0, 0 ], [ 0, 0, -1, 0 ], [ 0, 0, 0, -1 ] ], 
  [ [ -1, -1, 0, 1 ], [ 2, -2, -2, 1 ], [ -3, 0, 1, 1 ], [ 0, -3, -2, 2 ] ], 
  [ [ 3, -1, -2, -1 ], [ 2, 2, 2, -3 ], [ 1, -2, -3, 1 ], [ 4, -1, -2, -2 ] ],
  [ [ 3, 0, -1, -2 ], [ 0, 3, 4, -3 ], [ 3, -2, -4, 0 ], [ 4, 1, 0, -4 ] ], 
  [ [ -1, -2, -2, 2 ], [ 4, -3, -4, 0 ], [ -4, 0, 1, 2 ], [ 0, -4, -4, 3 ] ] ]))]];