HAP_GCOMPLEX_SETUP:=[false]; 
HAP_GCOMPLEX_LIST:=[[rec(TheMatrixStab:=Group([ [ [ -1, 0, 0, 0 ], [ 0, -1, 0, 0 ], [ 0, 0, -1, 0 ], [ 0, 0, 0, -1 ] ], 
  [ [ -1, 0, 1, 0 ], [ 0, -1, 1, 2 ], [ -2, 0, 1, 0 ], [ 1, -1, 0, 1 ] ], 
  [ [ 1, 0, -1, 0 ], [ 0, 1, -1, -2 ], [ 2, 0, -1, 0 ], [ -1, 1, 0, -1 ] ], 
  [ [ 1, 0, 0, 0 ], [ 0, 1, 0, 0 ], [ 0, 0, 1, 0 ], [ 0, 0, 0, 1 ] ] ]),TheRotSubgroup:=Group([ [ [ -1, 0, 0, 0 ], [ 0, -1, 0, 0 ], [ 0, 0, -1, 0 ], [ 0, 0, 0, -1 ] ], 
  [ [ -1, 0, 1, 0 ], [ 0, -1, 1, 2 ], [ -2, 0, 1, 0 ], [ 1, -1, 0, 1 ] ], 
  [ [ 1, 0, -1, 0 ], [ 0, 1, -1, -2 ], [ 2, 0, -1, 0 ], [ -1, 1, 0, -1 ] ], 
  [ [ 1, 0, 0, 0 ], [ 0, 1, 0, 0 ], [ 0, 0, 1, 0 ], [ 0, 0, 0, 1 ] ] ]),BoundaryImage:=rec(ListIFace:=[  ],ListSign:=[  ],ListElt:=[  ])),rec(TheMatrixStab:=Group([ [ [ -1, 0, 0, 0 ], [ 0, -1, 0, 0 ], [ 0, 0, -1, 0 ], [ 0, 0, 0, -1 ] ], 
  [ [ -1, 0, 1, 0 ], [ 0, -1, 1, 2 ], [ -2, 0, 1, 0 ], [ 1, -1, 0, 1 ] ], 
  [ [ 1, 0, -1, 0 ], [ 0, 1, -1, -2 ], [ 2, 0, -1, 0 ], [ -1, 1, 0, -1 ] ], 
  [ [ 1, 0, 0, 0 ], [ 0, 1, 0, 0 ], [ 0, 0, 1, 0 ], [ 0, 0, 0, 1 ] ] ]),TheRotSubgroup:=Group([ [ [ -1, 0, 0, 0 ], [ 0, -1, 0, 0 ], [ 0, 0, -1, 0 ], [ 0, 0, 0, -1 ] ], 
  [ [ -1, 0, 1, 0 ], [ 0, -1, 1, 2 ], [ -2, 0, 1, 0 ], [ 1, -1, 0, 1 ] ], 
  [ [ 1, 0, -1, 0 ], [ 0, 1, -1, -2 ], [ 2, 0, -1, 0 ], [ -1, 1, 0, -1 ] ], 
  [ [ 1, 0, 0, 0 ], [ 0, 1, 0, 0 ], [ 0, 0, 1, 0 ], [ 0, 0, 0, 1 ] ] ]),BoundaryImage:=rec(ListIFace:=[  ],ListSign:=[  ],ListElt:=[  ])),rec(TheMatrixStab:=Group([ [ [ -1, 0, 0, 0 ], [ 0, -1, 0, 0 ], [ 0, 0, -1, 0 ], [ 0, 0, 0, -1 ] ], 
  [ [ 1, 0, 0, 0 ], [ 0, 1, 0, 0 ], [ 0, 0, 1, 0 ], [ 0, 0, 0, 1 ] ] ]),TheRotSubgroup:=Group([ [ [ -1, 0, 0, 0 ], [ 0, -1, 0, 0 ], [ 0, 0, -1, 0 ], [ 0, 0, 0, -1 ] ], 
  [ [ 1, 0, 0, 0 ], [ 0, 1, 0, 0 ], [ 0, 0, 1, 0 ], [ 0, 0, 0, 1 ] ] ]),BoundaryImage:=rec(ListIFace:=[  ],ListSign:=[  ],ListElt:=[  ])),rec(TheMatrixStab:=Group([ [ [ -1, 0, 0, 0 ], [ 0, -1, 0, 0 ], [ 0, 0, -1, 0 ], [ 0, 0, 0, -1 ] ], 
  [ [ 1, 0, 0, 0 ], [ 0, 1, 0, 0 ], [ 0, 0, 1, 0 ], [ 0, 0, 0, 1 ] ] ]),TheRotSubgroup:=Group([ [ [ -1, 0, 0, 0 ], [ 0, -1, 0, 0 ], [ 0, 0, -1, 0 ], [ 0, 0, 0, -1 ] ], 
  [ [ 1, 0, 0, 0 ], [ 0, 1, 0, 0 ], [ 0, 0, 1, 0 ], [ 0, 0, 0, 1 ] ] ]),BoundaryImage:=rec(ListIFace:=[  ],ListSign:=[  ],ListElt:=[  ])),rec(TheMatrixStab:=Group([ [ [ -1, 0, 0, 0 ], [ 0, -1, 0, 0 ], [ 0, 0, -1, 0 ], [ 0, 0, 0, -1 ] ], 
  [ [ -1, 0, 1, 0 ], [ 0, -1, 1, 2 ], [ -2, 0, 1, 0 ], [ 1, -1, 0, 1 ] ], 
  [ [ 1, 0, -1, 0 ], [ 0, 1, -1, -2 ], [ 2, 0, -1, 0 ], [ -1, 1, 0, -1 ] ], 
  [ [ 1, 0, 0, 0 ], [ 0, 1, 0, 0 ], [ 0, 0, 1, 0 ], [ 0, 0, 0, 1 ] ] ]),TheRotSubgroup:=Group([ [ [ -1, 0, 0, 0 ], [ 0, -1, 0, 0 ], [ 0, 0, -1, 0 ], [ 0, 0, 0, -1 ] ], 
  [ [ -1, 0, 1, 0 ], [ 0, -1, 1, 2 ], [ -2, 0, 1, 0 ], [ 1, -1, 0, 1 ] ], 
  [ [ 1, 0, -1, 0 ], [ 0, 1, -1, -2 ], [ 2, 0, -1, 0 ], [ -1, 1, 0, -1 ] ], 
  [ [ 1, 0, 0, 0 ], [ 0, 1, 0, 0 ], [ 0, 0, 1, 0 ], [ 0, 0, 0, 1 ] ] ]),BoundaryImage:=rec(ListIFace:=[  ],ListSign:=[  ],ListElt:=[  ]))],[rec(TheMatrixStab:=Group([ [ [ -1, 0, 0, 0 ], [ 0, -1, 0, 0 ], [ 0, 0, -1, 0 ], [ 0, 0, 0, -1 ] ], 
  [ [ -1, 0, 1, 0 ], [ 0, -1, 1, 2 ], [ -2, 0, 1, 0 ], [ 1, -1, 0, 1 ] ], 
  [ [ 1, 0, -1, 0 ], [ 0, 1, -1, -2 ], [ 2, 0, -1, 0 ], [ -1, 1, 0, -1 ] ], 
  [ [ 1, 0, 0, 0 ], [ 0, 1, 0, 0 ], [ 0, 0, 1, 0 ], [ 0, 0, 0, 1 ] ] ]),TheRotSubgroup:=Group([ [ [ -1, 0, 0, 0 ], [ 0, -1, 0, 0 ], [ 0, 0, -1, 0 ], [ 0, 0, 0, -1 ] ], 
  [ [ -1, 0, 1, 0 ], [ 0, -1, 1, 2 ], [ -2, 0, 1, 0 ], [ 1, -1, 0, 1 ] ], 
  [ [ 1, 0, -1, 0 ], [ 0, 1, -1, -2 ], [ 2, 0, -1, 0 ], [ -1, 1, 0, -1 ] ], 
  [ [ 1, 0, 0, 0 ], [ 0, 1, 0, 0 ], [ 0, 0, 1, 0 ], [ 0, 0, 0, 1 ] ] ]),BoundaryImage:=rec(ListIFace:=[ 1, 2 ],ListSign:=[ -1, 1 ],ListElt:=[ [ [ 1, 0, -1, 0 ], [ 0, 1, -1, -2 ], [ 2, 0, -1, 0 ], [ -1, 1, 0, -1 ] ], 
  [ [ 1, 0, -1, 0 ], [ 0, 1, -1, -2 ], [ 2, 0, -1, 0 ], [ -1, 1, 0, -1 ] ] ])),rec(TheMatrixStab:=Group([ [ [ -1, 0, 0, 0 ], [ 0, -1, 0, 0 ], [ 0, 0, -1, 0 ], [ 0, 0, 0, -1 ] ], 
  [ [ 1, 0, 0, 0 ], [ 0, 1, 0, 0 ], [ 0, 0, 1, 0 ], [ 0, 0, 0, 1 ] ] ]),TheRotSubgroup:=Group([ [ [ -1, 0, 0, 0 ], [ 0, -1, 0, 0 ], [ 0, 0, -1, 0 ], [ 0, 0, 0, -1 ] ], 
  [ [ 1, 0, 0, 0 ], [ 0, 1, 0, 0 ], [ 0, 0, 1, 0 ], [ 0, 0, 0, 1 ] ] ]),BoundaryImage:=rec(ListIFace:=[ 1, 3 ],ListSign:=[ -1, 1 ],ListElt:=[ [ [ -1, 0, 0, 0 ], [ 0, -1, 0, 0 ], [ 0, 0, -1, 0 ], [ 0, 0, 0, -1 ] ], 
  [ [ -1, 0, 0, 0 ], [ 0, -1, 0, 0 ], [ 0, 0, -1, 0 ], [ 0, 0, 0, -1 ] ] ])),rec(TheMatrixStab:=Group([ [ [ -1, 0, 0, 0 ], [ 0, -1, 0, 0 ], [ 0, 0, -1, 0 ], [ 0, 0, 0, -1 ] ], 
  [ [ 1, 0, 0, 0 ], [ 0, 1, 0, 0 ], [ 0, 0, 1, 0 ], [ 0, 0, 0, 1 ] ] ]),TheRotSubgroup:=Group([ [ [ -1, 0, 0, 0 ], [ 0, -1, 0, 0 ], [ 0, 0, -1, 0 ], [ 0, 0, 0, -1 ] ], 
  [ [ 1, 0, 0, 0 ], [ 0, 1, 0, 0 ], [ 0, 0, 1, 0 ], [ 0, 0, 0, 1 ] ] ]),BoundaryImage:=rec(ListIFace:=[ 1, 4 ],ListSign:=[ -1, 1 ],ListElt:=[ [ [ -1, 0, 1, 0 ], [ 0, -1, 1, 2 ], [ -2, 0, 1, 0 ], [ 1, -1, 0, 1 ] ], 
  [ [ -1, 0, 0, 0 ], [ 0, -1, 0, 0 ], [ 0, 0, -1, 0 ], [ 0, 0, 0, -1 ] ] ])),rec(TheMatrixStab:=Group([ [ [ -1, 0, 0, 0 ], [ 0, -1, 0, 0 ], [ -2, 0, 1, 0 ], [ 1, -1, 0, 1 ] ], 
  [ [ -1, 0, 0, 0 ], [ 0, -1, 0, 0 ], [ 0, 0, -1, 0 ], [ 0, 0, 0, -1 ] ], 
  [ [ -1, 0, 1, 0 ], [ 0, -1, 1, 2 ], [ -2, 0, 1, 0 ], [ 1, -1, 0, 1 ] ], 
  [ [ -1, 0, 1, 0 ], [ 0, -1, 1, 2 ], [ 0, 0, 1, 0 ], [ 0, 0, 0, 1 ] ], 
  [ [ 1, 0, -1, 0 ], [ 0, 1, -1, -2 ], [ 0, 0, -1, 0 ], [ 0, 0, 0, -1 ] ], 
  [ [ 1, 0, -1, 0 ], [ 0, 1, -1, -2 ], [ 2, 0, -1, 0 ], [ -1, 1, 0, -1 ] ], 
  [ [ 1, 0, 0, 0 ], [ 0, 1, 0, 0 ], [ 0, 0, 1, 0 ], [ 0, 0, 0, 1 ] ], 
  [ [ 1, 0, 0, 0 ], [ 0, 1, 0, 0 ], [ 2, 0, -1, 0 ], [ -1, 1, 0, -1 ] ] ]),TheRotSubgroup:=Group([ [ [ -1, 0, 0, 0 ], [ 0, -1, 0, 0 ], [ 0, 0, -1, 0 ], [ 0, 0, 0, -1 ] ], 
  [ [ -1, 0, 1, 0 ], [ 0, -1, 1, 2 ], [ -2, 0, 1, 0 ], [ 1, -1, 0, 1 ] ], 
  [ [ 1, 0, -1, 0 ], [ 0, 1, -1, -2 ], [ 2, 0, -1, 0 ], [ -1, 1, 0, -1 ] ], 
  [ [ 1, 0, 0, 0 ], [ 0, 1, 0, 0 ], [ 0, 0, 1, 0 ], [ 0, 0, 0, 1 ] ] ]),BoundaryImage:=rec(ListIFace:=[ 1, 1 ],ListSign:=[ -1, 1 ],ListElt:=[ [ [ 1, 0, 0, 0 ], [ 0, 1, 0, 0 ], [ 0, 0, 1, 0 ], [ 0, 0, 0, 1 ] ], 
  [ [ -1, 0, 1, 0 ], [ 0, -1, 1, 2 ], [ 0, 0, 1, 0 ], [ 0, 0, 0, 1 ] ] ])),rec(TheMatrixStab:=Group([ [ [ -1, 0, 0, 0 ], [ 0, -1, 0, 0 ], [ 0, 0, -1, 0 ], [ 0, 0, 0, -1 ] ], 
  [ [ 1, 0, 0, 0 ], [ 0, 1, 0, 0 ], [ 0, 0, 1, 0 ], [ 0, 0, 0, 1 ] ] ]),TheRotSubgroup:=Group([ [ [ -1, 0, 0, 0 ], [ 0, -1, 0, 0 ], [ 0, 0, -1, 0 ], [ 0, 0, 0, -1 ] ], 
  [ [ 1, 0, 0, 0 ], [ 0, 1, 0, 0 ], [ 0, 0, 1, 0 ], [ 0, 0, 0, 1 ] ] ]),BoundaryImage:=rec(ListIFace:=[ 2, 4 ],ListSign:=[ -1, 1 ],ListElt:=[ [ [ 1, 0, 0, 0 ], [ 0, 1, 0, 0 ], [ 0, 0, 1, 0 ], [ 0, 0, 0, 1 ] ], 
  [ [ 6, 0, -4, -1 ], [ 0, 6, 7, -7 ], [ 7, -1, -6, 0 ], [ 7, 4, 0, -6 ] ] ])),rec(TheMatrixStab:=Group([ [ [ -1, 0, 0, 0 ], [ 0, -1, 0, 0 ], [ 0, 0, -1, 0 ], [ 0, 0, 0, -1 ] ], 
  [ [ 1, 0, 0, 0 ], [ 0, 1, 0, 0 ], [ 0, 0, 1, 0 ], [ 0, 0, 0, 1 ] ] ]),TheRotSubgroup:=Group([ [ [ -1, 0, 0, 0 ], [ 0, -1, 0, 0 ], [ 0, 0, -1, 0 ], [ 0, 0, 0, -1 ] ], 
  [ [ 1, 0, 0, 0 ], [ 0, 1, 0, 0 ], [ 0, 0, 1, 0 ], [ 0, 0, 0, 1 ] ] ]),BoundaryImage:=rec(ListIFace:=[ 2, 3 ],ListSign:=[ -1, 1 ],ListElt:=[ [ [ 1, 0, 0, 0 ], [ 0, 1, 0, 0 ], [ 0, 0, 1, 0 ], [ 0, 0, 0, 1 ] ], 
  [ [ 4, 0, -3, -1 ], [ 0, 4, 8, -5 ], [ 5, -1, -6, 0 ], [ 8, 3, 0, -6 ] ] ])),rec(TheMatrixStab:=Group([ [ [ -1, 0, 0, 0 ], [ 0, -1, 0, 0 ], [ 0, 0, -1, 0 ], [ 0, 0, 0, -1 ] ], 
  [ [ -1, 0, 1, 0 ], [ 0, -1, 1, 2 ], [ -2, 0, 1, 0 ], [ 1, -1, 0, 1 ] ], 
  [ [ 1, 0, -1, 0 ], [ 0, 1, -1, -2 ], [ 2, 0, -1, 0 ], [ -1, 1, 0, -1 ] ], 
  [ [ 1, 0, 0, 0 ], [ 0, 1, 0, 0 ], [ 0, 0, 1, 0 ], [ 0, 0, 0, 1 ] ] ]),TheRotSubgroup:=Group([ [ [ -1, 0, 0, 0 ], [ 0, -1, 0, 0 ], [ 0, 0, -1, 0 ], [ 0, 0, 0, -1 ] ], 
  [ [ -1, 0, 1, 0 ], [ 0, -1, 1, 2 ], [ -2, 0, 1, 0 ], [ 1, -1, 0, 1 ] ], 
  [ [ 1, 0, -1, 0 ], [ 0, 1, -1, -2 ], [ 2, 0, -1, 0 ], [ -1, 1, 0, -1 ] ], 
  [ [ 1, 0, 0, 0 ], [ 0, 1, 0, 0 ], [ 0, 0, 1, 0 ], [ 0, 0, 0, 1 ] ] ]),BoundaryImage:=rec(ListIFace:=[ 2, 5 ],ListSign:=[ -1, 1 ],ListElt:=[ [ [ 1, 0, -1, 0 ], [ 0, 1, -1, -2 ], [ 2, 0, -1, 0 ], [ -1, 1, 0, -1 ] ], 
  [ [ -1, 0, 1, 0 ], [ 0, -1, 1, 2 ], [ -2, 0, 1, 0 ], [ 1, -1, 0, 1 ] ] ])),rec(TheMatrixStab:=Group([ [ [ -1, 0, 0, 0 ], [ 0, -1, 0, 0 ], [ 0, 0, -1, 0 ], [ 0, 0, 0, -1 ] ], 
  [ [ 1, 0, 0, 0 ], [ 0, 1, 0, 0 ], [ 0, 0, 1, 0 ], [ 0, 0, 0, 1 ] ] ]),TheRotSubgroup:=Group([ [ [ -1, 0, 0, 0 ], [ 0, -1, 0, 0 ], [ 0, 0, -1, 0 ], [ 0, 0, 0, -1 ] ], 
  [ [ 1, 0, 0, 0 ], [ 0, 1, 0, 0 ], [ 0, 0, 1, 0 ], [ 0, 0, 0, 1 ] ] ]),BoundaryImage:=rec(ListIFace:=[ 3, 5 ],ListSign:=[ -1, 1 ],ListElt:=[ [ [ -1, 0, 0, 0 ], [ 0, -1, 0, 0 ], [ 0, 0, -1, 0 ], [ 0, 0, 0, -1 ] ], 
  [ [ 22, 1, -12, -6 ], [ -21, 22, 54, -18 ], [ 18, -2, -15, -2 ], 
      [ 12, 10, 11, -13 ] ] ])),rec(TheMatrixStab:=Group([ [ [ -1, 0, 0, 0 ], [ 0, -1, 0, 0 ], [ 0, 0, -1, 0 ], [ 0, 0, 0, -1 ] ], 
  [ [ 1, 0, 0, 0 ], [ 0, 1, 0, 0 ], [ 0, 0, 1, 0 ], [ 0, 0, 0, 1 ] ] ]),TheRotSubgroup:=Group([ [ [ -1, 0, 0, 0 ], [ 0, -1, 0, 0 ], [ 0, 0, -1, 0 ], [ 0, 0, 0, -1 ] ], 
  [ [ 1, 0, 0, 0 ], [ 0, 1, 0, 0 ], [ 0, 0, 1, 0 ], [ 0, 0, 0, 1 ] ] ]),BoundaryImage:=rec(ListIFace:=[ 3, 3 ],ListSign:=[ -1, 1 ],ListElt:=[ [ [ -1, 0, 0, 0 ], [ 0, -1, 0, 0 ], [ 0, 0, -1, 0 ], [ 0, 0, 0, -1 ] ], 
  [ [ 3, -1, -5, 1 ], [ 21, 3, -16, -11 ], [ -1, -1, -1, 2 ], 
      [ 11, 0, -11, -3 ] ] ])),rec(TheMatrixStab:=Group([ [ [ -1, 0, 0, 0 ], [ 0, -1, 0, 0 ], [ 0, 0, -1, 0 ], [ 0, 0, 0, -1 ] ], 
  [ [ 1, 0, 0, 0 ], [ 0, 1, 0, 0 ], [ 0, 0, 1, 0 ], [ 0, 0, 0, 1 ] ] ]),TheRotSubgroup:=Group([ [ [ -1, 0, 0, 0 ], [ 0, -1, 0, 0 ], [ 0, 0, -1, 0 ], [ 0, 0, 0, -1 ] ], 
  [ [ 1, 0, 0, 0 ], [ 0, 1, 0, 0 ], [ 0, 0, 1, 0 ], [ 0, 0, 0, 1 ] ] ]),BoundaryImage:=rec(ListIFace:=[ 3, 4 ],ListSign:=[ -1, 1 ],ListElt:=[ [ [ -1, 0, 0, 0 ], [ 0, -1, 0, 0 ], [ 0, 0, -1, 0 ], [ 0, 0, 0, -1 ] ], 
  [ [ -3, 0, 2, 0 ], [ 0, -3, 2, 4 ], [ -2, 0, 1, 0 ], [ 1, -1, 0, 1 ] ] ])),rec(TheMatrixStab:=Group([ [ [ -1, 0, 0, 0 ], [ 0, -1, 0, 0 ], [ 0, 0, -1, 0 ], [ 0, 0, 0, -1 ] ], 
  [ [ 1, 0, 0, 0 ], [ 0, 1, 0, 0 ], [ 0, 0, 1, 0 ], [ 0, 0, 0, 1 ] ] ]),TheRotSubgroup:=Group([ [ [ -1, 0, 0, 0 ], [ 0, -1, 0, 0 ], [ 0, 0, -1, 0 ], [ 0, 0, 0, -1 ] ], 
  [ [ 1, 0, 0, 0 ], [ 0, 1, 0, 0 ], [ 0, 0, 1, 0 ], [ 0, 0, 0, 1 ] ] ]),BoundaryImage:=rec(ListIFace:=[ 4, 5 ],ListSign:=[ -1, 1 ],ListElt:=[ [ [ 1, 0, 0, 0 ], [ 0, 1, 0, 0 ], [ 0, 0, 1, 0 ], [ 0, 0, 0, 1 ] ], 
  [ [ -4, -5, -6, 6 ], [ 105, -4, -72, -18 ], [ -18, -6, 1, 10 ], 
      [ 72, -6, -55, -9 ] ] ])),rec(TheMatrixStab:=Group([ [ [ -1, 0, 0, 0 ], [ 0, -1, 0, 0 ], [ 0, 0, -1, 0 ], [ 0, 0, 0, -1 ] ], 
  [ [ 1, 0, 0, 0 ], [ 0, 1, 0, 0 ], [ 0, 0, 1, 0 ], [ 0, 0, 0, 1 ] ] ]),TheRotSubgroup:=Group([ [ [ -1, 0, 0, 0 ], [ 0, -1, 0, 0 ], [ 0, 0, -1, 0 ], [ 0, 0, 0, -1 ] ], 
  [ [ 1, 0, 0, 0 ], [ 0, 1, 0, 0 ], [ 0, 0, 1, 0 ], [ 0, 0, 0, 1 ] ] ]),BoundaryImage:=rec(ListIFace:=[ 4, 4 ],ListSign:=[ -1, 1 ],ListElt:=[ [ [ -1, 0, 0, 0 ], [ 0, -1, 0, 0 ], [ 0, 0, -1, 0 ], [ 0, 0, 0, -1 ] ], 
  [ [ -8, 0, 6, 1 ], [ 0, -8, -5, 11 ], [ -11, 1, 9, 0 ], [ -5, -6, 0, 9 ] ] ])),rec(TheMatrixStab:=Group([ [ [ -55, -12, 12, 24 ], [ 252, -55, -252, 0 ], [ -110, 0, 67, 24 ], 
      [ 55, -55, -132, 43 ] ], 
  [ [ -55, 12, 55, 0 ], [ -252, -55, 55, 110 ], [ 0, 24, 43, -24 ], 
      [ -252, -12, 132, 67 ] ], 
  [ [ -1, 0, 0, 0 ], [ 0, -1, 0, 0 ], [ 0, 0, -1, 0 ], [ 0, 0, 0, -1 ] ], 
  [ [ -1, 0, 1, 0 ], [ 0, -1, 1, 2 ], [ -2, 0, 1, 0 ], [ 1, -1, 0, 1 ] ], 
  [ [ 1, 0, -1, 0 ], [ 0, 1, -1, -2 ], [ 2, 0, -1, 0 ], [ -1, 1, 0, -1 ] ], 
  [ [ 1, 0, 0, 0 ], [ 0, 1, 0, 0 ], [ 0, 0, 1, 0 ], [ 0, 0, 0, 1 ] ], 
  [ [ 55, -12, -55, 0 ], [ 252, 55, -55, -110 ], [ 0, -24, -43, 24 ], 
      [ 252, 12, -132, -67 ] ], 
  [ [ 55, 12, -12, -24 ], [ -252, 55, 252, 0 ], [ 110, 0, -67, -24 ], 
      [ -55, 55, 132, -43 ] ] ]),TheRotSubgroup:=Group([ [ [ -1, 0, 0, 0 ], [ 0, -1, 0, 0 ], [ 0, 0, -1, 0 ], [ 0, 0, 0, -1 ] ], 
  [ [ -1, 0, 1, 0 ], [ 0, -1, 1, 2 ], [ -2, 0, 1, 0 ], [ 1, -1, 0, 1 ] ], 
  [ [ 1, 0, -1, 0 ], [ 0, 1, -1, -2 ], [ 2, 0, -1, 0 ], [ -1, 1, 0, -1 ] ], 
  [ [ 1, 0, 0, 0 ], [ 0, 1, 0, 0 ], [ 0, 0, 1, 0 ], [ 0, 0, 0, 1 ] ] ]),BoundaryImage:=rec(ListIFace:=[ 5, 5 ],ListSign:=[ -1, 1 ],ListElt:=[ [ [ -1, 0, 0, 0 ], [ 0, -1, 0, 0 ], [ 0, 0, -1, 0 ], [ 0, 0, 0, -1 ] ], 
  [ [ -55, -12, 12, 24 ], [ 252, -55, -252, 0 ], [ -110, 0, 67, 24 ], 
      [ 55, -55, -132, 43 ] ] ]))],[rec(TheMatrixStab:=Group([ [ [ -1, 0, 0, 0 ], [ 0, -1, 0, 0 ], [ 0, 0, -1, 0 ], [ 0, 0, 0, -1 ] ], 
  [ [ -1, 1, 3, -1 ], [ -21, -1, 14, 7 ], [ 3, 1, 0, -2 ], [ -12, 1, 11, 2 ] ]
    , 
  [ [ 1, -1, -3, 1 ], [ 21, 1, -14, -7 ], [ -3, -1, 0, 2 ], 
      [ 12, -1, -11, -2 ] ], 
  [ [ 1, 0, 0, 0 ], [ 0, 1, 0, 0 ], [ 0, 0, 1, 0 ], [ 0, 0, 0, 1 ] ] ]),TheRotSubgroup:=Group([ [ [ -1, 0, 0, 0 ], [ 0, -1, 0, 0 ], [ 0, 0, -1, 0 ], [ 0, 0, 0, -1 ] ], 
  [ [ -1, 1, 3, -1 ], [ -21, -1, 14, 7 ], [ 3, 1, 0, -2 ], [ -12, 1, 11, 2 ] ]
    , 
  [ [ 1, -1, -3, 1 ], [ 21, 1, -14, -7 ], [ -3, -1, 0, 2 ], 
      [ 12, -1, -11, -2 ] ], 
  [ [ 1, 0, 0, 0 ], [ 0, 1, 0, 0 ], [ 0, 0, 1, 0 ], [ 0, 0, 0, 1 ] ] ]),BoundaryImage:=rec(ListIFace:=[ 1, 6, 2, 6, 2, 1 ],ListSign:=[ 1, 1, -1, 1, -1, 1 ],ListElt:=[ [ [ 1, 0, 0, 0 ], [ 0, 1, 0, 0 ], [ 0, 0, 1, 0 ], [ 0, 0, 0, 1 ] ], 
  [ [ 1, 0, -1, 0 ], [ 0, 1, -1, -2 ], [ 2, 0, -1, 0 ], [ -1, 1, 0, -1 ] ], 
  [ [ 1, 0, 0, 0 ], [ 0, 1, 0, 0 ], [ 0, 0, 1, 0 ], [ 0, 0, 0, 1 ] ], 
  [ [ -6, 0, 3, 1 ], [ 0, -6, -8, 5 ], [ -5, 1, 4, 0 ], [ -8, -3, 0, 4 ] ], 
  [ [ -1, 1, 3, -1 ], [ -21, -1, 14, 7 ], [ 3, 1, 0, -2 ], [ -12, 1, 11, 2 ] ]
    , 
  [ [ -1, 1, 3, -1 ], [ -21, -1, 14, 7 ], [ 3, 1, 0, -2 ], [ -12, 1, 11, 2 ] 
     ] ])),rec(TheMatrixStab:=Group([ [ [ -6, 0, 4, 1 ], [ 0, -6, -7, 7 ], [ -7, 1, 6, 0 ], [ -7, -4, 0, 6 ] ], 
  [ [ -1, 0, 0, 0 ], [ 0, -1, 0, 0 ], [ 0, 0, -1, 0 ], [ 0, 0, 0, -1 ] ], 
  [ [ 1, 0, 0, 0 ], [ 0, 1, 0, 0 ], [ 0, 0, 1, 0 ], [ 0, 0, 0, 1 ] ], 
  [ [ 6, 0, -4, -1 ], [ 0, 6, 7, -7 ], [ 7, -1, -6, 0 ], [ 7, 4, 0, -6 ] ] ]),TheRotSubgroup:=Group([ [ [ -6, 0, 4, 1 ], [ 0, -6, -7, 7 ], [ -7, 1, 6, 0 ], [ -7, -4, 0, 6 ] ], 
  [ [ -1, 0, 0, 0 ], [ 0, -1, 0, 0 ], [ 0, 0, -1, 0 ], [ 0, 0, 0, -1 ] ], 
  [ [ 1, 0, 0, 0 ], [ 0, 1, 0, 0 ], [ 0, 0, 1, 0 ], [ 0, 0, 0, 1 ] ], 
  [ [ 6, 0, -4, -1 ], [ 0, 6, 7, -7 ], [ 7, -1, -6, 0 ], [ 7, 4, 0, -6 ] ] ]),BoundaryImage:=rec(ListIFace:=[ 1, 3, 5, 5, 3, 1 ],ListSign:=[ 1, -1, 1, 1, -1, 1 ],ListElt:=[ [ [ -1, 0, 0, 0 ], [ 0, -1, 0, 0 ], [ 0, 0, -1, 0 ], [ 0, 0, 0, -1 ] ], 
  [ [ -1, 0, 0, 0 ], [ 0, -1, 0, 0 ], [ 0, 0, -1, 0 ], [ 0, 0, 0, -1 ] ], 
  [ [ -6, 0, 4, 1 ], [ 0, -6, -7, 7 ], [ -7, 1, 6, 0 ], [ -7, -4, 0, 6 ] ], 
  [ [ -1, 0, 0, 0 ], [ 0, -1, 0, 0 ], [ 0, 0, -1, 0 ], [ 0, 0, 0, -1 ] ], 
  [ [ -6, 0, 4, 1 ], [ 0, -6, -7, 7 ], [ -7, 1, 6, 0 ], [ -7, -4, 0, 6 ] ], 
  [ [ 6, 0, -4, -1 ], [ 0, 6, 7, -7 ], [ 7, -1, -6, 0 ], [ 7, 4, 0, -6 ] ] ])),rec(TheMatrixStab:=Group([ [ [ -1, 0, 0, 0 ], [ 0, -1, 0, 0 ], [ 0, 0, -1, 0 ], [ 0, 0, 0, -1 ] ], 
  [ [ 1, 0, 0, 0 ], [ 0, 1, 0, 0 ], [ 0, 0, 1, 0 ], [ 0, 0, 0, 1 ] ] ]),TheRotSubgroup:=Group([ [ [ -1, 0, 0, 0 ], [ 0, -1, 0, 0 ], [ 0, 0, -1, 0 ], [ 0, 0, 0, -1 ] ], 
  [ [ 1, 0, 0, 0 ], [ 0, 1, 0, 0 ], [ 0, 0, 1, 0 ], [ 0, 0, 0, 1 ] ] ]),BoundaryImage:=rec(ListIFace:=[ 2, 3, 9, 8, 12, 11 ],ListSign:=[ 1, -1, -1, 1, 1, -1 ],ListElt:=[ [ [ 1, 0, 0, 0 ], [ 0, 1, 0, 0 ], [ 0, 0, 1, 0 ], [ 0, 0, 0, 1 ] ], 
  [ [ 1, 0, 0, 0 ], [ 0, 1, 0, 0 ], [ 0, 0, 1, 0 ], [ 0, 0, 0, 1 ] ], 
  [ [ -2, 1, 5, -1 ], [ -21, -2, 16, 11 ], [ 1, 1, 2, -2 ], [ -11, 0, 11, 4 ] 
     ], 
  [ [ -2, 1, 5, -1 ], [ -21, -2, 16, 11 ], [ 1, 1, 2, -2 ], [ -11, 0, 11, 4 ] 
     ], 
  [ [ 9, 0, -6, -1 ], [ 0, 9, 5, -11 ], [ 11, -1, -8, 0 ], [ 5, 6, 0, -8 ] ], 
  [ [ 9, 0, -6, -1 ], [ 0, 9, 5, -11 ], [ 11, -1, -8, 0 ], [ 5, 6, 0, -8 ] ] ])),rec(TheMatrixStab:=Group([ [ [ -1, 0, 0, 0 ], [ 0, -1, 0, 0 ], [ 0, 0, -1, 0 ], [ 0, 0, 0, -1 ] ], 
  [ [ 1, 0, 0, 0 ], [ 0, 1, 0, 0 ], [ 0, 0, 1, 0 ], [ 0, 0, 0, 1 ] ] ]),TheRotSubgroup:=Group([ [ [ -1, 0, 0, 0 ], [ 0, -1, 0, 0 ], [ 0, 0, -1, 0 ], [ 0, 0, 0, -1 ] ], 
  [ [ 1, 0, 0, 0 ], [ 0, 1, 0, 0 ], [ 0, 0, 1, 0 ], [ 0, 0, 0, 1 ] ] ]),BoundaryImage:=rec(ListIFace:=[ 2, 3, 12, 11, 8, 9 ],ListSign:=[ 1, -1, -1, -1, 1, 1 ],ListElt:=[ [ [ -1, 0, 0, 0 ], [ 0, -1, 0, 0 ], [ 0, 0, -1, 0 ], [ 0, 0, 0, -1 ] ], 
  [ [ 1, 0, -1, 0 ], [ 0, 1, -1, -2 ], [ 2, 0, -1, 0 ], [ -1, 1, 0, -1 ] ], 
  [ [ 1, 0, -1, 0 ], [ 0, 1, -1, -2 ], [ 2, 0, -1, 0 ], [ -1, 1, 0, -1 ] ], 
  [ [ -3, 1, 3, -1 ], [ -21, -3, 14, 7 ], [ 5, 1, -3, -2 ], 
      [ -13, 2, 11, -1 ] ], 
  [ [ 3, -1, -5, 1 ], [ 21, 3, -16, -11 ], [ -1, -1, -1, 2 ], 
      [ 11, 0, -11, -3 ] ], 
  [ [ -1, 0, 0, 0 ], [ 0, -1, 0, 0 ], [ 0, 0, -1, 0 ], [ 0, 0, 0, -1 ] ] ])),rec(TheMatrixStab:=Group([ [ [ -1, 0, 0, 0 ], [ 0, -1, 0, 0 ], [ 0, 0, -1, 0 ], [ 0, 0, 0, -1 ] ], 
  [ [ -1, 0, 2, 0 ], [ 0, -1, 2, 4 ], [ 0, 0, 1, 0 ], [ 0, 0, 0, 1 ] ], 
  [ [ 1, 0, -2, 0 ], [ 0, 1, -2, -4 ], [ 0, 0, -1, 0 ], [ 0, 0, 0, -1 ] ], 
  [ [ 1, 0, 0, 0 ], [ 0, 1, 0, 0 ], [ 0, 0, 1, 0 ], [ 0, 0, 0, 1 ] ] ]),TheRotSubgroup:=Group([ [ [ -1, 0, 0, 0 ], [ 0, -1, 0, 0 ], [ 0, 0, -1, 0 ], [ 0, 0, 0, -1 ] ], 
  [ [ -1, 0, 2, 0 ], [ 0, -1, 2, 4 ], [ 0, 0, 1, 0 ], [ 0, 0, 0, 1 ] ], 
  [ [ 1, 0, -2, 0 ], [ 0, 1, -2, -4 ], [ 0, 0, -1, 0 ], [ 0, 0, 0, -1 ] ], 
  [ [ 1, 0, 0, 0 ], [ 0, 1, 0, 0 ], [ 0, 0, 1, 0 ], [ 0, 0, 0, 1 ] ] ]),BoundaryImage:=rec(ListIFace:=[ 2, 10, 3, 4, 3, 10, 4, 2 ],ListSign:=[ 1, 1, -1, 1, -1, 1, 1, 1 ],ListElt:=[ [ [ -1, 0, 0, 0 ], [ 0, -1, 0, 0 ], [ 0, 0, -1, 0 ], [ 0, 0, 0, -1 ] ], 
  [ [ -1, 0, 0, 0 ], [ 0, -1, 0, 0 ], [ 0, 0, -1, 0 ], [ 0, 0, 0, -1 ] ], 
  [ [ -3, 0, 2, 0 ], [ 0, -3, 2, 4 ], [ -2, 0, 1, 0 ], [ 1, -1, 0, 1 ] ], 
  [ [ -1, 0, 1, 0 ], [ 0, -1, 1, 2 ], [ 0, 0, 1, 0 ], [ 0, 0, 0, 1 ] ], 
  [ [ -1, 0, 0, 0 ], [ 0, -1, 0, 0 ], [ -2, 0, 1, 0 ], [ 1, -1, 0, 1 ] ], 
  [ [ -1, 0, 2, 0 ], [ 0, -1, 2, 4 ], [ 0, 0, 1, 0 ], [ 0, 0, 0, 1 ] ], 
  [ [ -3, 0, 2, 0 ], [ 0, -3, 2, 4 ], [ -2, 0, 1, 0 ], [ 1, -1, 0, 1 ] ], 
  [ [ -1, 0, 2, 0 ], [ 0, -1, 2, 4 ], [ 0, 0, 1, 0 ], [ 0, 0, 0, 1 ] ] ])),rec(TheMatrixStab:=Group([ [ [ -1, 0, 0, 0 ], [ 0, -1, 0, 0 ], [ 0, 0, -1, 0 ], [ 0, 0, 0, -1 ] ], 
  [ [ 1, 0, 0, 0 ], [ 0, 1, 0, 0 ], [ 0, 0, 1, 0 ], [ 0, 0, 0, 1 ] ] ]),TheRotSubgroup:=Group([ [ [ -1, 0, 0, 0 ], [ 0, -1, 0, 0 ], [ 0, 0, -1, 0 ], [ 0, 0, 0, -1 ] ], 
  [ [ 1, 0, 0, 0 ], [ 0, 1, 0, 0 ], [ 0, 0, 1, 0 ], [ 0, 0, 0, 1 ] ] ]),BoundaryImage:=rec(ListIFace:=[ 5, 6, 9, 10, 12 ],ListSign:=[ 1, -1, -1, -1, 1 ],ListElt:=[ [ [ 1, 0, 0, 0 ], [ 0, 1, 0, 0 ], [ 0, 0, 1, 0 ], [ 0, 0, 0, 1 ] ], 
  [ [ 1, 0, 0, 0 ], [ 0, 1, 0, 0 ], [ 0, 0, 1, 0 ], [ 0, 0, 0, 1 ] ], 
  [ [ 4, 0, -3, -1 ], [ 0, 4, 8, -5 ], [ 5, -1, -6, 0 ], [ 8, 3, 0, -6 ] ], 
  [ [ -4, 1, 6, -1 ], [ -21, -4, 17, 13 ], [ 0, 2, 3, -4 ], 
      [ -21, -1, 22, 7 ] ], 
  [ [ 6, 0, -4, -1 ], [ 0, 6, 7, -7 ], [ 7, -1, -6, 0 ], [ 7, 4, 0, -6 ] ] ])),rec(TheMatrixStab:=Group([ [ [ -1, 0, 0, 0 ], [ 0, -1, 0, 0 ], [ 0, 0, -1, 0 ], [ 0, 0, 0, -1 ] ], 
  [ [ 1, 0, 0, 0 ], [ 0, 1, 0, 0 ], [ 0, 0, 1, 0 ], [ 0, 0, 0, 1 ] ] ]),TheRotSubgroup:=Group([ [ [ -1, 0, 0, 0 ], [ 0, -1, 0, 0 ], [ 0, 0, -1, 0 ], [ 0, 0, 0, -1 ] ], 
  [ [ 1, 0, 0, 0 ], [ 0, 1, 0, 0 ], [ 0, 0, 1, 0 ], [ 0, 0, 0, 1 ] ] ]),BoundaryImage:=rec(ListIFace:=[ 5, 6, 12, 9, 10 ],ListSign:=[ 1, -1, -1, 1, -1 ],ListElt:=[ [ [ -1, 0, 0, 0 ], [ 0, -1, 0, 0 ], [ 0, 0, -1, 0 ], [ 0, 0, 0, -1 ] ], 
  [ [ 1, 0, -1, 0 ], [ 0, 1, -1, -2 ], [ 2, 0, -1, 0 ], [ -1, 1, 0, -1 ] ], 
  [ [ -5, 2, 4, -2 ], [ -42, -5, 26, 10 ], [ 3, 3, -1, -4 ], 
      [ -33, 0, 22, 3 ] ], 
  [ [ 5, 0, -6, -2 ], [ 0, 5, 16, -10 ], [ 5, -1, -9, 0 ], [ 8, 3, 0, -9 ] ], 
  [ [ 5, 0, -6, -2 ], [ 0, 5, 16, -10 ], [ 5, -1, -9, 0 ], [ 8, 3, 0, -9 ] ] ])),rec(TheMatrixStab:=Group([ [ [ -24, 0, 15, 5 ], [ 0, -24, -40, 25 ], [ -25, 5, 24, 0 ], 
      [ -40, -15, 0, 24 ] ], 
  [ [ -1, 0, 0, 0 ], [ 0, -1, 0, 0 ], [ 0, 0, -1, 0 ], [ 0, 0, 0, -1 ] ], 
  [ [ 1, 0, 0, 0 ], [ 0, 1, 0, 0 ], [ 0, 0, 1, 0 ], [ 0, 0, 0, 1 ] ], 
  [ [ 24, 0, -15, -5 ], [ 0, 24, 40, -25 ], [ 25, -5, -24, 0 ], 
      [ 40, 15, 0, -24 ] ] ]),TheRotSubgroup:=Group([ [ [ -24, 0, 15, 5 ], [ 0, -24, -40, 25 ], [ -25, 5, 24, 0 ], 
      [ -40, -15, 0, 24 ] ], 
  [ [ -1, 0, 0, 0 ], [ 0, -1, 0, 0 ], [ 0, 0, -1, 0 ], [ 0, 0, 0, -1 ] ], 
  [ [ 1, 0, 0, 0 ], [ 0, 1, 0, 0 ], [ 0, 0, 1, 0 ], [ 0, 0, 0, 1 ] ], 
  [ [ 24, 0, -15, -5 ], [ 0, 24, 40, -25 ], [ 25, -5, -24, 0 ], 
      [ 40, 15, 0, -24 ] ] ]),BoundaryImage:=rec(ListIFace:=[ 5, 11, 7, 7, 5, 11 ],ListSign:=[ 1, 1, -1, -1, 1, 1 ],ListElt:=[ [ [ 1, 0, 0, 0 ], [ 0, 1, 0, 0 ], [ 0, 0, 1, 0 ], [ 0, 0, 0, 1 ] ], 
  [ [ 6, 0, -4, -1 ], [ 0, 6, 7, -7 ], [ 7, -1, -6, 0 ], [ 7, 4, 0, -6 ] ], 
  [ [ 1, 5, 9, -5 ], [ -105, 1, 64, 23 ], [ 23, 5, -4, -10 ], 
      [ -64, 9, 55, 6 ] ], 
  [ [ 1, 0, 0, 0 ], [ 0, 1, 0, 0 ], [ 0, 0, 1, 0 ], [ 0, 0, 0, 1 ] ], 
  [ [ 24, 0, -15, -5 ], [ 0, 24, 40, -25 ], [ 25, -5, -24, 0 ], 
      [ 40, 15, 0, -24 ] ], 
  [ [ 4, -5, -6, 6 ], [ 105, 4, -72, -18 ], [ -18, -6, 9, 10 ], 
      [ 72, -6, -55, -1 ] ] ])),rec(TheMatrixStab:=Group([ [ [ -1, -5, -8, 5 ], [ 105, -1, -63, -21 ], [ -25, -5, 6, 10 ], 
      [ 65, -10, -55, -4 ] ], 
  [ [ -1, 0, 0, 0 ], [ 0, -1, 0, 0 ], [ 0, 0, -1, 0 ], [ 0, 0, 0, -1 ] ], 
  [ [ 1, 0, 0, 0 ], [ 0, 1, 0, 0 ], [ 0, 0, 1, 0 ], [ 0, 0, 0, 1 ] ], 
  [ [ 1, 5, 8, -5 ], [ -105, 1, 63, 21 ], [ 25, 5, -6, -10 ], 
      [ -65, 10, 55, 4 ] ] ]),TheRotSubgroup:=Group([ [ [ -1, -5, -8, 5 ], [ 105, -1, -63, -21 ], [ -25, -5, 6, 10 ], 
      [ 65, -10, -55, -4 ] ], 
  [ [ -1, 0, 0, 0 ], [ 0, -1, 0, 0 ], [ 0, 0, -1, 0 ], [ 0, 0, 0, -1 ] ], 
  [ [ 1, 0, 0, 0 ], [ 0, 1, 0, 0 ], [ 0, 0, 1, 0 ], [ 0, 0, 0, 1 ] ], 
  [ [ 1, 5, 8, -5 ], [ -105, 1, 63, 21 ], [ 25, 5, -6, -10 ], 
      [ -65, 10, 55, 4 ] ] ]),BoundaryImage:=rec(ListIFace:=[ 6, 7, 8, 6, 7, 8 ],ListSign:=[ 1, -1, 1, 1, -1, 1 ],ListElt:=[ [ [ 1, 0, 0, 0 ], [ 0, 1, 0, 0 ], [ 0, 0, 1, 0 ], [ 0, 0, 0, 1 ] ], 
  [ [ -1, 0, 1, 0 ], [ 0, -1, 1, 2 ], [ -2, 0, 1, 0 ], [ 1, -1, 0, 1 ] ], 
  [ [ -4, 3, 11, -4 ], [ -63, -4, 55, 26 ], [ 10, 4, -1, -10 ], 
      [ -47, 3, 55, 9 ] ], 
  [ [ 1, 5, 8, -5 ], [ -105, 1, 63, 21 ], [ 25, 5, -6, -10 ], 
      [ -65, 10, 55, 4 ] ], 
  [ [ -22, 0, 14, 5 ], [ 0, -22, -41, 23 ], [ -23, 5, 24, 0 ], 
      [ -41, -14, 0, 24 ] ], 
  [ [ 4, 0, -3, -1 ], [ 0, 4, 8, -5 ], [ 5, -1, -6, 0 ], [ 8, 3, 0, -6 ] ] ])),rec(TheMatrixStab:=Group([ [ [ -13, 4, 24, -4 ], [ -84, -13, 68, 52 ], [ 0, 4, 9, -8 ], 
      [ -42, -2, 44, 17 ] ], 
  [ [ -1, 0, 0, 0 ], [ 0, -1, 0, 0 ], [ 0, 0, -1, 0 ], [ 0, 0, 0, -1 ] ], 
  [ [ 1, 0, 0, 0 ], [ 0, 1, 0, 0 ], [ 0, 0, 1, 0 ], [ 0, 0, 0, 1 ] ], 
  [ [ 13, -4, -24, 4 ], [ 84, 13, -68, -52 ], [ 0, -4, -9, 8 ], 
      [ 42, 2, -44, -17 ] ] ]),TheRotSubgroup:=Group([ [ [ -13, 4, 24, -4 ], [ -84, -13, 68, 52 ], [ 0, 4, 9, -8 ], 
      [ -42, -2, 44, 17 ] ], 
  [ [ -1, 0, 0, 0 ], [ 0, -1, 0, 0 ], [ 0, 0, -1, 0 ], [ 0, 0, 0, -1 ] ], 
  [ [ 1, 0, 0, 0 ], [ 0, 1, 0, 0 ], [ 0, 0, 1, 0 ], [ 0, 0, 0, 1 ] ], 
  [ [ 13, -4, -24, 4 ], [ 84, 13, -68, -52 ], [ 0, -4, -9, 8 ], 
      [ 42, 2, -44, -17 ] ] ]),BoundaryImage:=rec(ListIFace:=[ 8, 10, 11, 13, 11, 13, 8, 10 ],ListSign:=[ 1, -1, -1, 1, -1, -1, 1, -1 ],ListElt:=[ [ [ -1, 0, 0, 0 ], [ 0, -1, 0, 0 ], [ 0, 0, -1, 0 ], [ 0, 0, 0, -1 ] ], 
  [ [ -1, 0, 0, 0 ], [ 0, -1, 0, 0 ], [ 0, 0, -1, 0 ], [ 0, 0, 0, -1 ] ], 
  [ [ 3, 0, -2, 0 ], [ 0, 3, -2, -4 ], [ 2, 0, -1, 0 ], [ -1, 1, 0, -1 ] ], 
  [ [ 4, -5, -11, 4 ], [ 105, 4, -55, -26 ], [ -10, -4, -1, 6 ], 
      [ 47, -3, -33, -7 ] ], 
  [ [ -13, -8, 6, 12 ], [ 168, -13, -126, 0 ], [ -26, -4, 17, 8 ], 
      [ 55, -11, -44, 9 ] ], 
  [ [ 24, -3, -20, -2 ], [ 63, 24, 2, -38 ], [ 10, -4, -13, 2 ], 
      [ 37, 7, -11, -15 ] ], 
  [ [ 13, -4, -24, 4 ], [ 84, 13, -68, -52 ], [ 0, -4, -9, 8 ], 
      [ 42, 2, -44, -17 ] ], 
  [ [ 13, -4, -24, 4 ], [ 84, 13, -68, -52 ], [ 0, -4, -9, 8 ], 
      [ 42, 2, -44, -17 ] ] ]))]];