HAP_GCOMPLEX_SETUP:=[false]; 
HAP_GCOMPLEX_LIST:=[[rec(TheMatrixStab:=Group([ [ [ -1, 0, 0, 0 ], [ 0, -1, 0, 0 ], [ 0, 0, -1, 0 ], [ 0, 0, 0, -1 ] ], 
  [ [ -1, 0, 1, 0 ], [ 0, -1, 1, 2 ], [ -2, 0, 1, 0 ], [ 1, -1, 0, 1 ] ], 
  [ [ 1, 0, -1, 0 ], [ 0, 1, -1, -2 ], [ 2, 0, -1, 0 ], [ -1, 1, 0, -1 ] ], 
  [ [ 1, 0, 0, 0 ], [ 0, 1, 0, 0 ], [ 0, 0, 1, 0 ], [ 0, 0, 0, 1 ] ] ]),TheRotSubgroup:=Group([ [ [ -1, 0, 0, 0 ], [ 0, -1, 0, 0 ], [ 0, 0, -1, 0 ], [ 0, 0, 0, -1 ] ], 
  [ [ -1, 0, 1, 0 ], [ 0, -1, 1, 2 ], [ -2, 0, 1, 0 ], [ 1, -1, 0, 1 ] ], 
  [ [ 1, 0, -1, 0 ], [ 0, 1, -1, -2 ], [ 2, 0, -1, 0 ], [ -1, 1, 0, -1 ] ], 
  [ [ 1, 0, 0, 0 ], [ 0, 1, 0, 0 ], [ 0, 0, 1, 0 ], [ 0, 0, 0, 1 ] ] ]),BoundaryImage:=rec(ListIFace:=[  ],ListSign:=[  ],ListElt:=[  ])),rec(TheMatrixStab:=Group([ [ [ -19, 0, 12, 5 ], [ 0, -19, -23, 19 ], [ -19, 5, 18, 0 ], 
      [ -23, -12, 0, 18 ] ], 
  [ [ -18, -5, 5, 10 ], [ 65, -18, -65, 0 ], [ -36, 0, 23, 10 ], 
      [ 18, -18, -35, 13 ] ], 
  [ [ -18, 0, 11, 5 ], [ 0, -18, -24, 17 ], [ -17, 5, 17, 0 ], 
      [ -24, -11, 0, 17 ] ], 
  [ [ -18, 0, 12, 5 ], [ 0, -18, -23, 19 ], [ -19, 5, 19, 0 ], 
      [ -23, -12, 0, 19 ] ], 
  [ [ -18, 5, 18, 0 ], [ -65, -18, 18, 36 ], [ 0, 10, 13, -10 ], 
      [ -65, -5, 35, 23 ] ], 
  [ [ -17, 0, 11, 5 ], [ 0, -17, -24, 17 ], [ -17, 5, 18, 0 ], 
      [ -24, -11, 0, 18 ] ], 
  [ [ -1, -5, -6, 5 ], [ 65, -1, -41, -17 ], [ -19, -5, 5, 10 ], 
      [ 42, -7, -35, -5 ] ], 
  [ [ -1, 0, 0, 0 ], [ 0, -1, 0, 0 ], [ 0, 0, -1, 0 ], [ 0, 0, 0, -1 ] ], 
  [ [ -1, 0, 1, 0 ], [ 0, -1, 1, 2 ], [ -2, 0, 1, 0 ], [ 1, -1, 0, 1 ] ], 
  [ [ -1, 5, 7, -5 ], [ -65, -1, 42, 19 ], [ 17, 5, -5, -10 ], 
      [ -41, 6, 35, 5 ] ], 
  [ [ 0, -5, -7, 5 ], [ 65, 0, -42, -19 ], [ -17, -5, 4, 10 ], 
      [ 41, -6, -35, -6 ] ], 
  [ [ 0, -5, -6, 5 ], [ 65, 0, -41, -17 ], [ -19, -5, 6, 10 ], 
      [ 42, -7, -35, -4 ] ], 
  [ [ 0, 5, 6, -5 ], [ -65, 0, 41, 17 ], [ 19, 5, -6, -10 ], 
      [ -42, 7, 35, 4 ] ], 
  [ [ 0, 5, 7, -5 ], [ -65, 0, 42, 19 ], [ 17, 5, -4, -10 ], 
      [ -41, 6, 35, 6 ] ], 
  [ [ 1, -5, -7, 5 ], [ 65, 1, -42, -19 ], [ -17, -5, 5, 10 ], 
      [ 41, -6, -35, -5 ] ], 
  [ [ 1, 0, -1, 0 ], [ 0, 1, -1, -2 ], [ 2, 0, -1, 0 ], [ -1, 1, 0, -1 ] ], 
  [ [ 1, 0, 0, 0 ], [ 0, 1, 0, 0 ], [ 0, 0, 1, 0 ], [ 0, 0, 0, 1 ] ], 
  [ [ 1, 5, 6, -5 ], [ -65, 1, 41, 17 ], [ 19, 5, -5, -10 ], 
      [ -42, 7, 35, 5 ] ], 
  [ [ 17, 0, -11, -5 ], [ 0, 17, 24, -17 ], [ 17, -5, -18, 0 ], 
      [ 24, 11, 0, -18 ] ], 
  [ [ 18, -5, -18, 0 ], [ 65, 18, -18, -36 ], [ 0, -10, -13, 10 ], 
      [ 65, 5, -35, -23 ] ], 
  [ [ 18, 0, -12, -5 ], [ 0, 18, 23, -19 ], [ 19, -5, -19, 0 ], 
      [ 23, 12, 0, -19 ] ], 
  [ [ 18, 0, -11, -5 ], [ 0, 18, 24, -17 ], [ 17, -5, -17, 0 ], 
      [ 24, 11, 0, -17 ] ], 
  [ [ 18, 5, -5, -10 ], [ -65, 18, 65, 0 ], [ 36, 0, -23, -10 ], 
      [ -18, 18, 35, -13 ] ], 
  [ [ 19, 0, -12, -5 ], [ 0, 19, 23, -19 ], [ 19, -5, -18, 0 ], 
      [ 23, 12, 0, -18 ] ] ]),TheRotSubgroup:=Group([ [ [ -19, 0, 12, 5 ], [ 0, -19, -23, 19 ], [ -19, 5, 18, 0 ], 
      [ -23, -12, 0, 18 ] ], 
  [ [ -18, -5, 5, 10 ], [ 65, -18, -65, 0 ], [ -36, 0, 23, 10 ], 
      [ 18, -18, -35, 13 ] ], 
  [ [ -18, 0, 11, 5 ], [ 0, -18, -24, 17 ], [ -17, 5, 17, 0 ], 
      [ -24, -11, 0, 17 ] ], 
  [ [ -18, 0, 12, 5 ], [ 0, -18, -23, 19 ], [ -19, 5, 19, 0 ], 
      [ -23, -12, 0, 19 ] ], 
  [ [ -18, 5, 18, 0 ], [ -65, -18, 18, 36 ], [ 0, 10, 13, -10 ], 
      [ -65, -5, 35, 23 ] ], 
  [ [ -17, 0, 11, 5 ], [ 0, -17, -24, 17 ], [ -17, 5, 18, 0 ], 
      [ -24, -11, 0, 18 ] ], 
  [ [ -1, -5, -6, 5 ], [ 65, -1, -41, -17 ], [ -19, -5, 5, 10 ], 
      [ 42, -7, -35, -5 ] ], 
  [ [ -1, 0, 0, 0 ], [ 0, -1, 0, 0 ], [ 0, 0, -1, 0 ], [ 0, 0, 0, -1 ] ], 
  [ [ -1, 0, 1, 0 ], [ 0, -1, 1, 2 ], [ -2, 0, 1, 0 ], [ 1, -1, 0, 1 ] ], 
  [ [ -1, 5, 7, -5 ], [ -65, -1, 42, 19 ], [ 17, 5, -5, -10 ], 
      [ -41, 6, 35, 5 ] ], 
  [ [ 0, -5, -7, 5 ], [ 65, 0, -42, -19 ], [ -17, -5, 4, 10 ], 
      [ 41, -6, -35, -6 ] ], 
  [ [ 0, -5, -6, 5 ], [ 65, 0, -41, -17 ], [ -19, -5, 6, 10 ], 
      [ 42, -7, -35, -4 ] ], 
  [ [ 0, 5, 6, -5 ], [ -65, 0, 41, 17 ], [ 19, 5, -6, -10 ], 
      [ -42, 7, 35, 4 ] ], 
  [ [ 0, 5, 7, -5 ], [ -65, 0, 42, 19 ], [ 17, 5, -4, -10 ], 
      [ -41, 6, 35, 6 ] ], 
  [ [ 1, -5, -7, 5 ], [ 65, 1, -42, -19 ], [ -17, -5, 5, 10 ], 
      [ 41, -6, -35, -5 ] ], 
  [ [ 1, 0, -1, 0 ], [ 0, 1, -1, -2 ], [ 2, 0, -1, 0 ], [ -1, 1, 0, -1 ] ], 
  [ [ 1, 0, 0, 0 ], [ 0, 1, 0, 0 ], [ 0, 0, 1, 0 ], [ 0, 0, 0, 1 ] ], 
  [ [ 1, 5, 6, -5 ], [ -65, 1, 41, 17 ], [ 19, 5, -5, -10 ], 
      [ -42, 7, 35, 5 ] ], 
  [ [ 17, 0, -11, -5 ], [ 0, 17, 24, -17 ], [ 17, -5, -18, 0 ], 
      [ 24, 11, 0, -18 ] ], 
  [ [ 18, -5, -18, 0 ], [ 65, 18, -18, -36 ], [ 0, -10, -13, 10 ], 
      [ 65, 5, -35, -23 ] ], 
  [ [ 18, 0, -12, -5 ], [ 0, 18, 23, -19 ], [ 19, -5, -19, 0 ], 
      [ 23, 12, 0, -19 ] ], 
  [ [ 18, 0, -11, -5 ], [ 0, 18, 24, -17 ], [ 17, -5, -17, 0 ], 
      [ 24, 11, 0, -17 ] ], 
  [ [ 18, 5, -5, -10 ], [ -65, 18, 65, 0 ], [ 36, 0, -23, -10 ], 
      [ -18, 18, 35, -13 ] ], 
  [ [ 19, 0, -12, -5 ], [ 0, 19, 23, -19 ], [ 19, -5, -18, 0 ], 
      [ 23, 12, 0, -18 ] ] ]),BoundaryImage:=rec(ListIFace:=[  ],ListSign:=[  ],ListElt:=[  ])),rec(TheMatrixStab:=Group([ [ [ -2, -1, 0, 1 ], [ 13, -2, -7, -1 ], [ -7, -1, 2, 2 ], [ 10, -3, -7, 0 ] 
     ], 
  [ [ -1, -1, 0, 1 ], [ 13, -1, -7, -1 ], [ -7, -1, 3, 2 ], [ 10, -3, -7, 1 ] 
     ], [ [ -1, 0, 0, 0 ], [ 0, -1, 0, 0 ], [ 0, 0, -1, 0 ], [ 0, 0, 0, -1 ] ]
    , [ [ 1, 0, 0, 0 ], [ 0, 1, 0, 0 ], [ 0, 0, 1, 0 ], [ 0, 0, 0, 1 ] ], 
  [ [ 1, 1, 0, -1 ], [ -13, 1, 7, 1 ], [ 7, 1, -3, -2 ], [ -10, 3, 7, -1 ] ], 
  [ [ 2, 1, 0, -1 ], [ -13, 2, 7, 1 ], [ 7, 1, -2, -2 ], [ -10, 3, 7, 0 ] ] ]),TheRotSubgroup:=Group([ [ [ -2, -1, 0, 1 ], [ 13, -2, -7, -1 ], [ -7, -1, 2, 2 ], [ 10, -3, -7, 0 ] 
     ], 
  [ [ -1, -1, 0, 1 ], [ 13, -1, -7, -1 ], [ -7, -1, 3, 2 ], [ 10, -3, -7, 1 ] 
     ], [ [ -1, 0, 0, 0 ], [ 0, -1, 0, 0 ], [ 0, 0, -1, 0 ], [ 0, 0, 0, -1 ] ]
    , [ [ 1, 0, 0, 0 ], [ 0, 1, 0, 0 ], [ 0, 0, 1, 0 ], [ 0, 0, 0, 1 ] ], 
  [ [ 1, 1, 0, -1 ], [ -13, 1, 7, 1 ], [ 7, 1, -3, -2 ], [ -10, 3, 7, -1 ] ], 
  [ [ 2, 1, 0, -1 ], [ -13, 2, 7, 1 ], [ 7, 1, -2, -2 ], [ -10, 3, 7, 0 ] ] ]),BoundaryImage:=rec(ListIFace:=[  ],ListSign:=[  ],ListElt:=[  ]))],[rec(TheMatrixStab:=Group([ [ [ -1, 0, 0, 0 ], [ 0, -1, 0, 0 ], [ 0, 0, -1, 0 ], [ 0, 0, 0, -1 ] ], 
  [ [ -1, 0, 1, 0 ], [ 0, -1, 1, 2 ], [ -2, 0, 1, 0 ], [ 1, -1, 0, 1 ] ], 
  [ [ 1, 0, -1, 0 ], [ 0, 1, -1, -2 ], [ 2, 0, -1, 0 ], [ -1, 1, 0, -1 ] ], 
  [ [ 1, 0, 0, 0 ], [ 0, 1, 0, 0 ], [ 0, 0, 1, 0 ], [ 0, 0, 0, 1 ] ] ]),TheRotSubgroup:=Group([ [ [ -1, 0, 0, 0 ], [ 0, -1, 0, 0 ], [ 0, 0, -1, 0 ], [ 0, 0, 0, -1 ] ], 
  [ [ -1, 0, 1, 0 ], [ 0, -1, 1, 2 ], [ -2, 0, 1, 0 ], [ 1, -1, 0, 1 ] ], 
  [ [ 1, 0, -1, 0 ], [ 0, 1, -1, -2 ], [ 2, 0, -1, 0 ], [ -1, 1, 0, -1 ] ], 
  [ [ 1, 0, 0, 0 ], [ 0, 1, 0, 0 ], [ 0, 0, 1, 0 ], [ 0, 0, 0, 1 ] ] ]),BoundaryImage:=rec(ListIFace:=[ 1, 2 ],ListSign:=[ -1, 1 ],ListElt:=[ [ [ -1, 0, 1, 0 ], [ 0, -1, 1, 2 ], [ -2, 0, 1, 0 ], [ 1, -1, 0, 1 ] ], 
  [ [ 1, 0, -1, 0 ], [ 0, 1, -1, -2 ], [ 2, 0, -1, 0 ], [ -1, 1, 0, -1 ] ] ])),rec(TheMatrixStab:=Group([ [ [ -1, 0, 0, 0 ], [ 0, -1, 0, 0 ], [ 0, 0, -1, 0 ], [ 0, 0, 0, -1 ] ], 
  [ [ 1, 0, 0, 0 ], [ 0, 1, 0, 0 ], [ 0, 0, 1, 0 ], [ 0, 0, 0, 1 ] ] ]),TheRotSubgroup:=Group([ [ [ -1, 0, 0, 0 ], [ 0, -1, 0, 0 ], [ 0, 0, -1, 0 ], [ 0, 0, 0, -1 ] ], 
  [ [ 1, 0, 0, 0 ], [ 0, 1, 0, 0 ], [ 0, 0, 1, 0 ], [ 0, 0, 0, 1 ] ] ]),BoundaryImage:=rec(ListIFace:=[ 1, 3 ],ListSign:=[ -1, 1 ],ListElt:=[ [ [ -1, 0, 1, 0 ], [ 0, -1, 1, 2 ], [ -2, 0, 1, 0 ], [ 1, -1, 0, 1 ] ], 
  [ [ -1, -1, 0, 1 ], [ 13, -1, -7, -1 ], [ -7, -1, 3, 2 ], [ 10, -3, -7, 1 ] 
     ] ])),rec(TheMatrixStab:=Group([ [ [ -1, 0, 0, 0 ], [ 0, -1, 0, 0 ], [ 0, 0, -1, 0 ], [ 0, 0, 0, -1 ] ], 
  [ [ 1, 0, 0, 0 ], [ 0, 1, 0, 0 ], [ 0, 0, 1, 0 ], [ 0, 0, 0, 1 ] ] ]),TheRotSubgroup:=Group([ [ [ -1, 0, 0, 0 ], [ 0, -1, 0, 0 ], [ 0, 0, -1, 0 ], [ 0, 0, 0, -1 ] ], 
  [ [ 1, 0, 0, 0 ], [ 0, 1, 0, 0 ], [ 0, 0, 1, 0 ], [ 0, 0, 0, 1 ] ] ]),BoundaryImage:=rec(ListIFace:=[ 1, 3 ],ListSign:=[ -1, 1 ],ListElt:=[ [ [ -1, 0, 0, 0 ], [ 0, -1, 0, 0 ], [ 0, 0, -1, 0 ], [ 0, 0, 0, -1 ] ], 
  [ [ -4, 1, 3, 0 ], [ -13, -4, 3, 6 ], [ 2, 2, 1, -2 ], [ -14, 0, 7, 3 ] ] ])),rec(TheMatrixStab:=Group([ [ [ -1, 0, 0, 0 ], [ 0, -1, 0, 0 ], [ -2, 0, 1, 0 ], [ 1, -1, 0, 1 ] ], 
  [ [ -1, 0, 0, 0 ], [ 0, -1, 0, 0 ], [ 0, 0, -1, 0 ], [ 0, 0, 0, -1 ] ], 
  [ [ -1, 0, 1, 0 ], [ 0, -1, 1, 2 ], [ -2, 0, 1, 0 ], [ 1, -1, 0, 1 ] ], 
  [ [ -1, 0, 1, 0 ], [ 0, -1, 1, 2 ], [ 0, 0, 1, 0 ], [ 0, 0, 0, 1 ] ], 
  [ [ 1, 0, -1, 0 ], [ 0, 1, -1, -2 ], [ 0, 0, -1, 0 ], [ 0, 0, 0, -1 ] ], 
  [ [ 1, 0, -1, 0 ], [ 0, 1, -1, -2 ], [ 2, 0, -1, 0 ], [ -1, 1, 0, -1 ] ], 
  [ [ 1, 0, 0, 0 ], [ 0, 1, 0, 0 ], [ 0, 0, 1, 0 ], [ 0, 0, 0, 1 ] ], 
  [ [ 1, 0, 0, 0 ], [ 0, 1, 0, 0 ], [ 2, 0, -1, 0 ], [ -1, 1, 0, -1 ] ] ]),TheRotSubgroup:=Group([ [ [ -1, 0, 0, 0 ], [ 0, -1, 0, 0 ], [ 0, 0, -1, 0 ], [ 0, 0, 0, -1 ] ], 
  [ [ -1, 0, 1, 0 ], [ 0, -1, 1, 2 ], [ -2, 0, 1, 0 ], [ 1, -1, 0, 1 ] ], 
  [ [ 1, 0, -1, 0 ], [ 0, 1, -1, -2 ], [ 2, 0, -1, 0 ], [ -1, 1, 0, -1 ] ], 
  [ [ 1, 0, 0, 0 ], [ 0, 1, 0, 0 ], [ 0, 0, 1, 0 ], [ 0, 0, 0, 1 ] ] ]),BoundaryImage:=rec(ListIFace:=[ 1, 1 ],ListSign:=[ -1, 1 ],ListElt:=[ [ [ 1, 0, 0, 0 ], [ 0, 1, 0, 0 ], [ 0, 0, 1, 0 ], [ 0, 0, 0, 1 ] ], 
  [ [ -1, 0, 0, 0 ], [ 0, -1, 0, 0 ], [ -2, 0, 1, 0 ], [ 1, -1, 0, 1 ] ] ])),rec(TheMatrixStab:=Group([ [ [ -1, 0, 0, 0 ], [ 0, -1, 0, 0 ], [ 0, 0, -1, 0 ], [ 0, 0, 0, -1 ] ], 
  [ [ -1, 5, 7, -5 ], [ -65, -1, 42, 19 ], [ 17, 5, -5, -10 ], 
      [ -41, 6, 35, 5 ] ], 
  [ [ 0, -5, -7, 5 ], [ 65, 0, -42, -19 ], [ -17, -5, 4, 10 ], 
      [ 41, -6, -35, -6 ] ], 
  [ [ 0, 5, 7, -5 ], [ -65, 0, 42, 19 ], [ 17, 5, -4, -10 ], 
      [ -41, 6, 35, 6 ] ], 
  [ [ 1, -5, -7, 5 ], [ 65, 1, -42, -19 ], [ -17, -5, 5, 10 ], 
      [ 41, -6, -35, -5 ] ], 
  [ [ 1, 0, 0, 0 ], [ 0, 1, 0, 0 ], [ 0, 0, 1, 0 ], [ 0, 0, 0, 1 ] ] ]),TheRotSubgroup:=Group([ [ [ -1, 0, 0, 0 ], [ 0, -1, 0, 0 ], [ 0, 0, -1, 0 ], [ 0, 0, 0, -1 ] ], 
  [ [ -1, 5, 7, -5 ], [ -65, -1, 42, 19 ], [ 17, 5, -5, -10 ], 
      [ -41, 6, 35, 5 ] ], 
  [ [ 0, -5, -7, 5 ], [ 65, 0, -42, -19 ], [ -17, -5, 4, 10 ], 
      [ 41, -6, -35, -6 ] ], 
  [ [ 0, 5, 7, -5 ], [ -65, 0, 42, 19 ], [ 17, 5, -4, -10 ], 
      [ -41, 6, 35, 6 ] ], 
  [ [ 1, -5, -7, 5 ], [ 65, 1, -42, -19 ], [ -17, -5, 5, 10 ], 
      [ 41, -6, -35, -5 ] ], 
  [ [ 1, 0, 0, 0 ], [ 0, 1, 0, 0 ], [ 0, 0, 1, 0 ], [ 0, 0, 0, 1 ] ] ]),BoundaryImage:=rec(ListIFace:=[ 2, 3 ],ListSign:=[ -1, 1 ],ListElt:=[ [ [ 17, 0, -11, -5 ], [ 0, 17, 24, -17 ], [ 17, -5, -18, 0 ], 
      [ 24, 11, 0, -18 ] ], 
  [ [ -18, -1, 7, 3 ], [ 13, -18, -14, 11 ], [ -22, 4, 11, 0 ], 
      [ -15, -13, 0, 11 ] ] ])),rec(TheMatrixStab:=Group([ [ [ -1, -5, -6, 5 ], [ 65, -1, -41, -17 ], [ -19, -5, 5, 10 ], 
      [ 42, -7, -35, -5 ] ], 
  [ [ -1, 0, 0, 0 ], [ 0, -1, 0, 0 ], [ 0, 0, -1, 0 ], [ 0, 0, 0, -1 ] ], 
  [ [ 0, -5, -6, 5 ], [ 65, 0, -41, -17 ], [ -19, -5, 6, 10 ], 
      [ 42, -7, -35, -4 ] ], 
  [ [ 0, 5, 6, -5 ], [ -65, 0, 41, 17 ], [ 19, 5, -6, -10 ], 
      [ -42, 7, 35, 4 ] ], 
  [ [ 1, 0, 0, 0 ], [ 0, 1, 0, 0 ], [ 0, 0, 1, 0 ], [ 0, 0, 0, 1 ] ], 
  [ [ 1, 5, 6, -5 ], [ -65, 1, 41, 17 ], [ 19, 5, -5, -10 ], 
      [ -42, 7, 35, 5 ] ] ]),TheRotSubgroup:=Group([ [ [ -1, -5, -6, 5 ], [ 65, -1, -41, -17 ], [ -19, -5, 5, 10 ], 
      [ 42, -7, -35, -5 ] ], 
  [ [ -1, 0, 0, 0 ], [ 0, -1, 0, 0 ], [ 0, 0, -1, 0 ], [ 0, 0, 0, -1 ] ], 
  [ [ 0, -5, -6, 5 ], [ 65, 0, -41, -17 ], [ -19, -5, 6, 10 ], 
      [ 42, -7, -35, -4 ] ], 
  [ [ 0, 5, 6, -5 ], [ -65, 0, 41, 17 ], [ 19, 5, -6, -10 ], 
      [ -42, 7, 35, 4 ] ], 
  [ [ 1, 0, 0, 0 ], [ 0, 1, 0, 0 ], [ 0, 0, 1, 0 ], [ 0, 0, 0, 1 ] ], 
  [ [ 1, 5, 6, -5 ], [ -65, 1, 41, 17 ], [ 19, 5, -5, -10 ], 
      [ -42, 7, 35, 5 ] ] ]),BoundaryImage:=rec(ListIFace:=[ 2, 3 ],ListSign:=[ -1, 1 ],ListElt:=[ [ [ -1, 0, 0, 0 ], [ 0, -1, 0, 0 ], [ 0, 0, -1, 0 ], [ 0, 0, 0, -1 ] ], 
  [ [ 13, -2, -9, -1 ], [ 26, 13, -2, -17 ], [ 6, -6, -9, 4 ], 
      [ 36, 6, -14, -13 ] ] ]))],[rec(TheMatrixStab:=Group([ [ [ -1, -3, -3, 3 ], [ 39, -1, -24, -9 ], [ -13, -3, 4, 6 ], 
      [ 26, -5, -21, -2 ] ], 
  [ [ -1, 0, 0, 0 ], [ 0, -1, 0, 0 ], [ 0, 0, -1, 0 ], [ 0, 0, 0, -1 ] ], 
  [ [ 1, 0, 0, 0 ], [ 0, 1, 0, 0 ], [ 0, 0, 1, 0 ], [ 0, 0, 0, 1 ] ], 
  [ [ 1, 3, 3, -3 ], [ -39, 1, 24, 9 ], [ 13, 3, -4, -6 ], [ -26, 5, 21, 2 ] 
     ] ]),TheRotSubgroup:=Group([ [ [ -1, -3, -3, 3 ], [ 39, -1, -24, -9 ], [ -13, -3, 4, 6 ], 
      [ 26, -5, -21, -2 ] ], 
  [ [ -1, 0, 0, 0 ], [ 0, -1, 0, 0 ], [ 0, 0, -1, 0 ], [ 0, 0, 0, -1 ] ], 
  [ [ 1, 0, 0, 0 ], [ 0, 1, 0, 0 ], [ 0, 0, 1, 0 ], [ 0, 0, 0, 1 ] ], 
  [ [ 1, 3, 3, -3 ], [ -39, 1, 24, 9 ], [ 13, 3, -4, -6 ], [ -26, 5, 21, 2 ] 
     ] ]),BoundaryImage:=rec(ListIFace:=[ 1, 2, 6, 1, 2, 6 ],ListSign:=[ 1, -1, 1, 1, -1, 1 ],ListElt:=[ [ [ 1, 0, 0, 0 ], [ 0, 1, 0, 0 ], [ 0, 0, 1, 0 ], [ 0, 0, 0, 1 ] ], 
  [ [ 1, 0, 0, 0 ], [ 0, 1, 0, 0 ], [ 0, 0, 1, 0 ], [ 0, 0, 0, 1 ] ], 
  [ [ -1, -3, -3, 3 ], [ 39, -1, -24, -9 ], [ -13, -3, 4, 6 ], 
      [ 26, -5, -21, -2 ] ], 
  [ [ 1, 3, 3, -3 ], [ -39, 1, 24, 9 ], [ 13, 3, -4, -6 ], [ -26, 5, 21, 2 ] ]
    , 
  [ [ 1, 3, 3, -3 ], [ -39, 1, 24, 9 ], [ 13, 3, -4, -6 ], [ -26, 5, 21, 2 ] ]
    , 
  [ [ 0, -5, -6, 5 ], [ 65, 0, -41, -17 ], [ -19, -5, 6, 10 ], 
      [ 42, -7, -35, -4 ] ] ])),rec(TheMatrixStab:=Group([ [ [ -10, 0, 6, 3 ], [ 0, -10, -15, 9 ], [ -9, 3, 10, 0 ], 
      [ -15, -6, 0, 10 ] ], 
  [ [ -1, 0, 0, 0 ], [ 0, -1, 0, 0 ], [ 0, 0, -1, 0 ], [ 0, 0, 0, -1 ] ], 
  [ [ 1, 0, 0, 0 ], [ 0, 1, 0, 0 ], [ 0, 0, 1, 0 ], [ 0, 0, 0, 1 ] ], 
  [ [ 10, 0, -6, -3 ], [ 0, 10, 15, -9 ], [ 9, -3, -10, 0 ], 
      [ 15, 6, 0, -10 ] ] ]),TheRotSubgroup:=Group([ [ [ -10, 0, 6, 3 ], [ 0, -10, -15, 9 ], [ -9, 3, 10, 0 ], 
      [ -15, -6, 0, 10 ] ], 
  [ [ -1, 0, 0, 0 ], [ 0, -1, 0, 0 ], [ 0, 0, -1, 0 ], [ 0, 0, 0, -1 ] ], 
  [ [ 1, 0, 0, 0 ], [ 0, 1, 0, 0 ], [ 0, 0, 1, 0 ], [ 0, 0, 0, 1 ] ], 
  [ [ 10, 0, -6, -3 ], [ 0, 10, 15, -9 ], [ 9, -3, -10, 0 ], 
      [ 15, 6, 0, -10 ] ] ]),BoundaryImage:=rec(ListIFace:=[ 1, 3, 5, 5, 3, 1 ],ListSign:=[ 1, -1, 1, 1, -1, 1 ],ListElt:=[ [ [ -1, 0, 1, 0 ], [ 0, -1, 1, 2 ], [ -2, 0, 1, 0 ], [ 1, -1, 0, 1 ] ], 
  [ [ 1, 0, 0, 0 ], [ 0, 1, 0, 0 ], [ 0, 0, 1, 0 ], [ 0, 0, 0, 1 ] ], 
  [ [ -22, 1, 15, 5 ], [ -13, -22, -20, 25 ], [ -14, 8, 19, -4 ], 
      [ -45, -11, 14, 23 ] ], 
  [ [ -19, 0, 12, 5 ], [ 0, -19, -23, 19 ], [ -19, 5, 18, 0 ], 
      [ -23, -12, 0, 18 ] ], 
  [ [ -10, 0, 6, 3 ], [ 0, -10, -15, 9 ], [ -9, 3, 10, 0 ], 
      [ -15, -6, 0, 10 ] ], 
  [ [ -10, 0, 6, 3 ], [ 0, -10, -15, 9 ], [ -9, 3, 10, 0 ], 
      [ -15, -6, 0, 10 ] ] ])),rec(TheMatrixStab:=Group([ [ [ -1, 0, 0, 0 ], [ 0, -1, 0, 0 ], [ 0, 0, -1, 0 ], [ 0, 0, 0, -1 ] ], 
  [ [ 1, 0, 0, 0 ], [ 0, 1, 0, 0 ], [ 0, 0, 1, 0 ], [ 0, 0, 0, 1 ] ] ]),TheRotSubgroup:=Group([ [ [ -1, 0, 0, 0 ], [ 0, -1, 0, 0 ], [ 0, 0, -1, 0 ], [ 0, 0, 0, -1 ] ], 
  [ [ 1, 0, 0, 0 ], [ 0, 1, 0, 0 ], [ 0, 0, 1, 0 ], [ 0, 0, 0, 1 ] ] ]),BoundaryImage:=rec(ListIFace:=[ 2, 3, 2, 3 ],ListSign:=[ 1, -1, 1, -1 ],ListElt:=[ [ [ -1, 0, 0, 0 ], [ 0, -1, 0, 0 ], [ 0, 0, -1, 0 ], [ 0, 0, 0, -1 ] ], 
  [ [ -1, 0, 0, 0 ], [ 0, -1, 0, 0 ], [ 0, 0, -1, 0 ], [ 0, 0, 0, -1 ] ], 
  [ [ 0, 1, 1, -1 ], [ -13, 0, 8, 3 ], [ 5, 1, -2, -2 ], [ -9, 2, 7, 0 ] ], 
  [ [ -3, 0, 2, 1 ], [ 0, -3, -5, 3 ], [ -3, 1, 4, 0 ], [ -5, -2, 0, 4 ] ] ])),rec(TheMatrixStab:=Group([ [ [ -1, 0, 0, 0 ], [ 0, -1, 0, 0 ], [ -4, 0, 1, 0 ], [ 2, -2, 0, 1 ] ], 
  [ [ -1, 0, 0, 0 ], [ 0, -1, 0, 0 ], [ 0, 0, -1, 0 ], [ 0, 0, 0, -1 ] ], 
  [ [ 1, 0, 0, 0 ], [ 0, 1, 0, 0 ], [ 0, 0, 1, 0 ], [ 0, 0, 0, 1 ] ], 
  [ [ 1, 0, 0, 0 ], [ 0, 1, 0, 0 ], [ 4, 0, -1, 0 ], [ -2, 2, 0, -1 ] ] ]),TheRotSubgroup:=Group([ [ [ -1, 0, 0, 0 ], [ 0, -1, 0, 0 ], [ -4, 0, 1, 0 ], [ 2, -2, 0, 1 ] ], 
  [ [ -1, 0, 0, 0 ], [ 0, -1, 0, 0 ], [ 0, 0, -1, 0 ], [ 0, 0, 0, -1 ] ], 
  [ [ 1, 0, 0, 0 ], [ 0, 1, 0, 0 ], [ 0, 0, 1, 0 ], [ 0, 0, 0, 1 ] ], 
  [ [ 1, 0, 0, 0 ], [ 0, 1, 0, 0 ], [ 4, 0, -1, 0 ], [ -2, 2, 0, -1 ] ] ]),BoundaryImage:=rec(ListIFace:=[ 2, 5, 4, 3, 6, 3, 4, 6, 2, 5 ],ListSign:=[ 1, -1, 1, -1, 1, -1, -1, 1, 1, -1 ],ListElt:=[ [ [ -1, 0, 0, 0 ], [ 0, -1, 0, 0 ], [ 0, 0, -1, 0 ], [ 0, 0, 0, -1 ] ], 
  [ [ -11, 0, 7, 3 ], [ 0, -11, -14, 11 ], [ -22, 4, 19, 2 ], 
      [ -15, -13, -7, 17 ] ], 
  [ [ 1, 0, -1, 0 ], [ 0, 1, -1, -2 ], [ 0, 0, -1, 0 ], [ 0, 0, 0, -1 ] ], 
  [ [ 1, 0, 0, 0 ], [ 0, 1, 0, 0 ], [ 2, 0, -1, 0 ], [ -1, 1, 0, -1 ] ], 
  [ [ 0, 1, 1, -1 ], [ -13, 0, 8, 3 ], [ 8, 2, -3, -4 ], [ -17, 3, 14, 1 ] ], 
  [ [ 1, 0, 0, 0 ], [ 0, 1, 0, 0 ], [ 2, 0, 1, 0 ], [ -1, 1, 0, 1 ] ], 
  [ [ 1, 0, -1, 0 ], [ 0, 1, -1, -2 ], [ 2, 0, -3, 0 ], [ -1, 1, 0, -3 ] ], 
  [ [ 0, 1, 1, -1 ], [ -13, 0, 8, 3 ], [ -8, 2, 7, 0 ], [ -9, -5, 0, 7 ] ], 
  [ [ 1, 0, 0, 0 ], [ 0, 1, 0, 0 ], [ 4, 0, -1, 0 ], [ -2, 2, 0, -1 ] ], 
  [ [ -11, 0, 7, 3 ], [ 0, -11, -14, 11 ], [ -22, -4, 9, 10 ], 
      [ 37, -9, -35, -1 ] ] ]))]];