HAP_GCOMPLEX_SETUP:=[false]; 
HAP_GCOMPLEX_LIST:=[[rec(TheMatrixStab:=Group([ [ [ -5, 0, 2, 1 ], [ 0, -5, -17, 2 ], [ -2, 1, 4, 0 ], [ -17, -2, 0, 4 ] ], 
  [ [ -5, 0, 3, 1 ], [ 0, -5, -17, 3 ], [ -3, 1, 5, 0 ], [ -17, -3, 0, 5 ] ], 
  [ [ -4, 0, 2, 1 ], [ 0, -4, -17, 2 ], [ -2, 1, 5, 0 ], [ -17, -2, 0, 5 ] ], 
  [ [ -3, -1, -2, 1 ], [ 17, -3, -17, -2 ], [ -5, 0, 2, 1 ], 
      [ 0, -5, -17, 2 ] ], 
  [ [ -3, 1, 5, 0 ], [ -17, -3, 0, 5 ], [ 2, 1, 2, -1 ], [ -17, 2, 17, 2 ] ], 
  [ [ -2, -1, -3, 1 ], [ 17, -2, -17, -3 ], [ -4, 0, 2, 1 ], 
      [ 0, -4, -17, 2 ] ], 
  [ [ -2, -1, -2, 1 ], [ 17, -2, -17, -2 ], [ -5, 0, 3, 1 ], 
      [ 0, -5, -17, 3 ] ], 
  [ [ -2, 1, 4, 0 ], [ -17, -2, 0, 4 ], [ 3, 1, 2, -1 ], [ -17, 3, 17, 2 ] ], 
  [ [ -2, 1, 5, 0 ], [ -17, -2, 0, 5 ], [ 2, 1, 3, -1 ], [ -17, 2, 17, 3 ] ], 
  [ [ -1, 0, 0, 0 ], [ 0, -1, 0, 0 ], [ 0, 0, -1, 0 ], [ 0, 0, 0, -1 ] ], 
  [ [ -1, 0, 1, 0 ], [ 0, -1, 0, 1 ], [ -1, 0, 0, 0 ], [ 0, -1, 0, 0 ] ], 
  [ [ 0, 0, -1, 0 ], [ 0, 0, 0, -1 ], [ 1, 0, -1, 0 ], [ 0, 1, 0, -1 ] ], 
  [ [ 0, 0, 1, 0 ], [ 0, 0, 0, 1 ], [ -1, 0, 1, 0 ], [ 0, -1, 0, 1 ] ], 
  [ [ 1, 0, -1, 0 ], [ 0, 1, 0, -1 ], [ 1, 0, 0, 0 ], [ 0, 1, 0, 0 ] ], 
  [ [ 1, 0, 0, 0 ], [ 0, 1, 0, 0 ], [ 0, 0, 1, 0 ], [ 0, 0, 0, 1 ] ], 
  [ [ 2, -1, -5, 0 ], [ 17, 2, 0, -5 ], [ -2, -1, -3, 1 ], 
      [ 17, -2, -17, -3 ] ], 
  [ [ 2, -1, -4, 0 ], [ 17, 2, 0, -4 ], [ -3, -1, -2, 1 ], 
      [ 17, -3, -17, -2 ] ], 
  [ [ 2, 1, 2, -1 ], [ -17, 2, 17, 2 ], [ 5, 0, -3, -1 ], [ 0, 5, 17, -3 ] ], 
  [ [ 2, 1, 3, -1 ], [ -17, 2, 17, 3 ], [ 4, 0, -2, -1 ], [ 0, 4, 17, -2 ] ], 
  [ [ 3, -1, -5, 0 ], [ 17, 3, 0, -5 ], [ -2, -1, -2, 1 ], 
      [ 17, -2, -17, -2 ] ], 
  [ [ 3, 1, 2, -1 ], [ -17, 3, 17, 2 ], [ 5, 0, -2, -1 ], [ 0, 5, 17, -2 ] ], 
  [ [ 4, 0, -2, -1 ], [ 0, 4, 17, -2 ], [ 2, -1, -5, 0 ], [ 17, 2, 0, -5 ] ], 
  [ [ 5, 0, -3, -1 ], [ 0, 5, 17, -3 ], [ 3, -1, -5, 0 ], [ 17, 3, 0, -5 ] ], 
  [ [ 5, 0, -2, -1 ], [ 0, 5, 17, -2 ], [ 2, -1, -4, 0 ], [ 17, 2, 0, -4 ] ] ]),TheRotSubgroup:=Group([ [ [ -5, 0, 2, 1 ], [ 0, -5, -17, 2 ], [ -2, 1, 4, 0 ], [ -17, -2, 0, 4 ] ], 
  [ [ -5, 0, 3, 1 ], [ 0, -5, -17, 3 ], [ -3, 1, 5, 0 ], [ -17, -3, 0, 5 ] ], 
  [ [ -4, 0, 2, 1 ], [ 0, -4, -17, 2 ], [ -2, 1, 5, 0 ], [ -17, -2, 0, 5 ] ], 
  [ [ -3, -1, -2, 1 ], [ 17, -3, -17, -2 ], [ -5, 0, 2, 1 ], 
      [ 0, -5, -17, 2 ] ], 
  [ [ -3, 1, 5, 0 ], [ -17, -3, 0, 5 ], [ 2, 1, 2, -1 ], [ -17, 2, 17, 2 ] ], 
  [ [ -2, -1, -3, 1 ], [ 17, -2, -17, -3 ], [ -4, 0, 2, 1 ], 
      [ 0, -4, -17, 2 ] ], 
  [ [ -2, -1, -2, 1 ], [ 17, -2, -17, -2 ], [ -5, 0, 3, 1 ], 
      [ 0, -5, -17, 3 ] ], 
  [ [ -2, 1, 4, 0 ], [ -17, -2, 0, 4 ], [ 3, 1, 2, -1 ], [ -17, 3, 17, 2 ] ], 
  [ [ -2, 1, 5, 0 ], [ -17, -2, 0, 5 ], [ 2, 1, 3, -1 ], [ -17, 2, 17, 3 ] ], 
  [ [ -1, 0, 0, 0 ], [ 0, -1, 0, 0 ], [ 0, 0, -1, 0 ], [ 0, 0, 0, -1 ] ], 
  [ [ -1, 0, 1, 0 ], [ 0, -1, 0, 1 ], [ -1, 0, 0, 0 ], [ 0, -1, 0, 0 ] ], 
  [ [ 0, 0, -1, 0 ], [ 0, 0, 0, -1 ], [ 1, 0, -1, 0 ], [ 0, 1, 0, -1 ] ], 
  [ [ 0, 0, 1, 0 ], [ 0, 0, 0, 1 ], [ -1, 0, 1, 0 ], [ 0, -1, 0, 1 ] ], 
  [ [ 1, 0, -1, 0 ], [ 0, 1, 0, -1 ], [ 1, 0, 0, 0 ], [ 0, 1, 0, 0 ] ], 
  [ [ 1, 0, 0, 0 ], [ 0, 1, 0, 0 ], [ 0, 0, 1, 0 ], [ 0, 0, 0, 1 ] ], 
  [ [ 2, -1, -5, 0 ], [ 17, 2, 0, -5 ], [ -2, -1, -3, 1 ], 
      [ 17, -2, -17, -3 ] ], 
  [ [ 2, -1, -4, 0 ], [ 17, 2, 0, -4 ], [ -3, -1, -2, 1 ], 
      [ 17, -3, -17, -2 ] ], 
  [ [ 2, 1, 2, -1 ], [ -17, 2, 17, 2 ], [ 5, 0, -3, -1 ], [ 0, 5, 17, -3 ] ], 
  [ [ 2, 1, 3, -1 ], [ -17, 2, 17, 3 ], [ 4, 0, -2, -1 ], [ 0, 4, 17, -2 ] ], 
  [ [ 3, -1, -5, 0 ], [ 17, 3, 0, -5 ], [ -2, -1, -2, 1 ], 
      [ 17, -2, -17, -2 ] ], 
  [ [ 3, 1, 2, -1 ], [ -17, 3, 17, 2 ], [ 5, 0, -2, -1 ], [ 0, 5, 17, -2 ] ], 
  [ [ 4, 0, -2, -1 ], [ 0, 4, 17, -2 ], [ 2, -1, -5, 0 ], [ 17, 2, 0, -5 ] ], 
  [ [ 5, 0, -3, -1 ], [ 0, 5, 17, -3 ], [ 3, -1, -5, 0 ], [ 17, 3, 0, -5 ] ], 
  [ [ 5, 0, -2, -1 ], [ 0, 5, 17, -2 ], [ 2, -1, -4, 0 ], [ 17, 2, 0, -4 ] ] ]),BoundaryImage:=rec(ListIFace:=[  ],ListSign:=[  ],ListElt:=[  ])),rec(TheMatrixStab:=Group([ [ [ -1, 0, 0, 0 ], [ 0, -1, 0, 0 ], [ 0, 0, -1, 0 ], [ 0, 0, 0, -1 ] ], 
  [ [ 1, 0, 0, 0 ], [ 0, 1, 0, 0 ], [ 0, 0, 1, 0 ], [ 0, 0, 0, 1 ] ] ]),TheRotSubgroup:=Group([ [ [ -1, 0, 0, 0 ], [ 0, -1, 0, 0 ], [ 0, 0, -1, 0 ], [ 0, 0, 0, -1 ] ], 
  [ [ 1, 0, 0, 0 ], [ 0, 1, 0, 0 ], [ 0, 0, 1, 0 ], [ 0, 0, 0, 1 ] ] ]),BoundaryImage:=rec(ListIFace:=[  ],ListSign:=[  ],ListElt:=[  ])),rec(TheMatrixStab:=Group([ [ [ -26, -1, 14, 6 ], [ 17, -26, -102, 14 ], [ -18, 4, 26, 1 ], 
      [ -68, -18, -17, 26 ] ], 
  [ [ -6, 5, 21, -2 ], [ -85, -6, 34, 21 ], [ 12, 4, 6, -5 ], 
      [ -68, 12, 85, 6 ] ], 
  [ [ -1, -4, -14, 3 ], [ 68, -1, -51, -14 ], [ -12, -2, 1, 4 ], 
      [ 34, -12, -68, 1 ] ], 
  [ [ -1, 0, 0, 0 ], [ 0, -1, 0, 0 ], [ 0, 0, -1, 0 ], [ 0, 0, 0, -1 ] ], 
  [ [ 1, 0, 0, 0 ], [ 0, 1, 0, 0 ], [ 0, 0, 1, 0 ], [ 0, 0, 0, 1 ] ], 
  [ [ 1, 4, 14, -3 ], [ -68, 1, 51, 14 ], [ 12, 2, -1, -4 ], 
      [ -34, 12, 68, -1 ] ], 
  [ [ 6, -5, -21, 2 ], [ 85, 6, -34, -21 ], [ -12, -4, -6, 5 ], 
      [ 68, -12, -85, -6 ] ], 
  [ [ 26, 1, -14, -6 ], [ -17, 26, 102, -14 ], [ 18, -4, -26, -1 ], 
      [ 68, 18, 17, -26 ] ] ]),TheRotSubgroup:=Group([ [ [ -26, -1, 14, 6 ], [ 17, -26, -102, 14 ], [ -18, 4, 26, 1 ], 
      [ -68, -18, -17, 26 ] ], 
  [ [ -6, 5, 21, -2 ], [ -85, -6, 34, 21 ], [ 12, 4, 6, -5 ], 
      [ -68, 12, 85, 6 ] ], 
  [ [ -1, -4, -14, 3 ], [ 68, -1, -51, -14 ], [ -12, -2, 1, 4 ], 
      [ 34, -12, -68, 1 ] ], 
  [ [ -1, 0, 0, 0 ], [ 0, -1, 0, 0 ], [ 0, 0, -1, 0 ], [ 0, 0, 0, -1 ] ], 
  [ [ 1, 0, 0, 0 ], [ 0, 1, 0, 0 ], [ 0, 0, 1, 0 ], [ 0, 0, 0, 1 ] ], 
  [ [ 1, 4, 14, -3 ], [ -68, 1, 51, 14 ], [ 12, 2, -1, -4 ], 
      [ -34, 12, 68, -1 ] ], 
  [ [ 6, -5, -21, 2 ], [ 85, 6, -34, -21 ], [ -12, -4, -6, 5 ], 
      [ 68, -12, -85, -6 ] ], 
  [ [ 26, 1, -14, -6 ], [ -17, 26, 102, -14 ], [ 18, -4, -26, -1 ], 
      [ 68, 18, 17, -26 ] ] ]),BoundaryImage:=rec(ListIFace:=[  ],ListSign:=[  ],ListElt:=[  ])),rec(TheMatrixStab:=Group([ [ [ -36, 23, 96, -4 ], [ -391, -36, 68, 96 ], [ 66, 20, 36, -23 ], 
      [ -340, 66, 391, 36 ] ], 
  [ [ -1, 0, 0, 0 ], [ 0, -1, 0, 0 ], [ 0, 0, -1, 0 ], [ 0, 0, 0, -1 ] ], 
  [ [ 1, 0, 0, 0 ], [ 0, 1, 0, 0 ], [ 0, 0, 1, 0 ], [ 0, 0, 0, 1 ] ], 
  [ [ 36, -23, -96, 4 ], [ 391, 36, -68, -96 ], [ -66, -20, -36, 23 ], 
      [ 340, -66, -391, -36 ] ] ]),TheRotSubgroup:=Group([ [ [ -36, 23, 96, -4 ], [ -391, -36, 68, 96 ], [ 66, 20, 36, -23 ], 
      [ -340, 66, 391, 36 ] ], 
  [ [ -1, 0, 0, 0 ], [ 0, -1, 0, 0 ], [ 0, 0, -1, 0 ], [ 0, 0, 0, -1 ] ], 
  [ [ 1, 0, 0, 0 ], [ 0, 1, 0, 0 ], [ 0, 0, 1, 0 ], [ 0, 0, 0, 1 ] ], 
  [ [ 36, -23, -96, 4 ], [ 391, 36, -68, -96 ], [ -66, -20, -36, 23 ], 
      [ 340, -66, -391, -36 ] ] ]),BoundaryImage:=rec(ListIFace:=[  ],ListSign:=[  ],ListElt:=[  ]))],[rec(TheMatrixStab:=Group([ [ [ -1, 0, 0, 0 ], [ 0, -1, 0, 0 ], [ 0, 0, -1, 0 ], [ 0, 0, 0, -1 ] ], 
  [ [ 1, 0, 0, 0 ], [ 0, 1, 0, 0 ], [ 0, 0, 1, 0 ], [ 0, 0, 0, 1 ] ] ]),TheRotSubgroup:=Group([ [ [ -1, 0, 0, 0 ], [ 0, -1, 0, 0 ], [ 0, 0, -1, 0 ], [ 0, 0, 0, -1 ] ], 
  [ [ 1, 0, 0, 0 ], [ 0, 1, 0, 0 ], [ 0, 0, 1, 0 ], [ 0, 0, 0, 1 ] ] ]),BoundaryImage:=rec(ListIFace:=[ 1, 2 ],ListSign:=[ -1, 1 ],ListElt:=[ [ [ -2, 1, 5, 0 ], [ -17, -2, 0, 5 ], [ 2, 1, 3, -1 ], [ -17, 2, 17, 3 ] ], 
  [ [ -1, 0, 0, 0 ], [ 0, -1, 0, 0 ], [ 0, 0, -1, 0 ], [ 0, 0, 0, -1 ] ] ])),rec(TheMatrixStab:=Group([ [ [ -19, 2, 22, 3 ], [ -34, -19, -51, 22 ], [ -4, 4, 19, -2 ], 
      [ -68, -4, 34, 19 ] ], 
  [ [ -16, -3, 0, 6 ], [ 51, -16, -102, 0 ], [ -16, 1, 16, 3 ], 
      [ -17, -16, -51, 16 ] ], 
  [ [ -3, 1, 5, 0 ], [ -17, -3, 0, 5 ], [ 2, 1, 2, -1 ], [ -17, 2, 17, 2 ] ], 
  [ [ -3, 5, 22, -3 ], [ -85, -3, 51, 22 ], [ 12, 3, 3, -5 ], 
      [ -51, 12, 85, 3 ] ], 
  [ [ -2, 1, 5, 0 ], [ -17, -2, 0, 5 ], [ 2, 1, 3, -1 ], [ -17, 2, 17, 3 ] ], 
  [ [ -1, 0, 0, 0 ], [ 0, -1, 0, 0 ], [ 0, 0, -1, 0 ], [ 0, 0, 0, -1 ] ], 
  [ [ 1, 0, 0, 0 ], [ 0, 1, 0, 0 ], [ 0, 0, 1, 0 ], [ 0, 0, 0, 1 ] ], 
  [ [ 2, -1, -5, 0 ], [ 17, 2, 0, -5 ], [ -2, -1, -3, 1 ], 
      [ 17, -2, -17, -3 ] ], 
  [ [ 3, -5, -22, 3 ], [ 85, 3, -51, -22 ], [ -12, -3, -3, 5 ], 
      [ 51, -12, -85, -3 ] ], 
  [ [ 3, -1, -5, 0 ], [ 17, 3, 0, -5 ], [ -2, -1, -2, 1 ], 
      [ 17, -2, -17, -2 ] ], 
  [ [ 16, 3, 0, -6 ], [ -51, 16, 102, 0 ], [ 16, -1, -16, -3 ], 
      [ 17, 16, 51, -16 ] ], 
  [ [ 19, -2, -22, -3 ], [ 34, 19, 51, -22 ], [ 4, -4, -19, 2 ], 
      [ 68, 4, -34, -19 ] ] ]),TheRotSubgroup:=Group([ [ [ -3, 1, 5, 0 ], [ -17, -3, 0, 5 ], [ 2, 1, 2, -1 ], [ -17, 2, 17, 2 ] ], 
  [ [ -2, 1, 5, 0 ], [ -17, -2, 0, 5 ], [ 2, 1, 3, -1 ], [ -17, 2, 17, 3 ] ], 
  [ [ -1, 0, 0, 0 ], [ 0, -1, 0, 0 ], [ 0, 0, -1, 0 ], [ 0, 0, 0, -1 ] ], 
  [ [ 1, 0, 0, 0 ], [ 0, 1, 0, 0 ], [ 0, 0, 1, 0 ], [ 0, 0, 0, 1 ] ], 
  [ [ 2, -1, -5, 0 ], [ 17, 2, 0, -5 ], [ -2, -1, -3, 1 ], 
      [ 17, -2, -17, -3 ] ], 
  [ [ 3, -1, -5, 0 ], [ 17, 3, 0, -5 ], [ -2, -1, -2, 1 ], 
      [ 17, -2, -17, -2 ] ] ]),BoundaryImage:=rec(ListIFace:=[ 1, 1 ],ListSign:=[ -1, 1 ],ListElt:=[ [ [ -2, -1, -3, 1 ], [ 17, -2, -17, -3 ], [ -4, 0, 2, 1 ], 
      [ 0, -4, -17, 2 ] ], 
  [ [ 16, -3, -16, -3 ], [ 51, 16, 51, -16 ], [ 0, -4, -16, 1 ], 
      [ 68, 0, -17, -16 ] ] ])),rec(TheMatrixStab:=Group([ [ [ -1, 0, 0, 0 ], [ 0, -1, 0, 0 ], [ 0, 0, -1, 0 ], [ 0, 0, 0, -1 ] ], 
  [ [ 1, 0, 0, 0 ], [ 0, 1, 0, 0 ], [ 0, 0, 1, 0 ], [ 0, 0, 0, 1 ] ] ]),TheRotSubgroup:=Group([ [ [ -1, 0, 0, 0 ], [ 0, -1, 0, 0 ], [ 0, 0, -1, 0 ], [ 0, 0, 0, -1 ] ], 
  [ [ 1, 0, 0, 0 ], [ 0, 1, 0, 0 ], [ 0, 0, 1, 0 ], [ 0, 0, 0, 1 ] ] ]),BoundaryImage:=rec(ListIFace:=[ 1, 2 ],ListSign:=[ -1, 1 ],ListElt:=[ [ [ 3, -1, -5, 0 ], [ 17, 3, 0, -5 ], [ -2, -1, -2, 1 ], 
      [ 17, -2, -17, -2 ] ], 
  [ [ 33, -7, -40, -3 ], [ 119, 33, 51, -40 ], [ -5, -10, -31, 6 ], 
      [ 170, -5, -102, -31 ] ] ])),rec(TheMatrixStab:=Group([ [ [ -37, 2, 29, 7 ], [ -34, -37, -119, 29 ], [ -12, 8, 37, -2 ], 
      [ -136, -12, 34, 37 ] ], 
  [ [ -8, -9, -29, 7 ], [ 153, -8, -119, -29 ], [ -33, -3, 8, 9 ], 
      [ 51, -33, -153, 8 ] ], 
  [ [ -2, 1, 4, 0 ], [ -17, -2, 0, 4 ], [ 3, 1, 2, -1 ], [ -17, 3, 17, 2 ] ], 
  [ [ -1, 0, 0, 0 ], [ 0, -1, 0, 0 ], [ 0, 0, -1, 0 ], [ 0, 0, 0, -1 ] ], 
  [ [ 1, 0, 0, 0 ], [ 0, 1, 0, 0 ], [ 0, 0, 1, 0 ], [ 0, 0, 0, 1 ] ], 
  [ [ 2, -1, -4, 0 ], [ 17, 2, 0, -4 ], [ -3, -1, -2, 1 ], 
      [ 17, -3, -17, -2 ] ], 
  [ [ 8, 9, 29, -7 ], [ -153, 8, 119, 29 ], [ 33, 3, -8, -9 ], 
      [ -51, 33, 153, -8 ] ], 
  [ [ 37, -2, -29, -7 ], [ 34, 37, 119, -29 ], [ 12, -8, -37, 2 ], 
      [ 136, 12, -34, -37 ] ] ]),TheRotSubgroup:=Group([ [ [ -2, 1, 4, 0 ], [ -17, -2, 0, 4 ], [ 3, 1, 2, -1 ], [ -17, 3, 17, 2 ] ], 
  [ [ -1, 0, 0, 0 ], [ 0, -1, 0, 0 ], [ 0, 0, -1, 0 ], [ 0, 0, 0, -1 ] ], 
  [ [ 1, 0, 0, 0 ], [ 0, 1, 0, 0 ], [ 0, 0, 1, 0 ], [ 0, 0, 0, 1 ] ], 
  [ [ 2, -1, -4, 0 ], [ 17, 2, 0, -4 ], [ -3, -1, -2, 1 ], 
      [ 17, -3, -17, -2 ] ] ]),BoundaryImage:=rec(ListIFace:=[ 1, 1 ],ListSign:=[ -1, 1 ],ListElt:=[ [ [ 1, 0, -1, 0 ], [ 0, 1, 0, -1 ], [ 1, 0, 0, 0 ], [ 0, 1, 0, 0 ] ], 
  [ [ 0, 4, 21, -2 ], [ -68, 0, 34, 21 ], [ 13, 2, 4, -5 ], 
      [ -34, 13, 85, 4 ] ] ])),rec(TheMatrixStab:=Group([ [ [ -1, 0, 0, 0 ], [ 0, -1, 0, 0 ], [ 0, 0, -1, 0 ], [ 0, 0, 0, -1 ] ], 
  [ [ 1, 0, 0, 0 ], [ 0, 1, 0, 0 ], [ 0, 0, 1, 0 ], [ 0, 0, 0, 1 ] ] ]),TheRotSubgroup:=Group([ [ [ -1, 0, 0, 0 ], [ 0, -1, 0, 0 ], [ 0, 0, -1, 0 ], [ 0, 0, 0, -1 ] ], 
  [ [ 1, 0, 0, 0 ], [ 0, 1, 0, 0 ], [ 0, 0, 1, 0 ], [ 0, 0, 0, 1 ] ] ]),BoundaryImage:=rec(ListIFace:=[ 1, 3 ],ListSign:=[ -1, 1 ],ListElt:=[ [ [ -3, -1, -2, 1 ], [ 17, -3, -17, -2 ], [ -5, 0, 2, 1 ], 
      [ 0, -5, -17, 2 ] ], 
  [ [ -1, 0, 0, 0 ], [ 0, -1, 0, 0 ], [ 0, 0, -1, 0 ], [ 0, 0, 0, -1 ] ] ])),rec(TheMatrixStab:=Group([ [ [ -36, -5, 5, 10 ], [ 85, -36, -170, 5 ], [ -38, 4, 36, 5 ], 
      [ -68, -38, -85, 36 ] ], 
  [ [ -36, 5, 38, 4 ], [ -85, -36, -68, 38 ], [ -5, 10, 36, -5 ], 
      [ -170, -5, 85, 36 ] ], 
  [ [ -5, 0, 2, 1 ], [ 0, -5, -17, 2 ], [ -2, 1, 4, 0 ], [ -17, -2, 0, 4 ] ], 
  [ [ -4, 0, 2, 1 ], [ 0, -4, -17, 2 ], [ -2, 1, 5, 0 ], [ -17, -2, 0, 5 ] ], 
  [ [ -1, 0, 0, 0 ], [ 0, -1, 0, 0 ], [ 0, 0, -1, 0 ], [ 0, 0, 0, -1 ] ], 
  [ [ 0, -10, -33, 6 ], [ 170, 0, -102, -33 ], [ -33, -6, 0, 10 ], 
      [ 102, -33, -170, 0 ] ], 
  [ [ 0, 10, 33, -6 ], [ -170, 0, 102, 33 ], [ 33, 6, 0, -10 ], 
      [ -102, 33, 170, 0 ] ], 
  [ [ 1, 0, 0, 0 ], [ 0, 1, 0, 0 ], [ 0, 0, 1, 0 ], [ 0, 0, 0, 1 ] ], 
  [ [ 4, 0, -2, -1 ], [ 0, 4, 17, -2 ], [ 2, -1, -5, 0 ], [ 17, 2, 0, -5 ] ], 
  [ [ 5, 0, -2, -1 ], [ 0, 5, 17, -2 ], [ 2, -1, -4, 0 ], [ 17, 2, 0, -4 ] ], 
  [ [ 36, -5, -38, -4 ], [ 85, 36, 68, -38 ], [ 5, -10, -36, 5 ], 
      [ 170, 5, -85, -36 ] ], 
  [ [ 36, 5, -5, -10 ], [ -85, 36, 170, -5 ], [ 38, -4, -36, -5 ], 
      [ 68, 38, 85, -36 ] ] ]),TheRotSubgroup:=Group([ [ [ -5, 0, 2, 1 ], [ 0, -5, -17, 2 ], [ -2, 1, 4, 0 ], [ -17, -2, 0, 4 ] ], 
  [ [ -4, 0, 2, 1 ], [ 0, -4, -17, 2 ], [ -2, 1, 5, 0 ], [ -17, -2, 0, 5 ] ], 
  [ [ -1, 0, 0, 0 ], [ 0, -1, 0, 0 ], [ 0, 0, -1, 0 ], [ 0, 0, 0, -1 ] ], 
  [ [ 1, 0, 0, 0 ], [ 0, 1, 0, 0 ], [ 0, 0, 1, 0 ], [ 0, 0, 0, 1 ] ], 
  [ [ 4, 0, -2, -1 ], [ 0, 4, 17, -2 ], [ 2, -1, -5, 0 ], [ 17, 2, 0, -5 ] ], 
  [ [ 5, 0, -2, -1 ], [ 0, 5, 17, -2 ], [ 2, -1, -4, 0 ], [ 17, 2, 0, -4 ] ] ]),BoundaryImage:=rec(ListIFace:=[ 1, 1 ],ListSign:=[ -1, 1 ],ListElt:=[ [ [ -4, 0, 2, 1 ], [ 0, -4, -17, 2 ], [ -2, 1, 5, 0 ], [ -17, -2, 0, 5 ] ], 
  [ [ 5, 0, -2, 1 ], [ 0, 5, -17, -2 ], [ 3, -1, 2, 1 ], [ 17, 3, -17, 2 ] ] ])),rec(TheMatrixStab:=Group([ [ [ -1, 0, 0, 0 ], [ 0, -1, 0, 0 ], [ 0, 0, -1, 0 ], [ 0, 0, 0, -1 ] ], 
  [ [ 1, 0, 0, 0 ], [ 0, 1, 0, 0 ], [ 0, 0, 1, 0 ], [ 0, 0, 0, 1 ] ] ]),TheRotSubgroup:=Group([ [ [ -1, 0, 0, 0 ], [ 0, -1, 0, 0 ], [ 0, 0, -1, 0 ], [ 0, 0, 0, -1 ] ], 
  [ [ 1, 0, 0, 0 ], [ 0, 1, 0, 0 ], [ 0, 0, 1, 0 ], [ 0, 0, 0, 1 ] ] ]),BoundaryImage:=rec(ListIFace:=[ 2, 4 ],ListSign:=[ -1, 1 ],ListElt:=[ [ [ 1, 0, 0, 0 ], [ 0, 1, 0, 0 ], [ 0, 0, 1, 0 ], [ 0, 0, 0, 1 ] ], 
  [ [ -36, 23, 96, -4 ], [ -391, -36, 68, 96 ], [ 66, 20, 36, -23 ], 
      [ -340, 66, 391, 36 ] ] ])),rec(TheMatrixStab:=Group([ [ [ -1, 0, 0, 0 ], [ 0, -1, 0, 0 ], [ 0, 0, -1, 0 ], [ 0, 0, 0, -1 ] ], 
  [ [ 1, 0, 0, 0 ], [ 0, 1, 0, 0 ], [ 0, 0, 1, 0 ], [ 0, 0, 0, 1 ] ] ]),TheRotSubgroup:=Group([ [ [ -1, 0, 0, 0 ], [ 0, -1, 0, 0 ], [ 0, 0, -1, 0 ], [ 0, 0, 0, -1 ] ], 
  [ [ 1, 0, 0, 0 ], [ 0, 1, 0, 0 ], [ 0, 0, 1, 0 ], [ 0, 0, 0, 1 ] ] ]),BoundaryImage:=rec(ListIFace:=[ 2, 4 ],ListSign:=[ -1, 1 ],ListElt:=[ [ [ 1, 0, 0, 0 ], [ 0, 1, 0, 0 ], [ 0, 0, 1, 0 ], [ 0, 0, 0, 1 ] ], 
  [ [ 51, 20, 43, -20 ], [ -340, 51, 340, 43 ], [ 100, 0, -49, -20 ], 
      [ 0, 100, 340, -49 ] ] ])),rec(TheMatrixStab:=Group([ [ [ -26, -1, 14, 6 ], [ 17, -26, -102, 14 ], [ -18, 4, 26, 1 ], 
      [ -68, -18, -17, 26 ] ], 
  [ [ -1, 0, 0, 0 ], [ 0, -1, 0, 0 ], [ 0, 0, -1, 0 ], [ 0, 0, 0, -1 ] ], 
  [ [ 1, 0, 0, 0 ], [ 0, 1, 0, 0 ], [ 0, 0, 1, 0 ], [ 0, 0, 0, 1 ] ], 
  [ [ 26, 1, -14, -6 ], [ -17, 26, 102, -14 ], [ 18, -4, -26, -1 ], 
      [ 68, 18, 17, -26 ] ] ]),TheRotSubgroup:=Group([ [ [ -26, -1, 14, 6 ], [ 17, -26, -102, 14 ], [ -18, 4, 26, 1 ], 
      [ -68, -18, -17, 26 ] ], 
  [ [ -1, 0, 0, 0 ], [ 0, -1, 0, 0 ], [ 0, 0, -1, 0 ], [ 0, 0, 0, -1 ] ], 
  [ [ 1, 0, 0, 0 ], [ 0, 1, 0, 0 ], [ 0, 0, 1, 0 ], [ 0, 0, 0, 1 ] ], 
  [ [ 26, 1, -14, -6 ], [ -17, 26, 102, -14 ], [ 18, -4, -26, -1 ], 
      [ 68, 18, 17, -26 ] ] ]),BoundaryImage:=rec(ListIFace:=[ 3, 4 ],ListSign:=[ -1, 1 ],ListElt:=[ [ [ -1, -4, -14, 3 ], [ 68, -1, -51, -14 ], [ -12, -2, 1, 4 ], 
      [ 34, -12, -68, 1 ] ], 
  [ [ -6, 13, 47, -5 ], [ -221, -6, 85, 47 ], [ 36, 8, 10, -11 ], 
      [ -136, 36, 187, 10 ] ] ])),rec(TheMatrixStab:=Group([ [ [ -1, 0, 0, 0 ], [ 0, -1, 0, 0 ], [ 0, 0, -1, 0 ], [ 0, 0, 0, -1 ] ], 
  [ [ 1, 0, 0, 0 ], [ 0, 1, 0, 0 ], [ 0, 0, 1, 0 ], [ 0, 0, 0, 1 ] ] ]),TheRotSubgroup:=Group([ [ [ -1, 0, 0, 0 ], [ 0, -1, 0, 0 ], [ 0, 0, -1, 0 ], [ 0, 0, 0, -1 ] ], 
  [ [ 1, 0, 0, 0 ], [ 0, 1, 0, 0 ], [ 0, 0, 1, 0 ], [ 0, 0, 0, 1 ] ] ]),BoundaryImage:=rec(ListIFace:=[ 3, 4 ],ListSign:=[ -1, 1 ],ListElt:=[ [ [ -1, -4, -14, 3 ], [ 68, -1, -51, -14 ], [ -12, -2, 1, 4 ], 
      [ 34, -12, -68, 1 ] ], 
  [ [ -75, 23, 115, 4 ], [ -391, -75, -68, 115 ], [ 27, 26, 76, -18 ], 
      [ -442, 27, 306, 76 ] ] ])),rec(TheMatrixStab:=Group([ [ [ -1, 0, 0, 0 ], [ 0, -1, 0, 0 ], [ 0, 0, -1, 0 ], [ 0, 0, 0, -1 ] ], 
  [ [ 1, 0, 0, 0 ], [ 0, 1, 0, 0 ], [ 0, 0, 1, 0 ], [ 0, 0, 0, 1 ] ] ]),TheRotSubgroup:=Group([ [ [ -1, 0, 0, 0 ], [ 0, -1, 0, 0 ], [ 0, 0, -1, 0 ], [ 0, 0, 0, -1 ] ], 
  [ [ 1, 0, 0, 0 ], [ 0, 1, 0, 0 ], [ 0, 0, 1, 0 ], [ 0, 0, 0, 1 ] ] ]),BoundaryImage:=rec(ListIFace:=[ 3, 4 ],ListSign:=[ -1, 1 ],ListElt:=[ [ [ -26, -1, 14, 6 ], [ 17, -26, -102, 14 ], [ -18, 4, 26, 1 ], 
      [ -68, -18, -17, 26 ] ], 
  [ [ 35, 2, -9, -8 ], [ -34, 35, 136, -9 ], [ 26, -5, -29, -3 ], 
      [ 85, 26, 51, -29 ] ] ])),rec(TheMatrixStab:=Group([ [ [ -86, 3, 53, 16 ], [ -51, -86, -272, 53 ], [ -34, 20, 86, -3 ], 
      [ -340, -34, 51, 86 ] ], 
  [ [ -36, 23, 96, -4 ], [ -391, -36, 68, 96 ], [ 66, 20, 36, -23 ], 
      [ -340, 66, 391, 36 ] ], 
  [ [ -19, 30, 112, -11 ], [ -510, -19, 187, 112 ], [ 100, 20, 19, -30 ], 
      [ -340, 100, 510, 19 ] ], 
  [ [ -1, 0, 0, 0 ], [ 0, -1, 0, 0 ], [ 0, 0, -1, 0 ], [ 0, 0, 0, -1 ] ], 
  [ [ 1, 0, 0, 0 ], [ 0, 1, 0, 0 ], [ 0, 0, 1, 0 ], [ 0, 0, 0, 1 ] ], 
  [ [ 19, -30, -112, 11 ], [ 510, 19, -187, -112 ], [ -100, -20, -19, 30 ], 
      [ 340, -100, -510, -19 ] ], 
  [ [ 36, -23, -96, 4 ], [ 391, 36, -68, -96 ], [ -66, -20, -36, 23 ], 
      [ 340, -66, -391, -36 ] ], 
  [ [ 86, -3, -53, -16 ], [ 51, 86, 272, -53 ], [ 34, -20, -86, 3 ], 
      [ 340, 34, -51, -86 ] ] ]),TheRotSubgroup:=Group([ [ [ -36, 23, 96, -4 ], [ -391, -36, 68, 96 ], [ 66, 20, 36, -23 ], 
      [ -340, 66, 391, 36 ] ], 
  [ [ -1, 0, 0, 0 ], [ 0, -1, 0, 0 ], [ 0, 0, -1, 0 ], [ 0, 0, 0, -1 ] ], 
  [ [ 1, 0, 0, 0 ], [ 0, 1, 0, 0 ], [ 0, 0, 1, 0 ], [ 0, 0, 0, 1 ] ], 
  [ [ 36, -23, -96, 4 ], [ 391, 36, -68, -96 ], [ -66, -20, -36, 23 ], 
      [ 340, -66, -391, -36 ] ] ]),BoundaryImage:=rec(ListIFace:=[ 4, 4 ],ListSign:=[ -1, 1 ],ListElt:=[ [ [ 86, -3, -53, -16 ], [ 51, 86, 272, -53 ], [ 34, -20, -86, 3 ], 
      [ 340, 34, -51, -86 ] ], 
  [ [ -36, 23, 96, -4 ], [ -391, -36, 68, 96 ], [ 66, 20, 36, -23 ], 
      [ -340, 66, 391, 36 ] ] ]))],[rec(TheMatrixStab:=Group([ [ [ -1, 0, 0, 0 ], [ 0, -1, 0, 0 ], [ 0, 0, -1, 0 ], [ 0, 0, 0, -1 ] ], 
  [ [ 1, 0, 0, 0 ], [ 0, 1, 0, 0 ], [ 0, 0, 1, 0 ], [ 0, 0, 0, 1 ] ] ]),TheRotSubgroup:=Group([ [ [ -1, 0, 0, 0 ], [ 0, -1, 0, 0 ], [ 0, 0, -1, 0 ], [ 0, 0, 0, -1 ] ], 
  [ [ 1, 0, 0, 0 ], [ 0, 1, 0, 0 ], [ 0, 0, 1, 0 ], [ 0, 0, 0, 1 ] ] ]),BoundaryImage:=rec(ListIFace:=[ 1, 5, 11, 8 ],ListSign:=[ 1, -1, -1, 1 ],ListElt:=[ [ [ -1, 0, 0, 0 ], [ 0, -1, 0, 0 ], [ 0, 0, -1, 0 ], [ 0, 0, 0, -1 ] ], 
  [ [ -5, 0, 2, 1 ], [ 0, -5, -17, 2 ], [ -2, 1, 4, 0 ], [ -17, -2, 0, 4 ] ], 
  [ [ 14, 5, 8, -6 ], [ -85, 14, 102, 8 ], [ 25, 0, -16, -5 ], 
      [ 0, 25, 85, -16 ] ], 
  [ [ -1, 0, 0, 0 ], [ 0, -1, 0, 0 ], [ 0, 0, -1, 0 ], [ 0, 0, 0, -1 ] ] ])),rec(TheMatrixStab:=Group([ [ [ -31, -12, -24, 12 ], [ 204, -31, -204, -24 ], [ -62, 0, 31, 12 ], 
      [ 0, -62, -204, 31 ] ], 
  [ [ -1, 0, 0, 0 ], [ 0, -1, 0, 0 ], [ 0, 0, -1, 0 ], [ 0, 0, 0, -1 ] ], 
  [ [ 1, 0, 0, 0 ], [ 0, 1, 0, 0 ], [ 0, 0, 1, 0 ], [ 0, 0, 0, 1 ] ], 
  [ [ 31, 12, 24, -12 ], [ -204, 31, 204, 24 ], [ 62, 0, -31, -12 ], 
      [ 0, 62, 204, -31 ] ] ]),TheRotSubgroup:=Group([ [ [ -31, -12, -24, 12 ], [ 204, -31, -204, -24 ], [ -62, 0, 31, 12 ], 
      [ 0, -62, -204, 31 ] ], 
  [ [ -1, 0, 0, 0 ], [ 0, -1, 0, 0 ], [ 0, 0, -1, 0 ], [ 0, 0, 0, -1 ] ], 
  [ [ 1, 0, 0, 0 ], [ 0, 1, 0, 0 ], [ 0, 0, 1, 0 ], [ 0, 0, 0, 1 ] ], 
  [ [ 31, 12, 24, -12 ], [ -204, 31, 204, 24 ], [ 62, 0, -31, -12 ], 
      [ 0, 62, 204, -31 ] ] ]),BoundaryImage:=rec(ListIFace:=[ 1, 4, 3, 3, 4, 1 ],ListSign:=[ 1, 1, -1, -1, -1, 1 ],ListElt:=[ [ [ 1, 0, 0, 0 ], [ 0, 1, 0, 0 ], [ 0, 0, 1, 0 ], [ 0, 0, 0, 1 ] ], 
  [ [ -25, 6, 37, 2 ], [ -102, -25, -34, 37 ], [ 8, 9, 29, -7 ], 
      [ -153, 8, 119, 29 ] ], 
  [ [ -25, -6, -8, 9 ], [ 102, -25, -153, -8 ], [ -37, 2, 29, 7 ], 
      [ -34, -37, -119, 29 ] ], 
  [ [ 31, -6, -40, -3 ], [ 102, 31, 51, -40 ], [ -5, -10, -33, 7 ], 
      [ 170, -5, -119, -33 ] ], 
  [ [ -1, 12, 46, -7 ], [ -204, -1, 119, 46 ], [ 44, 7, 0, -14 ], 
      [ -119, 44, 238, 0 ] ], 
  [ [ 31, 12, 24, -12 ], [ -204, 31, 204, 24 ], [ 62, 0, -31, -12 ], 
      [ 0, 62, 204, -31 ] ] ])),rec(TheMatrixStab:=Group([ [ [ -1, 0, 0, 0 ], [ 0, -1, 0, 0 ], [ 0, 0, -1, 0 ], [ 0, 0, 0, -1 ] ], 
  [ [ 1, 0, 0, 0 ], [ 0, 1, 0, 0 ], [ 0, 0, 1, 0 ], [ 0, 0, 0, 1 ] ] ]),TheRotSubgroup:=Group([ [ [ -1, 0, 0, 0 ], [ 0, -1, 0, 0 ], [ 0, 0, -1, 0 ], [ 0, 0, 0, -1 ] ], 
  [ [ 1, 0, 0, 0 ], [ 0, 1, 0, 0 ], [ 0, 0, 1, 0 ], [ 0, 0, 0, 1 ] ] ]),BoundaryImage:=rec(ListIFace:=[ 1, 7, 11, 5 ],ListSign:=[ 1, 1, -1, -1 ],ListElt:=[ [ [ -1, 0, 0, 0 ], [ 0, -1, 0, 0 ], [ 0, 0, -1, 0 ], [ 0, 0, 0, -1 ] ], 
  [ [ -1, 0, 0, 0 ], [ 0, -1, 0, 0 ], [ 0, 0, -1, 0 ], [ 0, 0, 0, -1 ] ], 
  [ [ -29, -3, 9, 8 ], [ 51, -29, -136, 9 ], [ -26, 5, 35, 2 ], 
      [ -85, -26, -34, 35 ] ], 
  [ [ 3, 1, 2, -1 ], [ -17, 3, 17, 2 ], [ 5, 0, -2, -1 ], [ 0, 5, 17, -2 ] ] ])),rec(TheMatrixStab:=Group([ [ [ -19, 2, 22, 3 ], [ -34, -19, -51, 22 ], [ -4, 4, 19, -2 ], 
      [ -68, -4, 34, 19 ] ], 
  [ [ -7, -6, -18, 6 ], [ 102, -7, -102, -18 ], [ -20, -2, 7, 6 ], 
      [ 34, -20, -102, 7 ] ], 
  [ [ -1, -4, -14, 3 ], [ 68, -1, -51, -14 ], [ -12, -2, 1, 4 ], 
      [ 34, -12, -68, 1 ] ], 
  [ [ -1, 0, 0, 0 ], [ 0, -1, 0, 0 ], [ 0, 0, -1, 0 ], [ 0, 0, 0, -1 ] ], 
  [ [ 1, 0, 0, 0 ], [ 0, 1, 0, 0 ], [ 0, 0, 1, 0 ], [ 0, 0, 0, 1 ] ], 
  [ [ 1, 4, 14, -3 ], [ -68, 1, 51, 14 ], [ 12, 2, -1, -4 ], 
      [ -34, 12, 68, -1 ] ], 
  [ [ 7, 6, 18, -6 ], [ -102, 7, 102, 18 ], [ 20, 2, -7, -6 ], 
      [ -34, 20, 102, -7 ] ], 
  [ [ 19, -2, -22, -3 ], [ 34, 19, 51, -22 ], [ 4, -4, -19, 2 ], 
      [ 68, 4, -34, -19 ] ] ]),TheRotSubgroup:=Group([ [ [ -7, -6, -18, 6 ], [ 102, -7, -102, -18 ], [ -20, -2, 7, 6 ], 
      [ 34, -20, -102, 7 ] ], 
  [ [ -1, 0, 0, 0 ], [ 0, -1, 0, 0 ], [ 0, 0, -1, 0 ], [ 0, 0, 0, -1 ] ], 
  [ [ 1, 0, 0, 0 ], [ 0, 1, 0, 0 ], [ 0, 0, 1, 0 ], [ 0, 0, 0, 1 ] ], 
  [ [ 7, 6, 18, -6 ], [ -102, 7, 102, 18 ], [ 20, 2, -7, -6 ], 
      [ -34, 20, 102, -7 ] ] ]),BoundaryImage:=rec(ListIFace:=[ 2, 5, 5, 2, 5, 5 ],ListSign:=[ 1, 1, -1, -1, 1, -1 ],ListElt:=[ [ [ -2, 1, 5, 0 ], [ -17, -2, 0, 5 ], [ 2, 1, 3, -1 ], [ -17, 2, 17, 3 ] ], 
  [ [ -19, 2, 22, 3 ], [ -34, -19, -51, 22 ], [ -4, 4, 19, -2 ], 
      [ -68, -4, 34, 19 ] ], 
  [ [ -7, -6, -18, 6 ], [ 102, -7, -102, -18 ], [ -20, -2, 7, 6 ], 
      [ 34, -20, -102, 7 ] ], 
  [ [ -1, -4, -14, 3 ], [ 68, -1, -51, -14 ], [ -12, -2, 1, 4 ], 
      [ 34, -12, -68, 1 ] ], 
  [ [ -1, -4, -14, 3 ], [ 68, -1, -51, -14 ], [ -12, -2, 1, 4 ], 
      [ 34, -12, -68, 1 ] ], 
  [ [ -1, 0, 0, 0 ], [ 0, -1, 0, 0 ], [ 0, 0, -1, 0 ], [ 0, 0, 0, -1 ] ] ])),rec(TheMatrixStab:=Group([ [ [ -1, 0, 0, 0 ], [ 0, -1, 0, 0 ], [ 0, 0, -1, 0 ], [ 0, 0, 0, -1 ] ], 
  [ [ 1, 0, 0, 0 ], [ 0, 1, 0, 0 ], [ 0, 0, 1, 0 ], [ 0, 0, 0, 1 ] ] ]),TheRotSubgroup:=Group([ [ [ -1, 0, 0, 0 ], [ 0, -1, 0, 0 ], [ 0, 0, -1, 0 ], [ 0, 0, 0, -1 ] ], 
  [ [ 1, 0, 0, 0 ], [ 0, 1, 0, 0 ], [ 0, 0, 1, 0 ], [ 0, 0, 0, 1 ] ] ]),BoundaryImage:=rec(ListIFace:=[ 3, 8, 5, 10 ],ListSign:=[ 1, 1, -1, -1 ],ListElt:=[ [ [ -1, 0, 0, 0 ], [ 0, -1, 0, 0 ], [ 0, 0, -1, 0 ], [ 0, 0, 0, -1 ] ], 
  [ [ 33, -7, -40, -3 ], [ 119, 33, 51, -40 ], [ -5, -10, -31, 6 ], 
      [ 170, -5, -102, -31 ] ], 
  [ [ -1, 0, 0, 0 ], [ 0, -1, 0, 0 ], [ 0, 0, -1, 0 ], [ 0, 0, 0, -1 ] ], 
  [ [ 26, 1, -14, -6 ], [ -17, 26, 102, -14 ], [ 18, -4, -26, -1 ], 
      [ 68, 18, 17, -26 ] ] ])),rec(TheMatrixStab:=Group([ [ [ -1, 0, 0, 0 ], [ 0, -1, 0, 0 ], [ 0, 0, -1, 0 ], [ 0, 0, 0, -1 ] ], 
  [ [ 1, 0, 0, 0 ], [ 0, 1, 0, 0 ], [ 0, 0, 1, 0 ], [ 0, 0, 0, 1 ] ] ]),TheRotSubgroup:=Group([ [ [ -1, 0, 0, 0 ], [ 0, -1, 0, 0 ], [ 0, 0, -1, 0 ], [ 0, 0, 0, -1 ] ], 
  [ [ 1, 0, 0, 0 ], [ 0, 1, 0, 0 ], [ 0, 0, 1, 0 ], [ 0, 0, 0, 1 ] ] ]),BoundaryImage:=rec(ListIFace:=[ 3, 7, 10, 5 ],ListSign:=[ 1, 1, -1, -1 ],ListElt:=[ [ [ 1, 0, 0, 0 ], [ 0, 1, 0, 0 ], [ 0, 0, 1, 0 ], [ 0, 0, 0, 1 ] ], 
  [ [ 33, -7, -40, -3 ], [ 119, 33, 51, -40 ], [ -5, -10, -31, 6 ], 
      [ 170, -5, -102, -31 ] ], 
  [ [ -15, -4, -4, 6 ], [ 68, -15, -102, -4 ], [ -22, 1, 19, 4 ], 
      [ -17, -22, -68, 19 ] ], 
  [ [ -5, 0, 2, 1 ], [ 0, -5, -17, 2 ], [ -2, 1, 4, 0 ], [ -17, -2, 0, 4 ] ] ])),rec(TheMatrixStab:=Group([ [ [ -36, -5, 5, 10 ], [ 85, -36, -170, 5 ], [ -38, 4, 36, 5 ], 
      [ -68, -38, -85, 36 ] ], 
  [ [ -21, 10, 46, -2 ], [ -170, -21, 34, 46 ], [ 20, 10, 21, -10 ], 
      [ -170, 20, 170, 21 ] ], 
  [ [ -6, 5, 21, -2 ], [ -85, -6, 34, 21 ], [ 12, 4, 6, -5 ], 
      [ -68, 12, 85, 6 ] ], 
  [ [ -1, 0, 0, 0 ], [ 0, -1, 0, 0 ], [ 0, 0, -1, 0 ], [ 0, 0, 0, -1 ] ], 
  [ [ 1, 0, 0, 0 ], [ 0, 1, 0, 0 ], [ 0, 0, 1, 0 ], [ 0, 0, 0, 1 ] ], 
  [ [ 6, -5, -21, 2 ], [ 85, 6, -34, -21 ], [ -12, -4, -6, 5 ], 
      [ 68, -12, -85, -6 ] ], 
  [ [ 21, -10, -46, 2 ], [ 170, 21, -34, -46 ], [ -20, -10, -21, 10 ], 
      [ 170, -20, -170, -21 ] ], 
  [ [ 36, 5, -5, -10 ], [ -85, 36, 170, -5 ], [ 38, -4, -36, -5 ], 
      [ 68, 38, 85, -36 ] ] ]),TheRotSubgroup:=Group([ [ [ -21, 10, 46, -2 ], [ -170, -21, 34, 46 ], [ 20, 10, 21, -10 ], 
      [ -170, 20, 170, 21 ] ], 
  [ [ -1, 0, 0, 0 ], [ 0, -1, 0, 0 ], [ 0, 0, -1, 0 ], [ 0, 0, 0, -1 ] ], 
  [ [ 1, 0, 0, 0 ], [ 0, 1, 0, 0 ], [ 0, 0, 1, 0 ], [ 0, 0, 0, 1 ] ], 
  [ [ 21, -10, -46, 2 ], [ 170, 21, -34, -46 ], [ -20, -10, -21, 10 ], 
      [ 170, -20, -170, -21 ] ] ]),BoundaryImage:=rec(ListIFace:=[ 5, 5, 6, 5, 6, 5 ],ListSign:=[ 1, -1, 1, -1, 1, 1 ],ListElt:=[ [ [ -1, 0, 0, 0 ], [ 0, -1, 0, 0 ], [ 0, 0, -1, 0 ], [ 0, 0, 0, -1 ] ], 
  [ [ 6, -5, -21, 2 ], [ 85, 6, -34, -21 ], [ -12, -4, -6, 5 ], 
      [ 68, -12, -85, -6 ] ], 
  [ [ -36, -5, 5, 10 ], [ 85, -36, -170, 5 ], [ -38, 4, 36, 5 ], 
      [ -68, -38, -85, 36 ] ], 
  [ [ -36, -5, 5, 10 ], [ 85, -36, -170, 5 ], [ -38, 4, 36, 5 ], 
      [ -68, -38, -85, 36 ] ], 
  [ [ -16, -5, -8, 6 ], [ 85, -16, -102, -8 ], [ -25, 0, 14, 5 ], 
      [ 0, -25, -85, 14 ] ], 
  [ [ 21, -10, -46, 2 ], [ 170, 21, -34, -46 ], [ -20, -10, -21, 10 ], 
      [ 170, -20, -170, -21 ] ] ])),rec(TheMatrixStab:=Group([ [ [ -69, 10, 69, 9 ], [ -170, -69, -153, 69 ], [ 0, 20, 69, -10 ], 
      [ -340, 0, 170, 69 ] ], 
  [ [ -1, 0, 0, 0 ], [ 0, -1, 0, 0 ], [ 0, 0, -1, 0 ], [ 0, 0, 0, -1 ] ], 
  [ [ 1, 0, 0, 0 ], [ 0, 1, 0, 0 ], [ 0, 0, 1, 0 ], [ 0, 0, 0, 1 ] ], 
  [ [ 69, -10, -69, -9 ], [ 170, 69, 153, -69 ], [ 0, -20, -69, 10 ], 
      [ 340, 0, -170, -69 ] ] ]),TheRotSubgroup:=Group([ [ [ -69, 10, 69, 9 ], [ -170, -69, -153, 69 ], [ 0, 20, 69, -10 ], 
      [ -340, 0, 170, 69 ] ], 
  [ [ -1, 0, 0, 0 ], [ 0, -1, 0, 0 ], [ 0, 0, -1, 0 ], [ 0, 0, 0, -1 ] ], 
  [ [ 1, 0, 0, 0 ], [ 0, 1, 0, 0 ], [ 0, 0, 1, 0 ], [ 0, 0, 0, 1 ] ], 
  [ [ 69, -10, -69, -9 ], [ 170, 69, 153, -69 ], [ 0, -20, -69, 10 ], 
      [ 340, 0, -170, -69 ] ] ]),BoundaryImage:=rec(ListIFace:=[ 7, 12, 8, 7, 12, 8 ],ListSign:=[ 1, -1, -1, 1, 1, -1 ],ListElt:=[ [ [ 1, 0, 0, 0 ], [ 0, 1, 0, 0 ], [ 0, 0, 1, 0 ], [ 0, 0, 0, 1 ] ], 
  [ [ -36, 23, 96, -4 ], [ -391, -36, 68, 96 ], [ 66, 20, 36, -23 ], 
      [ -340, 66, 391, 36 ] ], 
  [ [ 69, -10, -69, -9 ], [ 170, 69, 153, -69 ], [ 0, -20, -69, 10 ], 
      [ 340, 0, -170, -69 ] ], 
  [ [ 69, -10, -69, -9 ], [ 170, 69, 153, -69 ], [ 0, -20, -69, 10 ], 
      [ 340, 0, -170, -69 ] ], 
  [ [ 51, 20, 43, -20 ], [ -340, 51, 340, 43 ], [ 100, 0, -49, -20 ], 
      [ 0, 100, 340, -49 ] ], 
  [ [ 1, 0, 0, 0 ], [ 0, 1, 0, 0 ], [ 0, 0, 1, 0 ], [ 0, 0, 0, 1 ] ] ])),rec(TheMatrixStab:=Group([ [ [ -69, 7, 71, 10 ], [ -119, -69, -170, 71 ], [ -17, 16, 69, -7 ], 
      [ -272, -17, 119, 69 ] ], 
  [ [ -1, 0, 0, 0 ], [ 0, -1, 0, 0 ], [ 0, 0, -1, 0 ], [ 0, 0, 0, -1 ] ], 
  [ [ 1, 0, 0, 0 ], [ 0, 1, 0, 0 ], [ 0, 0, 1, 0 ], [ 0, 0, 0, 1 ] ], 
  [ [ 69, -7, -71, -10 ], [ 119, 69, 170, -71 ], [ 17, -16, -69, 7 ], 
      [ 272, 17, -119, -69 ] ] ]),TheRotSubgroup:=Group([ [ [ -69, 7, 71, 10 ], [ -119, -69, -170, 71 ], [ -17, 16, 69, -7 ], 
      [ -272, -17, 119, 69 ] ], 
  [ [ -1, 0, 0, 0 ], [ 0, -1, 0, 0 ], [ 0, 0, -1, 0 ], [ 0, 0, 0, -1 ] ], 
  [ [ 1, 0, 0, 0 ], [ 0, 1, 0, 0 ], [ 0, 0, 1, 0 ], [ 0, 0, 0, 1 ] ], 
  [ [ 69, -7, -71, -10 ], [ 119, 69, 170, -71 ], [ 17, -16, -69, 7 ], 
      [ 272, 17, -119, -69 ] ] ]),BoundaryImage:=rec(ListIFace:=[ 9, 10, 9, 10 ],ListSign:=[ 1, -1, 1, -1 ],ListElt:=[ [ [ -1, 0, 0, 0 ], [ 0, -1, 0, 0 ], [ 0, 0, -1, 0 ], [ 0, 0, 0, -1 ] ], 
  [ [ -1, 0, 0, 0 ], [ 0, -1, 0, 0 ], [ 0, 0, -1, 0 ], [ 0, 0, 0, -1 ] ], 
  [ [ -45, -9, -4, 15 ], [ 153, -45, -255, -4 ], [ -52, 3, 43, 9 ], 
      [ -51, -52, -153, 43 ] ], 
  [ [ -69, 7, 71, 10 ], [ -119, -69, -170, 71 ], [ -17, 16, 69, -7 ], 
      [ -272, -17, 119, 69 ] ] ])),rec(TheMatrixStab:=Group([ [ [ -18, -8, -18, 9 ], [ 136, -18, -153, -18 ], [ -34, -1, 18, 8 ], 
      [ 17, -34, -136, 18 ] ], 
  [ [ -1, 0, 0, 0 ], [ 0, -1, 0, 0 ], [ 0, 0, -1, 0 ], [ 0, 0, 0, -1 ] ], 
  [ [ 1, 0, 0, 0 ], [ 0, 1, 0, 0 ], [ 0, 0, 1, 0 ], [ 0, 0, 0, 1 ] ], 
  [ [ 18, 8, 18, -9 ], [ -136, 18, 153, 18 ], [ 34, 1, -18, -8 ], 
      [ -17, 34, 136, -18 ] ] ]),TheRotSubgroup:=Group([ [ [ -18, -8, -18, 9 ], [ 136, -18, -153, -18 ], [ -34, -1, 18, 8 ], 
      [ 17, -34, -136, 18 ] ], 
  [ [ -1, 0, 0, 0 ], [ 0, -1, 0, 0 ], [ 0, 0, -1, 0 ], [ 0, 0, 0, -1 ] ], 
  [ [ 1, 0, 0, 0 ], [ 0, 1, 0, 0 ], [ 0, 0, 1, 0 ], [ 0, 0, 0, 1 ] ], 
  [ [ 18, 8, 18, -9 ], [ -136, 18, 153, 18 ], [ 34, 1, -18, -8 ], 
      [ -17, 34, 136, -18 ] ] ]),BoundaryImage:=rec(ListIFace:=[ 9, 11, 9, 11 ],ListSign:=[ 1, -1, 1, -1 ],ListElt:=[ [ [ 26, 1, -14, -6 ], [ -17, 26, 102, -14 ], [ 18, -4, -26, -1 ], 
      [ 68, 18, 17, -26 ] ], 
  [ [ 6, -5, -21, 2 ], [ 85, 6, -34, -21 ], [ -12, -4, -6, 5 ], 
      [ 68, -12, -85, -6 ] ], 
  [ [ -44, 8, 57, 4 ], [ -136, -44, -68, 57 ], [ 1, 12, 42, -8 ], 
      [ -204, 1, 136, 42 ] ], 
  [ [ 40, 6, -7, -12 ], [ -102, 40, 204, -7 ], [ 39, -4, -40, -5 ], 
      [ 68, 39, 85, -40 ] ] ]))]];