HAP_GCOMPLEX_SETUP:=[false]; 
HAP_GCOMPLEX_LIST:=[[rec(TheMatrixStab:=Group([ [ [ -1, 0, 0, 0 ], [ 0, -1, 0, 0 ], [ 0, 0, -1, 0 ], [ 0, 0, 0, -1 ] ], 
  [ [ -1, 0, 0, 1 ], [ 0, -1, 3, 0 ], [ 0, 0, 1, 0 ], [ 0, 0, 0, 1 ] ], 
  [ [ 1, 0, 0, -1 ], [ 0, 1, -3, 0 ], [ 0, 0, -1, 0 ], [ 0, 0, 0, -1 ] ], 
  [ [ 1, 0, 0, 0 ], [ 0, 1, 0, 0 ], [ 0, 0, 1, 0 ], [ 0, 0, 0, 1 ] ] ]),TheRotSubgroup:=Group([ [ [ -1, 0, 0, 0 ], [ 0, -1, 0, 0 ], [ 0, 0, -1, 0 ], [ 0, 0, 0, -1 ] ], 
  [ [ -1, 0, 0, 1 ], [ 0, -1, 3, 0 ], [ 0, 0, 1, 0 ], [ 0, 0, 0, 1 ] ], 
  [ [ 1, 0, 0, -1 ], [ 0, 1, -3, 0 ], [ 0, 0, -1, 0 ], [ 0, 0, 0, -1 ] ], 
  [ [ 1, 0, 0, 0 ], [ 0, 1, 0, 0 ], [ 0, 0, 1, 0 ], [ 0, 0, 0, 1 ] ] ]),BoundaryImage:=rec(ListIFace:=[  ],ListSign:=[  ],ListElt:=[  ])),rec(TheMatrixStab:=Group([ [ [ -2, -1, 0, 2 ], [ -3, -2, 6, 0 ], [ -2, -1, 2, 1 ], [ -3, -2, 3, 2 ] ], 
  [ [ -2, -1, 3, 0 ], [ -3, -2, 0, 3 ], [ -2, -1, 1, 1 ], [ -3, -2, 3, 1 ] ], 
  [ [ -1, -1, 0, 1 ], [ -3, -1, 3, 0 ], [ -2, -1, 1, 1 ], [ -3, -2, 3, 1 ] ], 
  [ [ -1, -1, 3, 0 ], [ -3, -1, 0, 3 ], [ -2, -1, 2, 1 ], [ -3, -2, 3, 2 ] ], 
  [ [ -1, 0, 0, 0 ], [ 0, -1, 0, 0 ], [ 0, 0, -1, 0 ], [ 0, 0, 0, -1 ] ], 
  [ [ -1, 0, 0, 1 ], [ 0, -1, 3, 0 ], [ 0, 0, 1, 0 ], [ 0, 0, 0, 1 ] ], 
  [ [ 1, 0, 0, -1 ], [ 0, 1, -3, 0 ], [ 0, 0, -1, 0 ], [ 0, 0, 0, -1 ] ], 
  [ [ 1, 0, 0, 0 ], [ 0, 1, 0, 0 ], [ 0, 0, 1, 0 ], [ 0, 0, 0, 1 ] ], 
  [ [ 1, 1, -3, 0 ], [ 3, 1, 0, -3 ], [ 2, 1, -2, -1 ], [ 3, 2, -3, -2 ] ], 
  [ [ 1, 1, 0, -1 ], [ 3, 1, -3, 0 ], [ 2, 1, -1, -1 ], [ 3, 2, -3, -1 ] ], 
  [ [ 2, 1, -3, 0 ], [ 3, 2, 0, -3 ], [ 2, 1, -1, -1 ], [ 3, 2, -3, -1 ] ], 
  [ [ 2, 1, 0, -2 ], [ 3, 2, -6, 0 ], [ 2, 1, -2, -1 ], [ 3, 2, -3, -2 ] ] ]),TheRotSubgroup:=Group([ [ [ -2, -1, 0, 2 ], [ -3, -2, 6, 0 ], [ -2, -1, 2, 1 ], [ -3, -2, 3, 2 ] ], 
  [ [ -2, -1, 3, 0 ], [ -3, -2, 0, 3 ], [ -2, -1, 1, 1 ], [ -3, -2, 3, 1 ] ], 
  [ [ -1, -1, 0, 1 ], [ -3, -1, 3, 0 ], [ -2, -1, 1, 1 ], [ -3, -2, 3, 1 ] ], 
  [ [ -1, -1, 3, 0 ], [ -3, -1, 0, 3 ], [ -2, -1, 2, 1 ], [ -3, -2, 3, 2 ] ], 
  [ [ -1, 0, 0, 0 ], [ 0, -1, 0, 0 ], [ 0, 0, -1, 0 ], [ 0, 0, 0, -1 ] ], 
  [ [ -1, 0, 0, 1 ], [ 0, -1, 3, 0 ], [ 0, 0, 1, 0 ], [ 0, 0, 0, 1 ] ], 
  [ [ 1, 0, 0, -1 ], [ 0, 1, -3, 0 ], [ 0, 0, -1, 0 ], [ 0, 0, 0, -1 ] ], 
  [ [ 1, 0, 0, 0 ], [ 0, 1, 0, 0 ], [ 0, 0, 1, 0 ], [ 0, 0, 0, 1 ] ], 
  [ [ 1, 1, -3, 0 ], [ 3, 1, 0, -3 ], [ 2, 1, -2, -1 ], [ 3, 2, -3, -2 ] ], 
  [ [ 1, 1, 0, -1 ], [ 3, 1, -3, 0 ], [ 2, 1, -1, -1 ], [ 3, 2, -3, -1 ] ], 
  [ [ 2, 1, -3, 0 ], [ 3, 2, 0, -3 ], [ 2, 1, -1, -1 ], [ 3, 2, -3, -1 ] ], 
  [ [ 2, 1, 0, -2 ], [ 3, 2, -6, 0 ], [ 2, 1, -2, -1 ], [ 3, 2, -3, -2 ] ] ]),BoundaryImage:=rec(ListIFace:=[  ],ListSign:=[  ],ListElt:=[  ])),rec(TheMatrixStab:=Group([ [ [ -2, 0, 0, 1 ], [ 0, -2, 3, 0 ], [ 0, -1, 1, 0 ], [ -3, 0, 0, 1 ] ], 
  [ [ -2, 0, 0, 1 ], [ 0, -2, 3, 0 ], [ 0, -1, 2, 0 ], [ -3, 0, 0, 2 ] ], 
  [ [ -1, 0, 0, 0 ], [ 0, -1, 0, 0 ], [ 0, -1, 1, 0 ], [ -3, 0, 0, 1 ] ], 
  [ [ -1, 0, 0, 0 ], [ 0, -1, 0, 0 ], [ 0, 0, -1, 0 ], [ 0, 0, 0, -1 ] ], 
  [ [ -1, 0, 0, 1 ], [ 0, -1, 3, 0 ], [ 0, -1, 2, 0 ], [ -3, 0, 0, 2 ] ], 
  [ [ -1, 0, 0, 1 ], [ 0, -1, 3, 0 ], [ 0, 0, 1, 0 ], [ 0, 0, 0, 1 ] ], 
  [ [ 0, -1, 1, 0 ], [ -3, 0, 0, 1 ], [ -2, 0, 0, 1 ], [ 0, -2, 3, 0 ] ], 
  [ [ 0, -1, 1, 0 ], [ -3, 0, 0, 1 ], [ -1, 0, 0, 0 ], [ 0, -1, 0, 0 ] ], 
  [ [ 0, -1, 2, 0 ], [ -3, 0, 0, 2 ], [ -2, 0, 0, 1 ], [ 0, -2, 3, 0 ] ], 
  [ [ 0, -1, 2, 0 ], [ -3, 0, 0, 2 ], [ -1, 0, 0, 1 ], [ 0, -1, 3, 0 ] ], 
  [ [ 0, 0, -1, 0 ], [ 0, 0, 0, -1 ], [ -1, 0, 0, 0 ], [ 0, -1, 0, 0 ] ], 
  [ [ 0, 0, -1, 0 ], [ 0, 0, 0, -1 ], [ 1, 0, 0, -1 ], [ 0, 1, -3, 0 ] ], 
  [ [ 0, 0, 1, 0 ], [ 0, 0, 0, 1 ], [ -1, 0, 0, 1 ], [ 0, -1, 3, 0 ] ], 
  [ [ 0, 0, 1, 0 ], [ 0, 0, 0, 1 ], [ 1, 0, 0, 0 ], [ 0, 1, 0, 0 ] ], 
  [ [ 0, 1, -2, 0 ], [ 3, 0, 0, -2 ], [ 1, 0, 0, -1 ], [ 0, 1, -3, 0 ] ], 
  [ [ 0, 1, -2, 0 ], [ 3, 0, 0, -2 ], [ 2, 0, 0, -1 ], [ 0, 2, -3, 0 ] ], 
  [ [ 0, 1, -1, 0 ], [ 3, 0, 0, -1 ], [ 1, 0, 0, 0 ], [ 0, 1, 0, 0 ] ], 
  [ [ 0, 1, -1, 0 ], [ 3, 0, 0, -1 ], [ 2, 0, 0, -1 ], [ 0, 2, -3, 0 ] ], 
  [ [ 1, 0, 0, -1 ], [ 0, 1, -3, 0 ], [ 0, 0, -1, 0 ], [ 0, 0, 0, -1 ] ], 
  [ [ 1, 0, 0, -1 ], [ 0, 1, -3, 0 ], [ 0, 1, -2, 0 ], [ 3, 0, 0, -2 ] ], 
  [ [ 1, 0, 0, 0 ], [ 0, 1, 0, 0 ], [ 0, 0, 1, 0 ], [ 0, 0, 0, 1 ] ], 
  [ [ 1, 0, 0, 0 ], [ 0, 1, 0, 0 ], [ 0, 1, -1, 0 ], [ 3, 0, 0, -1 ] ], 
  [ [ 2, 0, 0, -1 ], [ 0, 2, -3, 0 ], [ 0, 1, -2, 0 ], [ 3, 0, 0, -2 ] ], 
  [ [ 2, 0, 0, -1 ], [ 0, 2, -3, 0 ], [ 0, 1, -1, 0 ], [ 3, 0, 0, -1 ] ] ]),TheRotSubgroup:=Group([ [ [ -2, 0, 0, 1 ], [ 0, -2, 3, 0 ], [ 0, -1, 1, 0 ], [ -3, 0, 0, 1 ] ], 
  [ [ -2, 0, 0, 1 ], [ 0, -2, 3, 0 ], [ 0, -1, 2, 0 ], [ -3, 0, 0, 2 ] ], 
  [ [ -1, 0, 0, 0 ], [ 0, -1, 0, 0 ], [ 0, -1, 1, 0 ], [ -3, 0, 0, 1 ] ], 
  [ [ -1, 0, 0, 0 ], [ 0, -1, 0, 0 ], [ 0, 0, -1, 0 ], [ 0, 0, 0, -1 ] ], 
  [ [ -1, 0, 0, 1 ], [ 0, -1, 3, 0 ], [ 0, -1, 2, 0 ], [ -3, 0, 0, 2 ] ], 
  [ [ -1, 0, 0, 1 ], [ 0, -1, 3, 0 ], [ 0, 0, 1, 0 ], [ 0, 0, 0, 1 ] ], 
  [ [ 0, -1, 1, 0 ], [ -3, 0, 0, 1 ], [ -2, 0, 0, 1 ], [ 0, -2, 3, 0 ] ], 
  [ [ 0, -1, 1, 0 ], [ -3, 0, 0, 1 ], [ -1, 0, 0, 0 ], [ 0, -1, 0, 0 ] ], 
  [ [ 0, -1, 2, 0 ], [ -3, 0, 0, 2 ], [ -2, 0, 0, 1 ], [ 0, -2, 3, 0 ] ], 
  [ [ 0, -1, 2, 0 ], [ -3, 0, 0, 2 ], [ -1, 0, 0, 1 ], [ 0, -1, 3, 0 ] ], 
  [ [ 0, 0, -1, 0 ], [ 0, 0, 0, -1 ], [ -1, 0, 0, 0 ], [ 0, -1, 0, 0 ] ], 
  [ [ 0, 0, -1, 0 ], [ 0, 0, 0, -1 ], [ 1, 0, 0, -1 ], [ 0, 1, -3, 0 ] ], 
  [ [ 0, 0, 1, 0 ], [ 0, 0, 0, 1 ], [ -1, 0, 0, 1 ], [ 0, -1, 3, 0 ] ], 
  [ [ 0, 0, 1, 0 ], [ 0, 0, 0, 1 ], [ 1, 0, 0, 0 ], [ 0, 1, 0, 0 ] ], 
  [ [ 0, 1, -2, 0 ], [ 3, 0, 0, -2 ], [ 1, 0, 0, -1 ], [ 0, 1, -3, 0 ] ], 
  [ [ 0, 1, -2, 0 ], [ 3, 0, 0, -2 ], [ 2, 0, 0, -1 ], [ 0, 2, -3, 0 ] ], 
  [ [ 0, 1, -1, 0 ], [ 3, 0, 0, -1 ], [ 1, 0, 0, 0 ], [ 0, 1, 0, 0 ] ], 
  [ [ 0, 1, -1, 0 ], [ 3, 0, 0, -1 ], [ 2, 0, 0, -1 ], [ 0, 2, -3, 0 ] ], 
  [ [ 1, 0, 0, -1 ], [ 0, 1, -3, 0 ], [ 0, 0, -1, 0 ], [ 0, 0, 0, -1 ] ], 
  [ [ 1, 0, 0, -1 ], [ 0, 1, -3, 0 ], [ 0, 1, -2, 0 ], [ 3, 0, 0, -2 ] ], 
  [ [ 1, 0, 0, 0 ], [ 0, 1, 0, 0 ], [ 0, 0, 1, 0 ], [ 0, 0, 0, 1 ] ], 
  [ [ 1, 0, 0, 0 ], [ 0, 1, 0, 0 ], [ 0, 1, -1, 0 ], [ 3, 0, 0, -1 ] ], 
  [ [ 2, 0, 0, -1 ], [ 0, 2, -3, 0 ], [ 0, 1, -2, 0 ], [ 3, 0, 0, -2 ] ], 
  [ [ 2, 0, 0, -1 ], [ 0, 2, -3, 0 ], [ 0, 1, -1, 0 ], [ 3, 0, 0, -1 ] ] ]),BoundaryImage:=rec(ListIFace:=[  ],ListSign:=[  ],ListElt:=[  ]))],[rec(TheMatrixStab:=Group([ [ [ -1, 0, 0, 0 ], [ 0, -1, 0, 0 ], [ 0, 0, -1, 0 ], [ 0, 0, 0, -1 ] ], 
  [ [ -1, 0, 0, 1 ], [ 0, -1, 3, 0 ], [ 0, 0, 1, 0 ], [ 0, 0, 0, 1 ] ], 
  [ [ 1, 0, 0, -1 ], [ 0, 1, -3, 0 ], [ 0, 0, -1, 0 ], [ 0, 0, 0, -1 ] ], 
  [ [ 1, 0, 0, 0 ], [ 0, 1, 0, 0 ], [ 0, 0, 1, 0 ], [ 0, 0, 0, 1 ] ] ]),TheRotSubgroup:=Group([ [ [ -1, 0, 0, 0 ], [ 0, -1, 0, 0 ], [ 0, 0, -1, 0 ], [ 0, 0, 0, -1 ] ], 
  [ [ -1, 0, 0, 1 ], [ 0, -1, 3, 0 ], [ 0, 0, 1, 0 ], [ 0, 0, 0, 1 ] ], 
  [ [ 1, 0, 0, -1 ], [ 0, 1, -3, 0 ], [ 0, 0, -1, 0 ], [ 0, 0, 0, -1 ] ], 
  [ [ 1, 0, 0, 0 ], [ 0, 1, 0, 0 ], [ 0, 0, 1, 0 ], [ 0, 0, 0, 1 ] ] ]),BoundaryImage:=rec(ListIFace:=[ 1, 2 ],ListSign:=[ -1, 1 ],ListElt:=[ [ [ 1, 0, 0, 0 ], [ 0, 1, 0, 0 ], [ 0, 0, 1, 0 ], [ 0, 0, 0, 1 ] ], 
  [ [ -2, -1, 0, 2 ], [ -3, -2, 6, 0 ], [ -2, -1, 2, 1 ], [ -3, -2, 3, 2 ] ] ])),rec(TheMatrixStab:=Group([ [ [ -1, 0, 0, 0 ], [ 0, -1, 0, 0 ], [ 0, 0, -1, 0 ], [ 0, 0, 0, -1 ] ], 
  [ [ 0, -1, 2, 0 ], [ -3, 0, 0, 2 ], [ -1, 0, 0, 1 ], [ 0, -1, 3, 0 ] ], 
  [ [ 0, 1, -2, 0 ], [ 3, 0, 0, -2 ], [ 1, 0, 0, -1 ], [ 0, 1, -3, 0 ] ], 
  [ [ 1, 0, 0, 0 ], [ 0, 1, 0, 0 ], [ 0, 0, 1, 0 ], [ 0, 0, 0, 1 ] ] ]),TheRotSubgroup:=Group([ [ [ -1, 0, 0, 0 ], [ 0, -1, 0, 0 ], [ 0, 0, -1, 0 ], [ 0, 0, 0, -1 ] ], 
  [ [ 1, 0, 0, 0 ], [ 0, 1, 0, 0 ], [ 0, 0, 1, 0 ], [ 0, 0, 0, 1 ] ] ]),BoundaryImage:=rec(ListIFace:=[ 1, 1 ],ListSign:=[ -1, 1 ],ListElt:=[ [ [ 1, 0, 0, 0 ], [ 0, 1, 0, 0 ], [ 0, 0, 1, 0 ], [ 0, 0, 0, 1 ] ], 
  [ [ 0, 1, -2, 0 ], [ 3, 0, 0, -2 ], [ 1, 0, 0, -1 ], [ 0, 1, -3, 0 ] ] ])),rec(TheMatrixStab:=Group([ [ [ -1, 0, 0, 0 ], [ 0, -1, 0, 0 ], [ 0, 0, -1, 0 ], [ 0, 0, 0, -1 ] ], 
  [ [ -1, 0, 0, 1 ], [ 0, -1, 3, 0 ], [ 0, 0, 1, 0 ], [ 0, 0, 0, 1 ] ], 
  [ [ 1, 0, 0, -1 ], [ 0, 1, -3, 0 ], [ 0, 0, -1, 0 ], [ 0, 0, 0, -1 ] ], 
  [ [ 1, 0, 0, 0 ], [ 0, 1, 0, 0 ], [ 0, 0, 1, 0 ], [ 0, 0, 0, 1 ] ] ]),TheRotSubgroup:=Group([ [ [ -1, 0, 0, 0 ], [ 0, -1, 0, 0 ], [ 0, 0, -1, 0 ], [ 0, 0, 0, -1 ] ], 
  [ [ -1, 0, 0, 1 ], [ 0, -1, 3, 0 ], [ 0, 0, 1, 0 ], [ 0, 0, 0, 1 ] ], 
  [ [ 1, 0, 0, -1 ], [ 0, 1, -3, 0 ], [ 0, 0, -1, 0 ], [ 0, 0, 0, -1 ] ], 
  [ [ 1, 0, 0, 0 ], [ 0, 1, 0, 0 ], [ 0, 0, 1, 0 ], [ 0, 0, 0, 1 ] ] ]),BoundaryImage:=rec(ListIFace:=[ 1, 3 ],ListSign:=[ -1, 1 ],ListElt:=[ [ [ 1, 0, 0, 0 ], [ 0, 1, 0, 0 ], [ 0, 0, 1, 0 ], [ 0, 0, 0, 1 ] ], 
  [ [ -1, 0, 0, 1 ], [ 0, -1, 3, 0 ], [ 0, -1, 2, 0 ], [ -3, 0, 0, 2 ] ] ])),rec(TheMatrixStab:=Group([ [ [ -1, 0, 0, 0 ], [ 0, -1, 0, 0 ], [ 0, 0, -1, 0 ], [ 0, 0, 0, -1 ] ], 
  [ [ -1, 0, 0, 1 ], [ 0, -1, 3, 0 ], [ 0, 0, 1, 0 ], [ 0, 0, 0, 1 ] ], 
  [ [ 1, 0, 0, -1 ], [ 0, 1, -3, 0 ], [ 0, 0, -1, 0 ], [ 0, 0, 0, -1 ] ], 
  [ [ 1, 0, 0, 0 ], [ 0, 1, 0, 0 ], [ 0, 0, 1, 0 ], [ 0, 0, 0, 1 ] ] ]),TheRotSubgroup:=Group([ [ [ -1, 0, 0, 0 ], [ 0, -1, 0, 0 ], [ 0, 0, -1, 0 ], [ 0, 0, 0, -1 ] ], 
  [ [ -1, 0, 0, 1 ], [ 0, -1, 3, 0 ], [ 0, 0, 1, 0 ], [ 0, 0, 0, 1 ] ], 
  [ [ 1, 0, 0, -1 ], [ 0, 1, -3, 0 ], [ 0, 0, -1, 0 ], [ 0, 0, 0, -1 ] ], 
  [ [ 1, 0, 0, 0 ], [ 0, 1, 0, 0 ], [ 0, 0, 1, 0 ], [ 0, 0, 0, 1 ] ] ]),BoundaryImage:=rec(ListIFace:=[ 1, 3 ],ListSign:=[ -1, 1 ],ListElt:=[ [ [ 1, 0, 0, -1 ], [ 0, 1, -3, 0 ], [ 0, 0, -1, 0 ], [ 0, 0, 0, -1 ] ], 
  [ [ -2, -1, 1, 1 ], [ -3, -2, 3, 1 ], [ -1, -1, 1, 0 ], [ -3, -1, 0, 1 ] ] ])),rec(TheMatrixStab:=Group([ [ [ -1, 0, 0, 0 ], [ 0, -1, 0, 0 ], [ 0, 0, -1, 0 ], [ 0, 0, 0, -1 ] ], 
  [ [ 1, 0, 0, 0 ], [ 0, 1, 0, 0 ], [ 0, 0, 1, 0 ], [ 0, 0, 0, 1 ] ] ]),TheRotSubgroup:=Group([ [ [ -1, 0, 0, 0 ], [ 0, -1, 0, 0 ], [ 0, 0, -1, 0 ], [ 0, 0, 0, -1 ] ], 
  [ [ 1, 0, 0, 0 ], [ 0, 1, 0, 0 ], [ 0, 0, 1, 0 ], [ 0, 0, 0, 1 ] ] ]),BoundaryImage:=rec(ListIFace:=[ 1, 1 ],ListSign:=[ -1, 1 ],ListElt:=[ [ [ 1, 0, 0, 0 ], [ 0, 1, 0, 0 ], [ 0, 0, 1, 0 ], [ 0, 0, 0, 1 ] ], 
  [ [ -4, -3, 4, 2 ], [ -9, -4, 6, 4 ], [ -4, -2, 3, 2 ], [ -6, -4, 6, 3 ] ] ])),rec(TheMatrixStab:=Group([ [ [ -2, -1, 3, 1 ], [ -3, -2, 3, 3 ], [ -1, -1, 2, 1 ], [ -3, -1, 3, 2 ] ], 
  [ [ -1, 0, 0, 0 ], [ 0, -1, 0, 0 ], [ 0, 0, -1, 0 ], [ 0, 0, 0, -1 ] ], 
  [ [ 1, 0, 0, 0 ], [ 0, 1, 0, 0 ], [ 0, 0, 1, 0 ], [ 0, 0, 0, 1 ] ], 
  [ [ 2, 1, -3, -1 ], [ 3, 2, -3, -3 ], [ 1, 1, -2, -1 ], [ 3, 1, -3, -2 ] ] ]),TheRotSubgroup:=Group([ [ [ -1, 0, 0, 0 ], [ 0, -1, 0, 0 ], [ 0, 0, -1, 0 ], [ 0, 0, 0, -1 ] ], 
  [ [ 1, 0, 0, 0 ], [ 0, 1, 0, 0 ], [ 0, 0, 1, 0 ], [ 0, 0, 0, 1 ] ] ]),BoundaryImage:=rec(ListIFace:=[ 1, 1 ],ListSign:=[ -1, 1 ],ListElt:=[ [ [ -1, 0, 0, 0 ], [ 0, -1, 0, 0 ], [ 0, 0, -1, 0 ], [ 0, 0, 0, -1 ] ], 
  [ [ 2, 1, -3, -1 ], [ 3, 2, -3, -3 ], [ 1, 1, -2, -1 ], [ 3, 1, -3, -2 ] ] ])),rec(TheMatrixStab:=Group([ [ [ -1, -2, 4, 0 ], [ -6, -1, 0, 4 ], [ -3, -1, 1, 2 ], [ -3, -3, 6, 1 ] ], 
  [ [ -1, 0, 0, 0 ], [ 0, -1, 0, 0 ], [ 0, 0, -1, 0 ], [ 0, 0, 0, -1 ] ], 
  [ [ 1, 0, 0, 0 ], [ 0, 1, 0, 0 ], [ 0, 0, 1, 0 ], [ 0, 0, 0, 1 ] ], 
  [ [ 1, 2, -4, 0 ], [ 6, 1, 0, -4 ], [ 3, 1, -1, -2 ], [ 3, 3, -6, -1 ] ] ]),TheRotSubgroup:=Group([ [ [ -1, 0, 0, 0 ], [ 0, -1, 0, 0 ], [ 0, 0, -1, 0 ], [ 0, 0, 0, -1 ] ], 
  [ [ 1, 0, 0, 0 ], [ 0, 1, 0, 0 ], [ 0, 0, 1, 0 ], [ 0, 0, 0, 1 ] ] ]),BoundaryImage:=rec(ListIFace:=[ 1, 1 ],ListSign:=[ -1, 1 ],ListElt:=[ [ [ -1, 0, 0, 0 ], [ 0, -1, 0, 0 ], [ 0, 0, -1, 0 ], [ 0, 0, 0, -1 ] ], 
  [ [ 1, 2, -2, -1 ], [ 6, 1, -3, -2 ], [ 3, 1, -2, -1 ], [ 3, 3, -3, -2 ] ] ])),rec(TheMatrixStab:=Group([ [ [ -1, 0, 0, 0 ], [ 0, -1, 0, 0 ], [ 0, 0, -1, 0 ], [ 0, 0, 0, -1 ] ], 
  [ [ 1, 0, 0, 0 ], [ 0, 1, 0, 0 ], [ 0, 0, 1, 0 ], [ 0, 0, 0, 1 ] ] ]),TheRotSubgroup:=Group([ [ [ -1, 0, 0, 0 ], [ 0, -1, 0, 0 ], [ 0, 0, -1, 0 ], [ 0, 0, 0, -1 ] ], 
  [ [ 1, 0, 0, 0 ], [ 0, 1, 0, 0 ], [ 0, 0, 1, 0 ], [ 0, 0, 0, 1 ] ] ]),BoundaryImage:=rec(ListIFace:=[ 1, 1 ],ListSign:=[ -1, 1 ],ListElt:=[ [ [ 1, 0, 0, 0 ], [ 0, 1, 0, 0 ], [ 0, 0, 1, 0 ], [ 0, 0, 0, 1 ] ], 
  [ [ -3, -1, 2, 1 ], [ -3, -3, 3, 2 ], [ -2, -1, 1, 1 ], [ -3, -2, 3, 1 ] ] ])),rec(TheMatrixStab:=Group([ [ [ -1, 0, 0, 0 ], [ 0, -1, 0, 0 ], [ 0, 0, -1, 0 ], [ 0, 0, 0, -1 ] ], 
  [ [ -1, 0, 0, 1 ], [ 0, -1, 3, 0 ], [ 0, 0, 1, 0 ], [ 0, 0, 0, 1 ] ], 
  [ [ 1, 0, 0, -1 ], [ 0, 1, -3, 0 ], [ 0, 0, -1, 0 ], [ 0, 0, 0, -1 ] ], 
  [ [ 1, 0, 0, 0 ], [ 0, 1, 0, 0 ], [ 0, 0, 1, 0 ], [ 0, 0, 0, 1 ] ] ]),TheRotSubgroup:=Group([ [ [ -1, 0, 0, 0 ], [ 0, -1, 0, 0 ], [ 0, 0, -1, 0 ], [ 0, 0, 0, -1 ] ], 
  [ [ -1, 0, 0, 1 ], [ 0, -1, 3, 0 ], [ 0, 0, 1, 0 ], [ 0, 0, 0, 1 ] ], 
  [ [ 1, 0, 0, -1 ], [ 0, 1, -3, 0 ], [ 0, 0, -1, 0 ], [ 0, 0, 0, -1 ] ], 
  [ [ 1, 0, 0, 0 ], [ 0, 1, 0, 0 ], [ 0, 0, 1, 0 ], [ 0, 0, 0, 1 ] ] ]),BoundaryImage:=rec(ListIFace:=[ 1, 2 ],ListSign:=[ -1, 1 ],ListElt:=[ [ [ -1, 0, 0, 0 ], [ 0, -1, 0, 0 ], [ 0, 0, -1, 0 ], [ 0, 0, 0, -1 ] ], 
  [ [ -3, -2, 2, 2 ], [ -6, -3, 6, 2 ], [ -4, -2, 3, 2 ], [ -6, -4, 6, 3 ] ] ]))],[rec(TheMatrixStab:=Group([ [ [ -2, -1, 0, 2 ], [ -3, -2, 6, 0 ], [ -2, -1, 2, 1 ], [ -3, -2, 3, 2 ] ], 
  [ [ -1, 0, 0, 0 ], [ 0, -1, 0, 0 ], [ 0, 0, -1, 0 ], [ 0, 0, 0, -1 ] ], 
  [ [ 1, 0, 0, 0 ], [ 0, 1, 0, 0 ], [ 0, 0, 1, 0 ], [ 0, 0, 0, 1 ] ], 
  [ [ 2, 1, 0, -2 ], [ 3, 2, -6, 0 ], [ 2, 1, -2, -1 ], [ 3, 2, -3, -2 ] ] ]),TheRotSubgroup:=Group([ [ [ -1, 0, 0, 0 ], [ 0, -1, 0, 0 ], [ 0, 0, -1, 0 ], [ 0, 0, 0, -1 ] ], 
  [ [ 1, 0, 0, 0 ], [ 0, 1, 0, 0 ], [ 0, 0, 1, 0 ], [ 0, 0, 0, 1 ] ] ]),BoundaryImage:=rec(ListIFace:=[ 1, 5, 1, 2, 5 ],ListSign:=[ 1, -1, -1, 1, 1 ],ListElt:=[ [ [ 1, 0, 0, 0 ], [ 0, 1, 0, 0 ], [ 0, 0, 1, 0 ], [ 0, 0, 0, 1 ] ], 
  [ [ 1, 0, 0, 0 ], [ 0, 1, 0, 0 ], [ 0, 0, 1, 0 ], [ 0, 0, 0, 1 ] ], 
  [ [ -2, -1, 0, 2 ], [ -3, -2, 6, 0 ], [ -2, -1, 2, 1 ], [ -3, -2, 3, 2 ] ], 
  [ [ 5, 2, -2, -2 ], [ 6, 5, -6, -2 ], [ 3, 2, -2, -1 ], [ 6, 3, -3, -2 ] ], 
  [ [ -2, -1, 0, 2 ], [ -3, -2, 6, 0 ], [ -2, -1, 2, 1 ], [ -3, -2, 3, 2 ] ] ])),rec(TheMatrixStab:=Group([ [ [ -1, 0, 0, 0 ], [ 0, -1, 0, 0 ], [ 0, 0, -1, 0 ], [ 0, 0, 0, -1 ] ], 
  [ [ 1, 0, 0, 0 ], [ 0, 1, 0, 0 ], [ 0, 0, 1, 0 ], [ 0, 0, 0, 1 ] ] ]),TheRotSubgroup:=Group([ [ [ -1, 0, 0, 0 ], [ 0, -1, 0, 0 ], [ 0, 0, -1, 0 ], [ 0, 0, 0, -1 ] ], 
  [ [ 1, 0, 0, 0 ], [ 0, 1, 0, 0 ], [ 0, 0, 1, 0 ], [ 0, 0, 0, 1 ] ] ]),BoundaryImage:=rec(ListIFace:=[ 1, 9, 8 ],ListSign:=[ 1, -1, -1 ],ListElt:=[ [ [ 1, 0, 0, 0 ], [ 0, 1, 0, 0 ], [ 0, 0, 1, 0 ], [ 0, 0, 0, 1 ] ], 
  [ [ -3, -1, 1, 2 ], [ -3, -3, 6, 1 ], [ -2, -1, 2, 1 ], [ -3, -2, 3, 2 ] ], 
  [ [ 1, 0, 0, 0 ], [ 0, 1, 0, 0 ], [ 0, 0, 1, 0 ], [ 0, 0, 0, 1 ] ] ])),rec(TheMatrixStab:=Group([ [ [ -3, -2, 2, 2 ], [ -6, -3, 6, 2 ], [ -4, -2, 3, 2 ], [ -6, -4, 6, 3 ] ], 
  [ [ -3, -2, 4, 1 ], [ -6, -3, 3, 4 ], [ -4, -2, 3, 2 ], [ -6, -4, 6, 3 ] ], 
  [ [ -1, 0, 0, 0 ], [ 0, -1, 0, 0 ], [ 0, 0, -1, 0 ], [ 0, 0, 0, -1 ] ], 
  [ [ -1, 0, 0, 1 ], [ 0, -1, 3, 0 ], [ 0, 0, 1, 0 ], [ 0, 0, 0, 1 ] ], 
  [ [ 1, 0, 0, -1 ], [ 0, 1, -3, 0 ], [ 0, 0, -1, 0 ], [ 0, 0, 0, -1 ] ], 
  [ [ 1, 0, 0, 0 ], [ 0, 1, 0, 0 ], [ 0, 0, 1, 0 ], [ 0, 0, 0, 1 ] ], 
  [ [ 3, 2, -4, -1 ], [ 6, 3, -3, -4 ], [ 4, 2, -3, -2 ], [ 6, 4, -6, -3 ] ], 
  [ [ 3, 2, -2, -2 ], [ 6, 3, -6, -2 ], [ 4, 2, -3, -2 ], [ 6, 4, -6, -3 ] ] ]),TheRotSubgroup:=Group([ [ [ -3, -2, 2, 2 ], [ -6, -3, 6, 2 ], [ -4, -2, 3, 2 ], [ -6, -4, 6, 3 ] ], 
  [ [ -3, -2, 4, 1 ], [ -6, -3, 3, 4 ], [ -4, -2, 3, 2 ], [ -6, -4, 6, 3 ] ], 
  [ [ -1, 0, 0, 0 ], [ 0, -1, 0, 0 ], [ 0, 0, -1, 0 ], [ 0, 0, 0, -1 ] ], 
  [ [ -1, 0, 0, 1 ], [ 0, -1, 3, 0 ], [ 0, 0, 1, 0 ], [ 0, 0, 0, 1 ] ], 
  [ [ 1, 0, 0, -1 ], [ 0, 1, -3, 0 ], [ 0, 0, -1, 0 ], [ 0, 0, 0, -1 ] ], 
  [ [ 1, 0, 0, 0 ], [ 0, 1, 0, 0 ], [ 0, 0, 1, 0 ], [ 0, 0, 0, 1 ] ], 
  [ [ 3, 2, -4, -1 ], [ 6, 3, -3, -4 ], [ 4, 2, -3, -2 ], [ 6, 4, -6, -3 ] ], 
  [ [ 3, 2, -2, -2 ], [ 6, 3, -6, -2 ], [ 4, 2, -3, -2 ], [ 6, 4, -6, -3 ] ] ]),BoundaryImage:=rec(ListIFace:=[ 1, 9, 1, 9 ],ListSign:=[ 1, -1, 1, -1 ],ListElt:=[ [ [ -1, 0, 0, 1 ], [ 0, -1, 3, 0 ], [ 0, 0, 1, 0 ], [ 0, 0, 0, 1 ] ], 
  [ [ -3, -2, 4, 1 ], [ -6, -3, 3, 4 ], [ -4, -2, 3, 2 ], [ -6, -4, 6, 3 ] ], 
  [ [ -3, -2, 4, 1 ], [ -6, -3, 3, 4 ], [ -4, -2, 3, 2 ], [ -6, -4, 6, 3 ] ], 
  [ [ 1, 0, 0, 0 ], [ 0, 1, 0, 0 ], [ 0, 0, 1, 0 ], [ 0, 0, 0, 1 ] ] ])),rec(TheMatrixStab:=Group([ [ [ -1, 0, 0, 0 ], [ 0, -1, 0, 0 ], [ 0, 0, -1, 0 ], [ 0, 0, 0, -1 ] ], 
  [ [ 0, -1, 2, 0 ], [ -3, 0, 0, 2 ], [ -1, 0, 0, 1 ], [ 0, -1, 3, 0 ] ], 
  [ [ 0, 1, -2, 0 ], [ 3, 0, 0, -2 ], [ 1, 0, 0, -1 ], [ 0, 1, -3, 0 ] ], 
  [ [ 1, 0, 0, 0 ], [ 0, 1, 0, 0 ], [ 0, 0, 1, 0 ], [ 0, 0, 0, 1 ] ] ]),TheRotSubgroup:=Group([ [ [ -1, 0, 0, 0 ], [ 0, -1, 0, 0 ], [ 0, 0, -1, 0 ], [ 0, 0, 0, -1 ] ], 
  [ [ 1, 0, 0, 0 ], [ 0, 1, 0, 0 ], [ 0, 0, 1, 0 ], [ 0, 0, 0, 1 ] ] ]),BoundaryImage:=rec(ListIFace:=[ 2, 3, 3 ],ListSign:=[ 1, -1, 1 ],ListElt:=[ [ [ 0, -1, 2, 0 ], [ -3, 0, 0, 2 ], [ -1, 0, 0, 1 ], [ 0, -1, 3, 0 ] ], 
  [ [ 0, 1, -2, 0 ], [ 3, 0, 0, -2 ], [ 1, 0, 0, -1 ], [ 0, 1, -3, 0 ] ], 
  [ [ 1, 0, 0, 0 ], [ 0, 1, 0, 0 ], [ 0, 0, 1, 0 ], [ 0, 0, 0, 1 ] ] ])),rec(TheMatrixStab:=Group([ [ [ -1, 0, 0, 0 ], [ 0, -1, 0, 0 ], [ 0, 0, -1, 0 ], [ 0, 0, 0, -1 ] ], 
  [ [ 0, -1, 2, 0 ], [ -3, 0, 0, 2 ], [ -1, 0, 0, 1 ], [ 0, -1, 3, 0 ] ], 
  [ [ 0, 1, -2, 0 ], [ 3, 0, 0, -2 ], [ 1, 0, 0, -1 ], [ 0, 1, -3, 0 ] ], 
  [ [ 1, 0, 0, 0 ], [ 0, 1, 0, 0 ], [ 0, 0, 1, 0 ], [ 0, 0, 0, 1 ] ] ]),TheRotSubgroup:=Group([ [ [ -1, 0, 0, 0 ], [ 0, -1, 0, 0 ], [ 0, 0, -1, 0 ], [ 0, 0, 0, -1 ] ], 
  [ [ 1, 0, 0, 0 ], [ 0, 1, 0, 0 ], [ 0, 0, 1, 0 ], [ 0, 0, 0, 1 ] ] ]),BoundaryImage:=rec(ListIFace:=[ 2, 4, 4 ],ListSign:=[ 1, -1, 1 ],ListElt:=[ [ [ -1, 0, 0, 0 ], [ 0, -1, 0, 0 ], [ 0, 0, -1, 0 ], [ 0, 0, 0, -1 ] ], 
  [ [ 1, 0, 0, 0 ], [ 0, 1, 0, 0 ], [ 0, 0, 1, 0 ], [ 0, 0, 0, 1 ] ], 
  [ [ 0, -1, 1, 0 ], [ -3, 0, 0, 1 ], [ -1, 0, 0, 0 ], [ 0, -1, 0, 0 ] ] ])),rec(TheMatrixStab:=Group([ [ [ -1, 0, 0, 0 ], [ 0, -1, 0, 0 ], [ 0, 0, -1, 0 ], [ 0, 0, 0, -1 ] ], 
  [ [ 0, -1, 2, 0 ], [ -3, 0, 0, 2 ], [ -1, 0, 0, 1 ], [ 0, -1, 3, 0 ] ], 
  [ [ 0, 1, -2, 0 ], [ 3, 0, 0, -2 ], [ 1, 0, 0, -1 ], [ 0, 1, -3, 0 ] ], 
  [ [ 1, 0, 0, 0 ], [ 0, 1, 0, 0 ], [ 0, 0, 1, 0 ], [ 0, 0, 0, 1 ] ] ]),TheRotSubgroup:=Group([ [ [ -1, 0, 0, 0 ], [ 0, -1, 0, 0 ], [ 0, 0, -1, 0 ], [ 0, 0, 0, -1 ] ], 
  [ [ 1, 0, 0, 0 ], [ 0, 1, 0, 0 ], [ 0, 0, 1, 0 ], [ 0, 0, 0, 1 ] ] ]),BoundaryImage:=rec(ListIFace:=[ 2, 5, 9, 5, 9 ],ListSign:=[ 1, -1, -1, 1, 1 ],ListElt:=[ [ [ 0, -1, 2, 0 ], [ -3, 0, 0, 2 ], [ -1, 0, 0, 1 ], [ 0, -1, 3, 0 ] ], 
  [ [ 0, -1, 2, 0 ], [ -3, 0, 0, 2 ], [ -1, 0, 0, 1 ], [ 0, -1, 3, 0 ] ], 
  [ [ 1, 0, 0, 0 ], [ 0, 1, 0, 0 ], [ -2, -1, 2, 1 ], [ -3, -2, 3, 2 ] ], 
  [ [ 1, 0, 0, 0 ], [ 0, 1, 0, 0 ], [ 0, 0, 1, 0 ], [ 0, 0, 0, 1 ] ], 
  [ [ -4, -3, 4, 2 ], [ -9, -4, 6, 4 ], [ -4, -2, 3, 2 ], [ -6, -4, 6, 3 ] ] ])),rec(TheMatrixStab:=Group([ [ [ -1, 0, 0, 0 ], [ 0, -1, 0, 0 ], [ 0, 0, -1, 0 ], [ 0, 0, 0, -1 ] ], 
  [ [ 1, 0, 0, 0 ], [ 0, 1, 0, 0 ], [ 0, 0, 1, 0 ], [ 0, 0, 0, 1 ] ] ]),TheRotSubgroup:=Group([ [ [ -1, 0, 0, 0 ], [ 0, -1, 0, 0 ], [ 0, 0, -1, 0 ], [ 0, 0, 0, -1 ] ], 
  [ [ 1, 0, 0, 0 ], [ 0, 1, 0, 0 ], [ 0, 0, 1, 0 ], [ 0, 0, 0, 1 ] ] ]),BoundaryImage:=rec(ListIFace:=[ 2, 7, 8 ],ListSign:=[ 1, -1, 1 ],ListElt:=[ [ [ -1, 0, 0, 0 ], [ 0, -1, 0, 0 ], [ 0, 0, -1, 0 ], [ 0, 0, 0, -1 ] ], 
  [ [ -1, 0, 0, 0 ], [ 0, -1, 0, 0 ], [ 0, 0, -1, 0 ], [ 0, 0, 0, -1 ] ], 
  [ [ 0, 1, -1, 0 ], [ 3, 0, 0, -1 ], [ 1, 0, 0, 0 ], [ 0, 1, 0, 0 ] ] ])),rec(TheMatrixStab:=Group([ [ [ -1, 0, 0, 0 ], [ 0, -1, 0, 0 ], [ 0, 0, -1, 0 ], [ 0, 0, 0, -1 ] ], 
  [ [ 1, 0, 0, 0 ], [ 0, 1, 0, 0 ], [ 0, 0, 1, 0 ], [ 0, 0, 0, 1 ] ] ]),TheRotSubgroup:=Group([ [ [ -1, 0, 0, 0 ], [ 0, -1, 0, 0 ], [ 0, 0, -1, 0 ], [ 0, 0, 0, -1 ] ], 
  [ [ 1, 0, 0, 0 ], [ 0, 1, 0, 0 ], [ 0, 0, 1, 0 ], [ 0, 0, 0, 1 ] ] ]),BoundaryImage:=rec(ListIFace:=[ 2, 6, 8 ],ListSign:=[ 1, 1, 1 ],ListElt:=[ [ [ -1, 0, 0, 0 ], [ 0, -1, 0, 0 ], [ 0, 0, -1, 0 ], [ 0, 0, 0, -1 ] ], 
  [ [ 0, 1, -1, 0 ], [ 3, 0, 0, -1 ], [ 1, 0, 0, 0 ], [ 0, 1, 0, 0 ] ], 
  [ [ 2, 1, -1, -2 ], [ 3, 2, -6, -1 ], [ 2, 1, -3, -1 ], [ 3, 2, -3, -3 ] ] ])),rec(TheMatrixStab:=Group([ [ [ -2, -1, 3, 1 ], [ -3, -2, 3, 3 ], [ -1, -1, 2, 1 ], [ -3, -1, 3, 2 ] ], 
  [ [ -1, 0, 0, 0 ], [ 0, -1, 0, 0 ], [ 0, 0, -1, 0 ], [ 0, 0, 0, -1 ] ], 
  [ [ 1, 0, 0, 0 ], [ 0, 1, 0, 0 ], [ 0, 0, 1, 0 ], [ 0, 0, 0, 1 ] ], 
  [ [ 2, 1, -3, -1 ], [ 3, 2, -3, -3 ], [ 1, 1, -2, -1 ], [ 3, 1, -3, -2 ] ] ]),TheRotSubgroup:=Group([ [ [ -1, 0, 0, 0 ], [ 0, -1, 0, 0 ], [ 0, 0, -1, 0 ], [ 0, 0, 0, -1 ] ], 
  [ [ 1, 0, 0, 0 ], [ 0, 1, 0, 0 ], [ 0, 0, 1, 0 ], [ 0, 0, 0, 1 ] ] ]),BoundaryImage:=rec(ListIFace:=[ 3, 4, 6, 7, 3, 4 ],ListSign:=[ 1, -1, -1, 1, -1, 1 ],ListElt:=[ [ [ -1, 0, 0, 1 ], [ 0, -1, 3, 0 ], [ 0, 0, 1, 0 ], [ 0, 0, 0, 1 ] ], 
  [ [ -2, 1, -1, 1 ], [ 3, -2, 3, -1 ], [ 1, -1, 1, 0 ], [ -3, 1, 0, 1 ] ], 
  [ [ 1, 0, 0, 0 ], [ 0, 1, 0, 0 ], [ 0, 0, 1, 0 ], [ 0, 0, 0, 1 ] ], 
  [ [ 2, -1, 2, -1 ], [ -3, 2, -3, 2 ], [ -1, 1, -2, 1 ], [ 3, -1, 3, -2 ] ], 
  [ [ 2, 1, -3, -1 ], [ 3, 2, -3, -3 ], [ 1, 1, -2, -1 ], [ 3, 1, -3, -2 ] ], 
  [ [ 1, -2, 4, -1 ], [ -6, 1, -3, 4 ], [ -2, 0, 0, 1 ], [ 0, -2, 3, 0 ] ] ])),rec(TheMatrixStab:=Group([ [ [ -1, 0, 0, 0 ], [ 0, -1, 0, 0 ], [ 0, 0, -1, 0 ], [ 0, 0, 0, -1 ] ], 
  [ [ 1, 0, 0, 0 ], [ 0, 1, 0, 0 ], [ 0, 0, 1, 0 ], [ 0, 0, 0, 1 ] ] ]),TheRotSubgroup:=Group([ [ [ -1, 0, 0, 0 ], [ 0, -1, 0, 0 ], [ 0, 0, -1, 0 ], [ 0, 0, 0, -1 ] ], 
  [ [ 1, 0, 0, 0 ], [ 0, 1, 0, 0 ], [ 0, 0, 1, 0 ], [ 0, 0, 0, 1 ] ] ]),BoundaryImage:=rec(ListIFace:=[ 3, 4, 5, 8 ],ListSign:=[ 1, -1, 1, -1 ],ListElt:=[ [ [ 1, 0, 0, 0 ], [ 0, 1, 0, 0 ], [ 0, 0, 1, 0 ], [ 0, 0, 0, 1 ] ], 
  [ [ -1, 1, -1, 0 ], [ 3, -1, 0, -1 ], [ 1, 0, -1, 0 ], [ 0, 1, 0, -1 ] ], 
  [ [ 1, -1, 2, -1 ], [ -3, 1, -3, 2 ], [ -1, 0, -1, 1 ], [ 0, -1, 3, -1 ] ], 
  [ [ 1, 0, 0, 0 ], [ 0, 1, 0, 0 ], [ 0, 0, 1, 0 ], [ 0, 0, 0, 1 ] ] ])),rec(TheMatrixStab:=Group([ [ [ -1, 0, 0, 0 ], [ 0, -1, 0, 0 ], [ 0, 0, -1, 0 ], [ 0, 0, 0, -1 ] ], 
  [ [ 1, 0, 0, 0 ], [ 0, 1, 0, 0 ], [ 0, 0, 1, 0 ], [ 0, 0, 0, 1 ] ] ]),TheRotSubgroup:=Group([ [ [ -1, 0, 0, 0 ], [ 0, -1, 0, 0 ], [ 0, 0, -1, 0 ], [ 0, 0, 0, -1 ] ], 
  [ [ 1, 0, 0, 0 ], [ 0, 1, 0, 0 ], [ 0, 0, 1, 0 ], [ 0, 0, 0, 1 ] ] ]),BoundaryImage:=rec(ListIFace:=[ 3, 4, 8, 5 ],ListSign:=[ 1, -1, -1, 1 ],ListElt:=[ [ [ -1, 0, 0, 1 ], [ 0, -1, 3, 0 ], [ 0, 0, 1, 0 ], [ 0, 0, 0, 1 ] ], 
  [ [ -2, 1, -1, 1 ], [ 3, -2, 3, -1 ], [ 2, -1, 2, -1 ], [ -3, 2, -3, 2 ] ], 
  [ [ 0, 1, -4, 1 ], [ 3, 0, 3, -4 ], [ 2, 0, 1, -2 ], [ 0, 2, -6, 1 ] ], 
  [ [ 0, 1, -4, 1 ], [ 3, 0, 3, -4 ], [ 2, 0, 1, -2 ], [ 0, 2, -6, 1 ] ] ])),rec(TheMatrixStab:=Group([ [ [ -1, -2, 4, 0 ], [ -6, -1, 0, 4 ], [ -3, -1, 1, 2 ], [ -3, -3, 6, 1 ] ], 
  [ [ -1, 0, 0, 0 ], [ 0, -1, 0, 0 ], [ 0, 0, -1, 0 ], [ 0, 0, 0, -1 ] ], 
  [ [ 1, 0, 0, 0 ], [ 0, 1, 0, 0 ], [ 0, 0, 1, 0 ], [ 0, 0, 0, 1 ] ], 
  [ [ 1, 2, -4, 0 ], [ 6, 1, 0, -4 ], [ 3, 1, -1, -2 ], [ 3, 3, -6, -1 ] ] ]),TheRotSubgroup:=Group([ [ [ -1, 0, 0, 0 ], [ 0, -1, 0, 0 ], [ 0, 0, -1, 0 ], [ 0, 0, 0, -1 ] ], 
  [ [ 1, 0, 0, 0 ], [ 0, 1, 0, 0 ], [ 0, 0, 1, 0 ], [ 0, 0, 0, 1 ] ] ]),BoundaryImage:=rec(ListIFace:=[ 5, 6, 5, 7 ],ListSign:=[ 1, -1, -1, 1 ],ListElt:=[ [ [ -1, 0, 0, 0 ], [ 0, -1, 0, 0 ], [ 0, 0, -1, 0 ], [ 0, 0, 0, -1 ] ], 
  [ [ -6, -3, 5, 4 ], [ -9, -6, 12, 5 ], [ -5, -3, 6, 3 ], [ -9, -5, 9, 6 ] ],
  [ [ -1, -2, 4, 0 ], [ -6, -1, 0, 4 ], [ -3, -1, 1, 2 ], [ -3, -3, 6, 1 ] ], 
  [ [ -1, -2, 4, 0 ], [ -6, -1, 0, 4 ], [ -3, -1, 1, 2 ], [ -3, -3, 6, 1 ] ] ])),rec(TheMatrixStab:=Group([ [ [ -4, -1, 1, 3 ], [ -3, -4, 9, 1 ], [ -2, -2, 4, 1 ], [ -6, -2, 3, 4 ] ], 
  [ [ -2, -1, 3, 1 ], [ -3, -2, 3, 3 ], [ -1, -1, 2, 1 ], [ -3, -1, 3, 2 ] ], 
  [ [ -1, -2, 4, 0 ], [ -6, -1, 0, 4 ], [ -3, -1, 1, 2 ], [ -3, -3, 6, 1 ] ], 
  [ [ -1, 0, 0, 0 ], [ 0, -1, 0, 0 ], [ 0, 0, -1, 0 ], [ 0, 0, 0, -1 ] ], 
  [ [ 1, 0, 0, 0 ], [ 0, 1, 0, 0 ], [ 0, 0, 1, 0 ], [ 0, 0, 0, 1 ] ], 
  [ [ 1, 2, -4, 0 ], [ 6, 1, 0, -4 ], [ 3, 1, -1, -2 ], [ 3, 3, -6, -1 ] ], 
  [ [ 2, 1, -3, -1 ], [ 3, 2, -3, -3 ], [ 1, 1, -2, -1 ], [ 3, 1, -3, -2 ] ], 
  [ [ 4, 1, -1, -3 ], [ 3, 4, -9, -1 ], [ 2, 2, -4, -1 ], [ 6, 2, -3, -4 ] ] ]),TheRotSubgroup:=Group([ [ [ -4, -1, 1, 3 ], [ -3, -4, 9, 1 ], [ -2, -2, 4, 1 ], [ -6, -2, 3, 4 ] ], 
  [ [ -1, 0, 0, 0 ], [ 0, -1, 0, 0 ], [ 0, 0, -1, 0 ], [ 0, 0, 0, -1 ] ], 
  [ [ 1, 0, 0, 0 ], [ 0, 1, 0, 0 ], [ 0, 0, 1, 0 ], [ 0, 0, 0, 1 ] ], 
  [ [ 4, 1, -1, -3 ], [ 3, 4, -9, -1 ], [ 2, 2, -4, -1 ], [ 6, 2, -3, -4 ] ] ]),BoundaryImage:=rec(ListIFace:=[ 6, 7, 7, 6 ],ListSign:=[ 1, 1, -1, -1 ],ListElt:=[ [ [ -1, 0, 0, 0 ], [ 0, -1, 0, 0 ], [ 0, 0, -1, 0 ], [ 0, 0, 0, -1 ] ], 
  [ [ -2, -1, 3, 1 ], [ -3, -2, 3, 3 ], [ -1, -1, 2, 1 ], [ -3, -1, 3, 2 ] ], 
  [ [ -1, 0, 0, 0 ], [ 0, -1, 0, 0 ], [ 0, 0, -1, 0 ], [ 0, 0, 0, -1 ] ], 
  [ [ -1, -2, 4, 0 ], [ -6, -1, 0, 4 ], [ -3, -1, 1, 2 ], [ -3, -3, 6, 1 ] ] ]))],[rec(TheMatrixStab:=Group([ [ [ -1, 0, -2, 2 ], [ 0, -1, 6, -2 ], [ 0, 0, 1, 0 ], [ 0, 0, 0, 1 ] ], 
  [ [ -1, 0, 0, 0 ], [ 0, -1, 0, 0 ], [ 0, 0, -1, 0 ], [ 0, 0, 0, -1 ] ], 
  [ [ 1, 0, 0, 0 ], [ 0, 1, 0, 0 ], [ 0, 0, 1, 0 ], [ 0, 0, 0, 1 ] ], 
  [ [ 1, 0, 2, -2 ], [ 0, 1, -6, 2 ], [ 0, 0, -1, 0 ], [ 0, 0, 0, -1 ] ] ]),TheRotSubgroup:=Group([ [ [ -1, 0, -2, 2 ], [ 0, -1, 6, -2 ], [ 0, 0, 1, 0 ], [ 0, 0, 0, 1 ] ], 
  [ [ -1, 0, 0, 0 ], [ 0, -1, 0, 0 ], [ 0, 0, -1, 0 ], [ 0, 0, 0, -1 ] ], 
  [ [ 1, 0, 0, 0 ], [ 0, 1, 0, 0 ], [ 0, 0, 1, 0 ], [ 0, 0, 0, 1 ] ], 
  [ [ 1, 0, 2, -2 ], [ 0, 1, -6, 2 ], [ 0, 0, -1, 0 ], [ 0, 0, 0, -1 ] ] ]),BoundaryImage:=rec(ListIFace:=[ 1, 6, 2, 7, 3, 3, 12, 2, 2, 12, 2, 8, 7, 6, 1, 8 ],ListSign:=[ 1, -1, 1, -1, 1, -1, 1, -1, 1, -1, -1, 1, -1, 1, 1, 1 ],ListElt:=[ [ [ 1, 0, 0, 0 ], [ 0, 1, 0, 0 ], [ 0, 0, 1, 0 ], [ 0, 0, 0, 1 ] ], 
  [ [ 0, 1, -2, 0 ], [ 3, 0, 0, -2 ], [ 1, 0, 0, -1 ], [ 0, 1, -3, 0 ] ], 
  [ [ -3, -2, 4, 1 ], [ -6, -3, 3, 4 ], [ -2, -1, 1, 1 ], [ -3, -2, 3, 1 ] ], 
  [ [ 0, 1, -2, 0 ], [ 3, 0, 0, -2 ], [ 1, 0, 0, -1 ], [ 0, 1, -3, 0 ] ], 
  [ [ -2, -1, 0, 2 ], [ -3, -2, 6, 0 ], [ -2, -1, 2, 1 ], [ -3, -2, 3, 2 ] ], 
  [ [ 1, 0, 0, 0 ], [ 0, 1, 0, 0 ], [ -2, -1, 2, 1 ], [ -3, -2, 3, 2 ] ], 
  [ [ 0, 1, -2, 0 ], [ 3, 0, 0, -2 ], [ 1, 0, 0, -1 ], [ 0, 1, -3, 0 ] ], 
  [ [ 1, 0, -2, 1 ], [ 0, 1, 3, -2 ], [ 0, 0, 1, 0 ], [ 0, 0, 0, 1 ] ], 
  [ [ -1, 0, 0, 1 ], [ 0, -1, 3, 0 ], [ 2, 1, -1, -1 ], [ 3, 2, -3, -1 ] ], 
  [ [ -2, -1, 0, 2 ], [ -3, -2, 6, 0 ], [ -2, -1, 2, 1 ], [ -3, -2, 3, 2 ] ], 
  [ [ 1, 0, 0, -1 ], [ 0, 1, -3, 0 ], [ 0, 0, -1, 0 ], [ 0, 0, 0, -1 ] ], 
  [ [ 0, 1, -2, 0 ], [ 3, 0, 0, -2 ], [ 4, 2, -3, -2 ], [ 6, 4, -6, -3 ] ], 
  [ [ 2, -1, 4, -2 ], [ -3, 2, -6, 4 ], [ -1, 0, 0, 1 ], [ 0, -1, 3, 0 ] ], 
  [ [ -1, 0, -2, 2 ], [ 0, -1, 6, -2 ], [ 0, 0, 1, 0 ], [ 0, 0, 0, 1 ] ], 
  [ [ -1, 0, -2, 2 ], [ 0, -1, 6, -2 ], [ 0, 0, 1, 0 ], [ 0, 0, 0, 1 ] ], 
  [ [ -4, -3, 4, 2 ], [ -9, -4, 6, 4 ], [ -4, -2, 3, 2 ], [ -6, -4, 6, 3 ] ] ])),rec(TheMatrixStab:=Group([ [ [ -2, -1, 0, 2 ], [ -3, -2, 6, 0 ], [ -2, -1, 2, 1 ], [ -3, -2, 3, 2 ] ], 
  [ [ -2, -1, 3, 0 ], [ -3, -2, 0, 3 ], [ -2, -1, 1, 1 ], [ -3, -2, 3, 1 ] ], 
  [ [ -1, -1, 0, 1 ], [ -3, -1, 3, 0 ], [ -2, -1, 1, 1 ], [ -3, -2, 3, 1 ] ], 
  [ [ -1, -1, 3, 0 ], [ -3, -1, 0, 3 ], [ -2, -1, 2, 1 ], [ -3, -2, 3, 2 ] ], 
  [ [ -1, 0, 0, 0 ], [ 0, -1, 0, 0 ], [ 0, 0, -1, 0 ], [ 0, 0, 0, -1 ] ], 
  [ [ -1, 0, 0, 1 ], [ 0, -1, 3, 0 ], [ 0, 0, 1, 0 ], [ 0, 0, 0, 1 ] ], 
  [ [ 1, 0, 0, -1 ], [ 0, 1, -3, 0 ], [ 0, 0, -1, 0 ], [ 0, 0, 0, -1 ] ], 
  [ [ 1, 0, 0, 0 ], [ 0, 1, 0, 0 ], [ 0, 0, 1, 0 ], [ 0, 0, 0, 1 ] ], 
  [ [ 1, 1, -3, 0 ], [ 3, 1, 0, -3 ], [ 2, 1, -2, -1 ], [ 3, 2, -3, -2 ] ], 
  [ [ 1, 1, 0, -1 ], [ 3, 1, -3, 0 ], [ 2, 1, -1, -1 ], [ 3, 2, -3, -1 ] ], 
  [ [ 2, 1, -3, 0 ], [ 3, 2, 0, -3 ], [ 2, 1, -1, -1 ], [ 3, 2, -3, -1 ] ], 
  [ [ 2, 1, 0, -2 ], [ 3, 2, -6, 0 ], [ 2, 1, -2, -1 ], [ 3, 2, -3, -2 ] ] ]),TheRotSubgroup:=Group([ [ [ -2, -1, 3, 0 ], [ -3, -2, 0, 3 ], [ -2, -1, 1, 1 ], [ -3, -2, 3, 1 ] ], 
  [ [ -1, -1, 3, 0 ], [ -3, -1, 0, 3 ], [ -2, -1, 2, 1 ], [ -3, -2, 3, 2 ] ], 
  [ [ -1, 0, 0, 0 ], [ 0, -1, 0, 0 ], [ 0, 0, -1, 0 ], [ 0, 0, 0, -1 ] ], 
  [ [ 1, 0, 0, 0 ], [ 0, 1, 0, 0 ], [ 0, 0, 1, 0 ], [ 0, 0, 0, 1 ] ], 
  [ [ 1, 1, -3, 0 ], [ 3, 1, 0, -3 ], [ 2, 1, -2, -1 ], [ 3, 2, -3, -2 ] ], 
  [ [ 2, 1, -3, 0 ], [ 3, 2, 0, -3 ], [ 2, 1, -1, -1 ], [ 3, 2, -3, -1 ] ] ]),BoundaryImage:=rec(ListIFace:=[ 1, 10, 1, 4, 11, 10, 10, 1, 10, 11, 11, 5, 5, 11, 6, 4, 4, 5, 11, 10, 6, 
  11, 10, 6 ],ListSign:=[ 1, -1, -1, 1, 1, 1, -1, 1, 1, -1, 1, -1, -1, -1, -1, 1, -1, 1, 1, -1, -1, 
  -1, 1, -1 ],ListElt:=[ [ [ 1, 0, 0, -1 ], [ 0, 1, -3, 0 ], [ 0, 0, -1, 0 ], [ 0, 0, 0, -1 ] ], 
  [ [ -2, -1, 2, 2 ], [ -3, -2, 6, 2 ], [ -2, -1, 3, 2 ], [ -3, -2, 6, 3 ] ], 
  [ [ -2, -1, 3, 0 ], [ -3, -2, 0, 3 ], [ -2, -1, 1, 1 ], [ -3, -2, 3, 1 ] ], 
  [ [ -2, -1, 2, 2 ], [ -3, -2, 6, 2 ], [ -2, -1, 3, 2 ], [ -3, -2, 6, 3 ] ], 
  [ [ -3, -2, 2, 1 ], [ -6, -3, 3, 2 ], [ -7, -4, 5, 3 ], [ -12, -7, 9, 5 ] ],
  [ [ 2, 1, -2, -1 ], [ 3, 2, -3, -2 ], [ 2, 1, -1, -1 ], [ 3, 2, -3, -1 ] ], 
  [ [ -1, -1, 1, 0 ], [ -3, -1, 0, 1 ], [ -2, -1, 1, 1 ], [ -3, -2, 3, 1 ] ], 
  [ [ 2, 1, 0, -2 ], [ 3, 2, -6, 0 ], [ 2, 1, -2, -1 ], [ 3, 2, -3, -2 ] ], 
  [ [ 1, 0, 2, 0 ], [ 0, 1, 0, 2 ], [ 0, 0, 2, 1 ], [ 0, 0, 3, 2 ] ], 
  [ [ 12, 7, -11, -6 ], [ 21, 12, -18, -11 ], [ 14, 8, -12, -7 ], 
      [ 24, 14, -21, -12 ] ], 
  [ [ -12, -7, 10, 6 ], [ -21, -12, 18, 10 ], [ -14, -8, 12, 7 ], 
      [ -24, -14, 21, 12 ] ], 
  [ [ 4, 3, -4, -2 ], [ 9, 4, -6, -4 ], [ 4, 2, -3, -2 ], [ 6, 4, -6, -3 ] ], 
  [ [ 5, 4, -5, -2 ], [ 12, 5, -6, -5 ], [ 7, 4, -5, -3 ], [ 12, 7, -9, -5 ] ]
    , 
  [ [ -9, -5, 7, 4 ], [ -15, -9, 12, 7 ], [ -7, -4, 5, 3 ], [ -12, -7, 9, 5 ] 
     ], [ [ -1, 0, 1, 2 ], [ 0, -1, 6, 1 ], [ 0, 0, 2, 1 ], [ 0, 0, 3, 2 ] ], 
  [ [ -1, 0, 1, 2 ], [ 0, -1, 6, 1 ], [ 0, 0, 2, 1 ], [ 0, 0, 3, 2 ] ], 
  [ [ 2, 1, -2, -1 ], [ 3, 2, -3, -2 ], [ 2, 1, -1, -1 ], [ 3, 2, -3, -1 ] ], 
  [ [ -2, -1, 2, 1 ], [ -3, -2, 3, 2 ], [ -4, -2, 3, 2 ], [ -6, -4, 6, 3 ] ], 
  [ [ 9, 5, -8, -5 ], [ 15, 9, -15, -8 ], [ 7, 4, -7, -4 ], 
      [ 12, 7, -12, -7 ] ], 
  [ [ -1, 0, 1, 2 ], [ 0, -1, 6, 1 ], [ 0, 0, 2, 1 ], [ 0, 0, 3, 2 ] ], 
  [ [ -2, -1, 2, 2 ], [ -3, -2, 6, 2 ], [ -2, -1, 3, 2 ], [ -3, -2, 6, 3 ] ], 
  [ [ -3, -2, 4, 2 ], [ -6, -3, 6, 4 ], [ -7, -4, 7, 4 ], [ -12, -7, 12, 7 ] ]
    , 
  [ [ -1, -1, 4, 1 ], [ -3, -1, 3, 4 ], [ -2, -1, 3, 2 ], [ -3, -2, 6, 3 ] ], 
  [ [ -1, -1, 1, 0 ], [ -3, -1, 0, 1 ], [ -2, -1, 1, 1 ], [ -3, -2, 3, 1 ] ] ])),rec(TheMatrixStab:=Group([ [ [ -2, -1, 0, 2 ], [ -3, -2, 6, 0 ], [ -2, -1, 2, 1 ], [ -3, -2, 3, 2 ] ], 
  [ [ -1, 0, 0, 0 ], [ 0, -1, 0, 0 ], [ 0, 0, -1, 0 ], [ 0, 0, 0, -1 ] ], 
  [ [ 1, 0, 0, 0 ], [ 0, 1, 0, 0 ], [ 0, 0, 1, 0 ], [ 0, 0, 0, 1 ] ], 
  [ [ 2, 1, 0, -2 ], [ 3, 2, -6, 0 ], [ 2, 1, -2, -1 ], [ 3, 2, -3, -2 ] ] ]),TheRotSubgroup:=Group([ [ [ -1, 0, 0, 0 ], [ 0, -1, 0, 0 ], [ 0, 0, -1, 0 ], [ 0, 0, 0, -1 ] ], 
  [ [ 1, 0, 0, 0 ], [ 0, 1, 0, 0 ], [ 0, 0, 1, 0 ], [ 0, 0, 0, 1 ] ] ]),BoundaryImage:=rec(ListIFace:=[ 1, 2, 4, 11, 11, 2 ],ListSign:=[ 1, -1, 1, -1, 1, 1 ],ListElt:=[ [ [ 1, 0, 0, 0 ], [ 0, 1, 0, 0 ], [ 0, 0, 1, 0 ], [ 0, 0, 0, 1 ] ], 
  [ [ 1, 0, 0, 0 ], [ 0, 1, 0, 0 ], [ 0, 0, 1, 0 ], [ 0, 0, 0, 1 ] ], 
  [ [ 5, 2, -2, -2 ], [ 6, 5, -6, -2 ], [ 3, 2, -2, -1 ], [ 6, 3, -3, -2 ] ], 
  [ [ 5, 2, -4, -3 ], [ 6, 5, -9, -4 ], [ 3, 2, -4, -2 ], [ 6, 3, -6, -4 ] ], 
  [ [ -4, -3, 5, 2 ], [ -9, -4, 6, 5 ], [ -4, -2, 3, 2 ], [ -6, -4, 6, 3 ] ], 
  [ [ -2, -1, 0, 2 ], [ -3, -2, 6, 0 ], [ -2, -1, 2, 1 ], [ -3, -2, 3, 2 ] ] ])),rec(TheMatrixStab:=Group([ [ [ -1, 0, 0, 0 ], [ 0, -1, 0, 0 ], [ 0, 0, -1, 0 ], [ 0, 0, 0, -1 ] ], 
  [ [ -1, 0, 0, 1 ], [ 0, -1, 3, 0 ], [ 0, 0, 1, 0 ], [ 0, 0, 0, 1 ] ], 
  [ [ 1, 0, 0, -1 ], [ 0, 1, -3, 0 ], [ 0, 0, -1, 0 ], [ 0, 0, 0, -1 ] ], 
  [ [ 1, 0, 0, 0 ], [ 0, 1, 0, 0 ], [ 0, 0, 1, 0 ], [ 0, 0, 0, 1 ] ] ]),TheRotSubgroup:=Group([ [ [ -1, 0, 0, 0 ], [ 0, -1, 0, 0 ], [ 0, 0, -1, 0 ], [ 0, 0, 0, -1 ] ], 
  [ [ 1, 0, 0, 0 ], [ 0, 1, 0, 0 ], [ 0, 0, 1, 0 ], [ 0, 0, 0, 1 ] ] ]),BoundaryImage:=rec(ListIFace:=[ 2, 6, 2, 5, 10, 10 ],ListSign:=[ 1, -1, -1, -1, -1, 1 ],ListElt:=[ [ [ 1, 0, 0, 0 ], [ 0, 1, 0, 0 ], [ 0, 0, 1, 0 ], [ 0, 0, 0, 1 ] ], 
  [ [ -1, 0, 1, 0 ], [ 0, -1, 0, 1 ], [ -1, 0, -1, 1 ], [ 0, -1, 3, -1 ] ], 
  [ [ 1, 0, 0, -1 ], [ 0, 1, -3, 0 ], [ 0, 0, -1, 0 ], [ 0, 0, 0, -1 ] ], 
  [ [ -1, 0, 1, 0 ], [ 0, -1, 0, 1 ], [ -1, 0, -1, 1 ], [ 0, -1, 3, -1 ] ], 
  [ [ 1, 0, 0, 0 ], [ 0, 1, 0, 0 ], [ 0, 0, 1, 0 ], [ 0, 0, 0, 1 ] ], 
  [ [ 1, 0, 0, -1 ], [ 0, 1, -3, 0 ], [ 0, 0, -1, 0 ], [ 0, 0, 0, -1 ] ] ])),rec(TheMatrixStab:=Group([ [ [ -2, 0, 0, 1 ], [ 0, -2, 3, 0 ], [ 0, -1, 1, 0 ], [ -3, 0, 0, 1 ] ], 
  [ [ -2, 0, 0, 1 ], [ 0, -2, 3, 0 ], [ 0, -1, 2, 0 ], [ -3, 0, 0, 2 ] ], 
  [ [ -1, 0, 0, 0 ], [ 0, -1, 0, 0 ], [ 0, -1, 1, 0 ], [ -3, 0, 0, 1 ] ], 
  [ [ -1, 0, 0, 0 ], [ 0, -1, 0, 0 ], [ 0, 0, -1, 0 ], [ 0, 0, 0, -1 ] ], 
  [ [ -1, 0, 0, 1 ], [ 0, -1, 3, 0 ], [ 0, -1, 2, 0 ], [ -3, 0, 0, 2 ] ], 
  [ [ -1, 0, 0, 1 ], [ 0, -1, 3, 0 ], [ 0, 0, 1, 0 ], [ 0, 0, 0, 1 ] ], 
  [ [ 0, -1, 1, 0 ], [ -3, 0, 0, 1 ], [ -2, 0, 0, 1 ], [ 0, -2, 3, 0 ] ], 
  [ [ 0, -1, 1, 0 ], [ -3, 0, 0, 1 ], [ -1, 0, 0, 0 ], [ 0, -1, 0, 0 ] ], 
  [ [ 0, -1, 2, 0 ], [ -3, 0, 0, 2 ], [ -2, 0, 0, 1 ], [ 0, -2, 3, 0 ] ], 
  [ [ 0, -1, 2, 0 ], [ -3, 0, 0, 2 ], [ -1, 0, 0, 1 ], [ 0, -1, 3, 0 ] ], 
  [ [ 0, 0, -1, 0 ], [ 0, 0, 0, -1 ], [ -1, 0, 0, 0 ], [ 0, -1, 0, 0 ] ], 
  [ [ 0, 0, -1, 0 ], [ 0, 0, 0, -1 ], [ 1, 0, 0, -1 ], [ 0, 1, -3, 0 ] ], 
  [ [ 0, 0, 1, 0 ], [ 0, 0, 0, 1 ], [ -1, 0, 0, 1 ], [ 0, -1, 3, 0 ] ], 
  [ [ 0, 0, 1, 0 ], [ 0, 0, 0, 1 ], [ 1, 0, 0, 0 ], [ 0, 1, 0, 0 ] ], 
  [ [ 0, 1, -2, 0 ], [ 3, 0, 0, -2 ], [ 1, 0, 0, -1 ], [ 0, 1, -3, 0 ] ], 
  [ [ 0, 1, -2, 0 ], [ 3, 0, 0, -2 ], [ 2, 0, 0, -1 ], [ 0, 2, -3, 0 ] ], 
  [ [ 0, 1, -1, 0 ], [ 3, 0, 0, -1 ], [ 1, 0, 0, 0 ], [ 0, 1, 0, 0 ] ], 
  [ [ 0, 1, -1, 0 ], [ 3, 0, 0, -1 ], [ 2, 0, 0, -1 ], [ 0, 2, -3, 0 ] ], 
  [ [ 1, 0, 0, -1 ], [ 0, 1, -3, 0 ], [ 0, 0, -1, 0 ], [ 0, 0, 0, -1 ] ], 
  [ [ 1, 0, 0, -1 ], [ 0, 1, -3, 0 ], [ 0, 1, -2, 0 ], [ 3, 0, 0, -2 ] ], 
  [ [ 1, 0, 0, 0 ], [ 0, 1, 0, 0 ], [ 0, 0, 1, 0 ], [ 0, 0, 0, 1 ] ], 
  [ [ 1, 0, 0, 0 ], [ 0, 1, 0, 0 ], [ 0, 1, -1, 0 ], [ 3, 0, 0, -1 ] ], 
  [ [ 2, 0, 0, -1 ], [ 0, 2, -3, 0 ], [ 0, 1, -2, 0 ], [ 3, 0, 0, -2 ] ], 
  [ [ 2, 0, 0, -1 ], [ 0, 2, -3, 0 ], [ 0, 1, -1, 0 ], [ 3, 0, 0, -1 ] ] ]),TheRotSubgroup:=Group([ [ [ -2, 0, 0, 1 ], [ 0, -2, 3, 0 ], [ 0, -1, 1, 0 ], [ -3, 0, 0, 1 ] ], 
  [ [ -1, 0, 0, 0 ], [ 0, -1, 0, 0 ], [ 0, 0, -1, 0 ], [ 0, 0, 0, -1 ] ], 
  [ [ -1, 0, 0, 1 ], [ 0, -1, 3, 0 ], [ 0, -1, 2, 0 ], [ -3, 0, 0, 2 ] ], 
  [ [ 0, -1, 1, 0 ], [ -3, 0, 0, 1 ], [ -1, 0, 0, 0 ], [ 0, -1, 0, 0 ] ], 
  [ [ 0, -1, 2, 0 ], [ -3, 0, 0, 2 ], [ -2, 0, 0, 1 ], [ 0, -2, 3, 0 ] ], 
  [ [ 0, 0, -1, 0 ], [ 0, 0, 0, -1 ], [ 1, 0, 0, -1 ], [ 0, 1, -3, 0 ] ], 
  [ [ 0, 0, 1, 0 ], [ 0, 0, 0, 1 ], [ -1, 0, 0, 1 ], [ 0, -1, 3, 0 ] ], 
  [ [ 0, 1, -2, 0 ], [ 3, 0, 0, -2 ], [ 2, 0, 0, -1 ], [ 0, 2, -3, 0 ] ], 
  [ [ 0, 1, -1, 0 ], [ 3, 0, 0, -1 ], [ 1, 0, 0, 0 ], [ 0, 1, 0, 0 ] ], 
  [ [ 1, 0, 0, -1 ], [ 0, 1, -3, 0 ], [ 0, 1, -2, 0 ], [ 3, 0, 0, -2 ] ], 
  [ [ 1, 0, 0, 0 ], [ 0, 1, 0, 0 ], [ 0, 0, 1, 0 ], [ 0, 0, 0, 1 ] ], 
  [ [ 2, 0, 0, -1 ], [ 0, 2, -3, 0 ], [ 0, 1, -1, 0 ], [ 3, 0, 0, -1 ] ] ]),BoundaryImage:=rec(ListIFace:=[ 4, 5, 5, 5, 4, 4, 4, 5, 4, 4, 5, 5 ],ListSign:=[ 1, 1, -1, -1, -1, -1, 1, -1, 1, -1, 1, 1 ],ListElt:=[ [ [ 1, 0, 0, 0 ], [ 0, 1, 0, 0 ], [ 0, 0, 1, 0 ], [ 0, 0, 0, 1 ] ], 
  [ [ 1, 0, 0, 0 ], [ 0, 1, 0, 0 ], [ 0, 0, 1, 0 ], [ 0, 0, 0, 1 ] ], 
  [ [ -2, 0, 0, 1 ], [ 0, -2, 3, 0 ], [ 0, -1, 2, 0 ], [ -3, 0, 0, 2 ] ], 
  [ [ 1, 0, 0, -1 ], [ 0, 1, -3, 0 ], [ 0, 0, -1, 0 ], [ 0, 0, 0, -1 ] ], 
  [ [ 1, 0, 0, -1 ], [ 0, 1, -3, 0 ], [ 0, 0, -1, 0 ], [ 0, 0, 0, -1 ] ], 
  [ [ -2, 0, 0, 1 ], [ 0, -2, 3, 0 ], [ 0, -1, 2, 0 ], [ -3, 0, 0, 2 ] ], 
  [ [ 2, 0, 0, -1 ], [ 0, 2, -3, 0 ], [ 0, 1, -1, 0 ], [ 3, 0, 0, -1 ] ], 
  [ [ 0, 0, 1, 0 ], [ 0, 0, 0, 1 ], [ 1, 0, 0, 0 ], [ 0, 1, 0, 0 ] ], 
  [ [ 0, -1, 2, 0 ], [ -3, 0, 0, 2 ], [ -2, 0, 0, 1 ], [ 0, -2, 3, 0 ] ], 
  [ [ 0, 0, 1, 0 ], [ 0, 0, 0, 1 ], [ 1, 0, 0, 0 ], [ 0, 1, 0, 0 ] ], 
  [ [ 2, 0, 0, -1 ], [ 0, 2, -3, 0 ], [ 0, 1, -1, 0 ], [ 3, 0, 0, -1 ] ], 
  [ [ 0, -1, 2, 0 ], [ -3, 0, 0, 2 ], [ -2, 0, 0, 1 ], [ 0, -2, 3, 0 ] ] ])),rec(TheMatrixStab:=Group([ [ [ -2, -1, 3, 1 ], [ -3, -2, 3, 3 ], [ -1, -1, 2, 1 ], [ -3, -1, 3, 2 ] ], 
  [ [ -1, 0, 0, 0 ], [ 0, -1, 0, 0 ], [ 0, 0, -1, 0 ], [ 0, 0, 0, -1 ] ], 
  [ [ 1, 0, 0, 0 ], [ 0, 1, 0, 0 ], [ 0, 0, 1, 0 ], [ 0, 0, 0, 1 ] ], 
  [ [ 2, 1, -3, -1 ], [ 3, 2, -3, -3 ], [ 1, 1, -2, -1 ], [ 3, 1, -3, -2 ] ] ]),TheRotSubgroup:=Group([ [ [ -1, 0, 0, 0 ], [ 0, -1, 0, 0 ], [ 0, 0, -1, 0 ], [ 0, 0, 0, -1 ] ], 
  [ [ 1, 0, 0, 0 ], [ 0, 1, 0, 0 ], [ 0, 0, 1, 0 ], [ 0, 0, 0, 1 ] ] ]),BoundaryImage:=rec(ListIFace:=[ 4, 10, 12, 7, 10, 4, 13, 7, 9 ],ListSign:=[ 1, -1, -1, -1, 1, -1, 1, 1, 1 ],ListElt:=[ [ [ 0, -1, 2, 0 ], [ -3, 0, 0, 2 ], [ -1, 0, 0, 1 ], [ 0, -1, 3, 0 ] ], 
  [ [ 0, 1, -1, 0 ], [ 3, 0, 0, -1 ], [ 1, 0, 0, 0 ], [ 0, 1, 0, 0 ] ], 
  [ [ -1, 2, -4, 1 ], [ 6, -1, 3, -4 ], [ 2, 0, 0, -1 ], [ 0, 2, -3, 0 ] ], 
  [ [ -1, 0, 0, 0 ], [ 0, -1, 0, 0 ], [ 0, 0, -1, 0 ], [ 0, 0, 0, -1 ] ], 
  [ [ 0, -1, 2, 1 ], [ -3, 0, 3, 2 ], [ -1, 0, 1, 1 ], [ 0, -1, 3, 1 ] ], 
  [ [ 0, -1, 1, -1 ], [ -3, 0, -3, 1 ], [ -1, 0, -1, 0 ], [ 0, -1, 0, -1 ] ], 
  [ [ -1, 0, 0, 0 ], [ 0, -1, 0, 0 ], [ 0, 0, -1, 0 ], [ 0, 0, 0, -1 ] ], 
  [ [ -2, -1, 3, 1 ], [ -3, -2, 3, 3 ], [ -1, -1, 2, 1 ], [ -3, -1, 3, 2 ] ], 
  [ [ -1, 0, 0, 0 ], [ 0, -1, 0, 0 ], [ 0, 0, -1, 0 ], [ 0, 0, 0, -1 ] ] ])),rec(TheMatrixStab:=Group([ [ [ -1, 0, 0, 0 ], [ 0, -1, 0, 0 ], [ 0, 0, -1, 0 ], [ 0, 0, 0, -1 ] ], 
  [ [ 1, 0, 0, 0 ], [ 0, 1, 0, 0 ], [ 0, 0, 1, 0 ], [ 0, 0, 0, 1 ] ] ]),TheRotSubgroup:=Group([ [ [ -1, 0, 0, 0 ], [ 0, -1, 0, 0 ], [ 0, 0, -1, 0 ], [ 0, 0, 0, -1 ] ], 
  [ [ 1, 0, 0, 0 ], [ 0, 1, 0, 0 ], [ 0, 0, 1, 0 ], [ 0, 0, 0, 1 ] ] ]),BoundaryImage:=rec(ListIFace:=[ 4, 8, 9, 10, 7, 5, 11 ],ListSign:=[ 1, -1, -1, -1, 1, 1, 1 ],ListElt:=[ [ [ 0, -1, 2, 0 ], [ -3, 0, 0, 2 ], [ -1, 0, 0, 1 ], [ 0, -1, 3, 0 ] ], 
  [ [ -1, 0, 0, 0 ], [ 0, -1, 0, 0 ], [ 0, 0, -1, 0 ], [ 0, 0, 0, -1 ] ], 
  [ [ 0, 1, -1, 0 ], [ 3, 0, 0, -1 ], [ 1, 0, 0, 0 ], [ 0, 1, 0, 0 ] ], 
  [ [ 2, 1, -1, -2 ], [ 3, 2, -6, -1 ], [ 2, 1, -3, -1 ], [ 3, 2, -3, -3 ] ], 
  [ [ 4, -1, 3, -3 ], [ -3, 4, -9, 3 ], [ -1, 2, -4, 1 ], [ 6, -1, 3, -4 ] ], 
  [ [ 0, -1, -1, 1 ], [ -3, 0, 3, -1 ], [ -2, 0, 1, 0 ], [ 0, -2, 0, 1 ] ], 
  [ [ -1, 0, 0, 0 ], [ 0, -1, 0, 0 ], [ 0, 0, -1, 0 ], [ 0, 0, 0, -1 ] ] ])),rec(TheMatrixStab:=Group([ [ [ -1, 0, 0, 0 ], [ 0, -1, 0, 0 ], [ 0, 0, -1, 0 ], [ 0, 0, 0, -1 ] ], 
  [ [ -1, 2, -3, 1 ], [ 6, -1, 3, -3 ], [ 4, 0, 1, -2 ], [ 0, 4, -6, 1 ] ], 
  [ [ 1, -2, 3, -1 ], [ -6, 1, -3, 3 ], [ -4, 0, -1, 2 ], [ 0, -4, 6, -1 ] ], 
  [ [ 1, 0, 0, 0 ], [ 0, 1, 0, 0 ], [ 0, 0, 1, 0 ], [ 0, 0, 0, 1 ] ] ]),TheRotSubgroup:=Group([ [ [ -1, 0, 0, 0 ], [ 0, -1, 0, 0 ], [ 0, 0, -1, 0 ], [ 0, 0, 0, -1 ] ], 
  [ [ 1, 0, 0, 0 ], [ 0, 1, 0, 0 ], [ 0, 0, 1, 0 ], [ 0, 0, 0, 1 ] ] ]),BoundaryImage:=rec(ListIFace:=[ 5, 9, 11, 13, 11, 8, 5, 8, 12 ],ListSign:=[ 1, 1, 1, 1, -1, -1, -1, 1, -1 ],ListElt:=[ [ [ 0, 1, -2, 0 ], [ 3, 0, 0, -2 ], [ 1, 0, 0, -1 ], [ 0, 1, -3, 0 ] ], 
  [ [ -2, -1, 2, 2 ], [ -3, -2, 6, 2 ], [ -3, -2, 5, 2 ], [ -6, -3, 6, 5 ] ], 
  [ [ 1, 0, -1, -1 ], [ 0, 1, -3, -1 ], [ -1, 0, -1, 0 ], [ 0, -1, 0, -1 ] ], 
  [ [ -2, -1, 1, 2 ], [ -3, -2, 6, 1 ], [ -2, -1, 3, 1 ], [ -3, -2, 3, 3 ] ], 
  [ [ 2, 1, -2, -2 ], [ 3, 2, -6, -2 ], [ 3, 2, -5, -2 ], [ 6, 3, -6, -5 ] ], 
  [ [ 1, -2, 3, -1 ], [ -6, 1, -3, 3 ], [ -4, 0, -1, 2 ], [ 0, -4, 6, -1 ] ], 
  [ [ 3, 0, -1, -1 ], [ 0, 3, -3, -1 ], [ 1, 2, -2, -1 ], [ 6, 1, -3, -2 ] ], 
  [ [ -1, 0, 0, 0 ], [ 0, -1, 0, 0 ], [ 0, 0, -1, 0 ], [ 0, 0, 0, -1 ] ], 
  [ [ 2, 1, -1, -2 ], [ 3, 2, -6, -1 ], [ 2, 1, -3, -1 ], [ 3, 2, -3, -3 ] ] ])),rec(TheMatrixStab:=Group([ [ [ -1, -2, 4, 0 ], [ -6, -1, 0, 4 ], [ -3, -1, 1, 2 ], [ -3, -3, 6, 1 ] ], 
  [ [ -1, 0, 0, 0 ], [ 0, -1, 0, 0 ], [ 0, 0, -1, 0 ], [ 0, 0, 0, -1 ] ], 
  [ [ 1, 0, 0, 0 ], [ 0, 1, 0, 0 ], [ 0, 0, 1, 0 ], [ 0, 0, 0, 1 ] ], 
  [ [ 1, 2, -4, 0 ], [ 6, 1, 0, -4 ], [ 3, 1, -1, -2 ], [ 3, 3, -6, -1 ] ] ]),TheRotSubgroup:=Group([ [ [ -1, -2, 4, 0 ], [ -6, -1, 0, 4 ], [ -3, -1, 1, 2 ], [ -3, -3, 6, 1 ] ], 
  [ [ -1, 0, 0, 0 ], [ 0, -1, 0, 0 ], [ 0, 0, -1, 0 ], [ 0, 0, 0, -1 ] ], 
  [ [ 1, 0, 0, 0 ], [ 0, 1, 0, 0 ], [ 0, 0, 1, 0 ], [ 0, 0, 0, 1 ] ], 
  [ [ 1, 2, -4, 0 ], [ 6, 1, 0, -4 ], [ 3, 1, -1, -2 ], [ 3, 3, -6, -1 ] ] ]),BoundaryImage:=rec(ListIFace:=[ 7, 8, 7, 8 ],ListSign:=[ 1, -1, 1, -1 ],ListElt:=[ [ [ -1, 0, 0, 0 ], [ 0, -1, 0, 0 ], [ 0, 0, -1, 0 ], [ 0, 0, 0, -1 ] ], 
  [ [ 1, 2, -4, 0 ], [ 6, 1, 0, -4 ], [ 3, 1, -1, -2 ], [ 3, 3, -6, -1 ] ], 
  [ [ 1, 2, -4, 0 ], [ 6, 1, 0, -4 ], [ 3, 1, -1, -2 ], [ 3, 3, -6, -1 ] ], 
  [ [ -1, 0, 0, 0 ], [ 0, -1, 0, 0 ], [ 0, 0, -1, 0 ], [ 0, 0, 0, -1 ] ] ]))],[rec(TheMatrixStab:=Group([ [ [ -1, 0, -2, 2 ], [ 0, -1, 6, -2 ], [ 0, 0, 1, 0 ], [ 0, 0, 0, 1 ] ], 
  [ [ -1, 0, 0, 0 ], [ 0, -1, 0, 0 ], [ 0, 0, -1, 0 ], [ 0, 0, 0, -1 ] ], 
  [ [ -1, 1, -5, 2 ], [ 3, -1, 6, -5 ], [ 1, 0, 1, -1 ], [ 0, 1, -3, 1 ] ], 
  [ [ -1, 1, -3, 2 ], [ 3, -1, 6, -3 ], [ 1, 0, 1, -1 ], [ 0, 1, -3, 1 ] ], 
  [ [ 1, -1, 3, -2 ], [ -3, 1, -6, 3 ], [ -1, 0, -1, 1 ], [ 0, -1, 3, -1 ] ], 
  [ [ 1, -1, 5, -2 ], [ -3, 1, -6, 5 ], [ -1, 0, -1, 1 ], [ 0, -1, 3, -1 ] ], 
  [ [ 1, 0, 0, 0 ], [ 0, 1, 0, 0 ], [ 0, 0, 1, 0 ], [ 0, 0, 0, 1 ] ], 
  [ [ 1, 0, 2, -2 ], [ 0, 1, -6, 2 ], [ 0, 0, -1, 0 ], [ 0, 0, 0, -1 ] ] ]),TheRotSubgroup:=Group([ [ [ -1, 0, -2, 2 ], [ 0, -1, 6, -2 ], [ 0, 0, 1, 0 ], [ 0, 0, 0, 1 ] ], 
  [ [ -1, 0, 0, 0 ], [ 0, -1, 0, 0 ], [ 0, 0, -1, 0 ], [ 0, 0, 0, -1 ] ], 
  [ [ 1, 0, 0, 0 ], [ 0, 1, 0, 0 ], [ 0, 0, 1, 0 ], [ 0, 0, 0, 1 ] ], 
  [ [ 1, 0, 2, -2 ], [ 0, 1, -6, 2 ], [ 0, 0, -1, 0 ], [ 0, 0, 0, -1 ] ] ]),BoundaryImage:=rec(ListIFace:=[ 1, 6, 8, 3, 2, 8, 4, 4, 2, 8, 1, 7, 3, 3, 1, 7, 3, 4, 3, 6, 7, 8, 6, 1, 4, 
  7, 7, 7, 7, 3, 5, 4, 6, 7, 4, 5 ],ListSign:=[ 1, -1, 1, -1, -1, -1, -1, 1, -1, 1, -1, 1, -1, -1, -1, 1, -1, -1, 1, -1, 
  -1, 1, -1, 1, -1, -1, -1, 1, -1, 1, -1, -1, -1, 1, -1, -1 ],ListElt:=[ [ [ 1, 0, 0, 0 ], [ 0, 1, 0, 0 ], [ 0, 0, 1, 0 ], [ 0, 0, 0, 1 ] ], 
  [ [ 0, -1, 2, 0 ], [ -3, 0, 0, 2 ], [ -1, 0, 0, 1 ], [ 0, -1, 3, 0 ] ], 
  [ [ -1, 1, -2, 1 ], [ 3, -1, 3, -2 ], [ 0, -1, 2, 0 ], [ -3, 0, 0, 2 ] ], 
  [ [ -1, 0, -2, 2 ], [ 0, -1, 6, -2 ], [ 0, 0, 1, 0 ], [ 0, 0, 0, 1 ] ], 
  [ [ -1, 1, -1, 0 ], [ 3, -1, 0, -1 ], [ 1, 0, -1, 0 ], [ 0, 1, 0, -1 ] ], 
  [ [ -3, -1, 2, 1 ], [ -3, -3, 3, 2 ], [ -2, -1, 1, 1 ], [ -3, -2, 3, 1 ] ], 
  [ [ 1, -1, 0, 1 ], [ -3, 1, 3, 0 ], [ -1, 0, 1, 0 ], [ 0, -1, 0, 1 ] ], 
  [ [ -3, -2, 2, 2 ], [ -6, -3, 6, 2 ], [ -2, -1, 2, 1 ], [ -3, -2, 3, 2 ] ], 
  [ [ 1, 0, 6, -4 ], [ 0, 1, -12, 6 ], [ 0, 0, -2, 1 ], [ 0, 0, 3, -2 ] ], 
  [ [ -4, 1, -2, 2 ], [ 3, -4, 6, -2 ], [ 2, 0, 0, -1 ], [ 0, 2, -3, 0 ] ], 
  [ [ -1, 0, 4, -2 ], [ 0, -1, -6, 4 ], [ 0, 0, -2, 1 ], [ 0, 0, 3, -2 ] ], 
  [ [ 5, -1, 2, -3 ], [ -3, 5, -9, 2 ], [ 0, 1, -2, 0 ], [ 3, 0, 0, -2 ] ], 
  [ [ -1, -2, 6, -1 ], [ -6, -1, -3, 6 ], [ -1, 0, -1, 1 ], [ 0, -1, 3, -1 ] ]
    , [ [ 1, -1, -3, 2 ], [ -3, 1, 6, -3 ], [ -1, 0, 1, 0 ], [ 0, -1, 0, 1 ] ]
    , 
  [ [ 1, -1, 5, -2 ], [ -3, 1, -6, 5 ], [ -1, 0, -1, 1 ], [ 0, -1, 3, -1 ] ], 
  [ [ 0, -1, 2, 0 ], [ -3, 0, 0, 2 ], [ -4, -2, 3, 2 ], [ -6, -4, 6, 3 ] ], 
  [ [ 1, 0, 0, 0 ], [ 0, 1, 0, 0 ], [ 0, 0, 1, 0 ], [ 0, 0, 0, 1 ] ], 
  [ [ -1, 0, 0, 1 ], [ 0, -1, 3, 0 ], [ 2, 1, -1, -1 ], [ 3, 2, -3, -1 ] ], 
  [ [ 1, 0, 4, -3 ], [ 0, 1, -9, 4 ], [ 0, 0, -2, 1 ], [ 0, 0, 3, -2 ] ], 
  [ [ 4, -1, 2, -3 ], [ -3, 4, -9, 2 ], [ 0, 1, -2, 0 ], [ 3, 0, 0, -2 ] ], 
  [ [ 3, 1, -1, -2 ], [ 3, 3, -6, -1 ], [ -2, -1, 1, 1 ], [ -3, -2, 3, 1 ] ], 
  [ [ 0, -3, 4, 0 ], [ -9, 0, 0, 4 ], [ -2, 0, 0, 1 ], [ 0, -2, 3, 0 ] ], 
  [ [ 2, -1, 2, -1 ], [ -3, 2, -3, 2 ], [ 0, 1, -2, 0 ], [ 3, 0, 0, -2 ] ], 
  [ [ -1, 1, -2, 1 ], [ 3, -1, 3, -2 ], [ 1, 0, 1, -1 ], [ 0, 1, -3, 1 ] ], 
  [ [ 1, -1, -2, 1 ], [ -3, 1, 3, -2 ], [ -1, 0, 1, 0 ], [ 0, -1, 0, 1 ] ], 
  [ [ 2, -1, 1, -1 ], [ -3, 2, -3, 1 ], [ -2, 0, 0, 1 ], [ 0, -2, 3, 0 ] ], 
  [ [ 2, -3, 5, -1 ], [ -9, 2, -3, 5 ], [ -2, 0, 0, 1 ], [ 0, -2, 3, 0 ] ], 
  [ [ -1, 1, -2, 1 ], [ 3, -1, 3, -2 ], [ 0, -1, 2, 0 ], [ -3, 0, 0, 2 ] ], 
  [ [ -5, -3, 5, 2 ], [ -9, -5, 6, 5 ], [ -2, -1, 1, 1 ], [ -3, -2, 3, 1 ] ], 
  [ [ 1, -1, 5, -2 ], [ -3, 1, -6, 5 ], [ -1, 0, -1, 1 ], [ 0, -1, 3, -1 ] ], 
  [ [ -1, 1, -1, 0 ], [ 3, -1, 0, -1 ], [ 0, -1, 1, 0 ], [ -3, 0, 0, 1 ] ], 
  [ [ 1, 0, 0, 0 ], [ 0, 1, 0, 0 ], [ 0, 0, 1, 0 ], [ 0, 0, 0, 1 ] ], 
  [ [ -2, 1, -4, 2 ], [ 3, -2, 6, -4 ], [ 1, 0, 0, -1 ], [ 0, 1, -3, 0 ] ], 
  [ [ -4, -3, 4, 2 ], [ -9, -4, 6, 4 ], [ -4, -2, 3, 2 ], [ -6, -4, 6, 3 ] ], 
  [ [ -1, 0, -2, 2 ], [ 0, -1, 6, -2 ], [ 0, 0, 1, 0 ], [ 0, 0, 0, 1 ] ], 
  [ [ 1, -1, 4, -1 ], [ -3, 1, -3, 4 ], [ -1, 0, 0, 1 ], [ 0, -1, 3, 0 ] ] ])),rec(TheMatrixStab:=Group([ [ [ -4, -1, 1, 3 ], [ -3, -4, 9, 1 ], [ -2, -2, 4, 1 ], [ -6, -2, 3, 4 ] ], 
  [ [ -2, -1, 3, 1 ], [ -3, -2, 3, 3 ], [ -1, -1, 2, 1 ], [ -3, -1, 3, 2 ] ], 
  [ [ -1, -2, 4, 0 ], [ -6, -1, 0, 4 ], [ -3, -1, 1, 2 ], [ -3, -3, 6, 1 ] ], 
  [ [ -1, 0, 0, 0 ], [ 0, -1, 0, 0 ], [ 0, 0, -1, 0 ], [ 0, 0, 0, -1 ] ], 
  [ [ 1, 0, 0, 0 ], [ 0, 1, 0, 0 ], [ 0, 0, 1, 0 ], [ 0, 0, 0, 1 ] ], 
  [ [ 1, 2, -4, 0 ], [ 6, 1, 0, -4 ], [ 3, 1, -1, -2 ], [ 3, 3, -6, -1 ] ], 
  [ [ 2, 1, -3, -1 ], [ 3, 2, -3, -3 ], [ 1, 1, -2, -1 ], [ 3, 1, -3, -2 ] ], 
  [ [ 4, 1, -1, -3 ], [ 3, 4, -9, -1 ], [ 2, 2, -4, -1 ], [ 6, 2, -3, -4 ] ] ]),TheRotSubgroup:=Group([ [ [ -1, -2, 4, 0 ], [ -6, -1, 0, 4 ], [ -3, -1, 1, 2 ], [ -3, -3, 6, 1 ] ], 
  [ [ -1, 0, 0, 0 ], [ 0, -1, 0, 0 ], [ 0, 0, -1, 0 ], [ 0, 0, 0, -1 ] ], 
  [ [ 1, 0, 0, 0 ], [ 0, 1, 0, 0 ], [ 0, 0, 1, 0 ], [ 0, 0, 0, 1 ] ], 
  [ [ 1, 2, -4, 0 ], [ 6, 1, 0, -4 ], [ 3, 1, -1, -2 ], [ 3, 3, -6, -1 ] ] ]),BoundaryImage:=rec(ListIFace:=[ 6, 8, 6, 9, 9, 7, 9, 9, 7, 7, 8, 7 ],ListSign:=[ 1, -1, 1, -1, -1, 1, 1, 1, -1, 1, -1, -1 ],ListElt:=[ [ [ -1, 0, 0, 0 ], [ 0, -1, 0, 0 ], [ 0, 0, -1, 0 ], [ 0, 0, 0, -1 ] ], 
  [ [ 4, -1, 2, -2 ], [ -3, 4, -6, 2 ], [ 0, 1, -1, 0 ], [ 3, 0, 0, -1 ] ], 
  [ [ -1, -2, 4, 0 ], [ -6, -1, 0, 4 ], [ -3, -1, 1, 2 ], [ -3, -3, 6, 1 ] ], 
  [ [ -2, 3, -6, 2 ], [ 9, -2, 6, -6 ], [ 3, 0, 1, -2 ], [ 0, 3, -6, 1 ] ], 
  [ [ -2, -1, 3, 1 ], [ -3, -2, 3, 3 ], [ -1, -1, 2, 1 ], [ -3, -1, 3, 2 ] ], 
  [ [ 4, 1, -1, -3 ], [ 3, 4, -9, -1 ], [ 2, 2, -4, -1 ], [ 6, 2, -3, -4 ] ], 
  [ [ -1, 0, 0, 0 ], [ 0, -1, 0, 0 ], [ 0, 0, -1, 0 ], [ 0, 0, 0, -1 ] ], 
  [ [ -4, 1, -3, 3 ], [ 3, -4, 9, -3 ], [ 1, -2, 4, -1 ], [ -6, 1, -3, 4 ] ], 
  [ [ -1, -2, 4, 0 ], [ -6, -1, 0, 4 ], [ -3, -1, 1, 2 ], [ -3, -3, 6, 1 ] ], 
  [ [ -2, -1, 3, 1 ], [ -3, -2, 3, 3 ], [ -1, -1, 2, 1 ], [ -3, -1, 3, 2 ] ], 
  [ [ 2, -3, 6, -2 ], [ -9, 2, -6, 6 ], [ -3, 0, -1, 2 ], [ 0, -3, 6, -1 ] ], 
  [ [ -1, 0, 0, 0 ], [ 0, -1, 0, 0 ], [ 0, 0, -1, 0 ], [ 0, 0, 0, -1 ] ] ]))]];