HAP_GCOMPLEX_SETUP:=[false]; 
HAP_GCOMPLEX_LIST:=[[rec(TheMatrixStab:=Group([ [ [ -4, 0, 1, 1 ], [ 0, -4, -11, 2 ], [ -2, 1, 3, 0 ], [ -11, -1, 0, 3 ] ], 
  [ [ -4, 0, 2, 1 ], [ 0, -4, -11, 3 ], [ -3, 1, 4, 0 ], [ -11, -2, 0, 4 ] ], 
  [ [ -3, 0, 1, 1 ], [ 0, -3, -11, 2 ], [ -2, 1, 4, 0 ], [ -11, -1, 0, 4 ] ], 
  [ [ -3, 1, 4, 0 ], [ -11, -2, 0, 4 ], [ 1, 1, 2, -1 ], [ -11, 2, 11, 1 ] ], 
  [ [ -2, -1, -2, 1 ], [ 11, -3, -11, -1 ], [ -4, 0, 1, 1 ], 
      [ 0, -4, -11, 2 ] ], 
  [ [ -2, 1, 3, 0 ], [ -11, -1, 0, 3 ], [ 2, 1, 2, -1 ], [ -11, 3, 11, 1 ] ], 
  [ [ -2, 1, 4, 0 ], [ -11, -1, 0, 4 ], [ 1, 1, 3, -1 ], [ -11, 2, 11, 2 ] ], 
  [ [ -1, -1, -3, 1 ], [ 11, -2, -11, -2 ], [ -3, 0, 1, 1 ], 
      [ 0, -3, -11, 2 ] ], 
  [ [ -1, -1, -2, 1 ], [ 11, -2, -11, -1 ], [ -4, 0, 2, 1 ], 
      [ 0, -4, -11, 3 ] ], 
  [ [ -1, 0, 0, 0 ], [ 0, -1, 0, 0 ], [ 0, 0, -1, 0 ], [ 0, 0, 0, -1 ] ], 
  [ [ -1, 0, 1, 0 ], [ 0, -1, 0, 1 ], [ -1, 0, 0, 0 ], [ 0, -1, 0, 0 ] ], 
  [ [ 0, 0, -1, 0 ], [ 0, 0, 0, -1 ], [ 1, 0, -1, 0 ], [ 0, 1, 0, -1 ] ], 
  [ [ 0, 0, 1, 0 ], [ 0, 0, 0, 1 ], [ -1, 0, 1, 0 ], [ 0, -1, 0, 1 ] ], 
  [ [ 1, 0, -1, 0 ], [ 0, 1, 0, -1 ], [ 1, 0, 0, 0 ], [ 0, 1, 0, 0 ] ], 
  [ [ 1, 0, 0, 0 ], [ 0, 1, 0, 0 ], [ 0, 0, 1, 0 ], [ 0, 0, 0, 1 ] ], 
  [ [ 1, 1, 2, -1 ], [ -11, 2, 11, 1 ], [ 4, 0, -2, -1 ], [ 0, 4, 11, -3 ] ], 
  [ [ 1, 1, 3, -1 ], [ -11, 2, 11, 2 ], [ 3, 0, -1, -1 ], [ 0, 3, 11, -2 ] ], 
  [ [ 2, -1, -4, 0 ], [ 11, 1, 0, -4 ], [ -1, -1, -3, 1 ], 
      [ 11, -2, -11, -2 ] ], 
  [ [ 2, -1, -3, 0 ], [ 11, 1, 0, -3 ], [ -2, -1, -2, 1 ], 
      [ 11, -3, -11, -1 ] ], 
  [ [ 2, 1, 2, -1 ], [ -11, 3, 11, 1 ], [ 4, 0, -1, -1 ], [ 0, 4, 11, -2 ] ], 
  [ [ 3, -1, -4, 0 ], [ 11, 2, 0, -4 ], [ -1, -1, -2, 1 ], 
      [ 11, -2, -11, -1 ] ], 
  [ [ 3, 0, -1, -1 ], [ 0, 3, 11, -2 ], [ 2, -1, -4, 0 ], [ 11, 1, 0, -4 ] ], 
  [ [ 4, 0, -2, -1 ], [ 0, 4, 11, -3 ], [ 3, -1, -4, 0 ], [ 11, 2, 0, -4 ] ], 
  [ [ 4, 0, -1, -1 ], [ 0, 4, 11, -2 ], [ 2, -1, -3, 0 ], [ 11, 1, 0, -3 ] ] ]),TheRotSubgroup:=Group([ [ [ -4, 0, 1, 1 ], [ 0, -4, -11, 2 ], [ -2, 1, 3, 0 ], [ -11, -1, 0, 3 ] ], 
  [ [ -4, 0, 2, 1 ], [ 0, -4, -11, 3 ], [ -3, 1, 4, 0 ], [ -11, -2, 0, 4 ] ], 
  [ [ -3, 0, 1, 1 ], [ 0, -3, -11, 2 ], [ -2, 1, 4, 0 ], [ -11, -1, 0, 4 ] ], 
  [ [ -3, 1, 4, 0 ], [ -11, -2, 0, 4 ], [ 1, 1, 2, -1 ], [ -11, 2, 11, 1 ] ], 
  [ [ -2, -1, -2, 1 ], [ 11, -3, -11, -1 ], [ -4, 0, 1, 1 ], 
      [ 0, -4, -11, 2 ] ], 
  [ [ -2, 1, 3, 0 ], [ -11, -1, 0, 3 ], [ 2, 1, 2, -1 ], [ -11, 3, 11, 1 ] ], 
  [ [ -2, 1, 4, 0 ], [ -11, -1, 0, 4 ], [ 1, 1, 3, -1 ], [ -11, 2, 11, 2 ] ], 
  [ [ -1, -1, -3, 1 ], [ 11, -2, -11, -2 ], [ -3, 0, 1, 1 ], 
      [ 0, -3, -11, 2 ] ], 
  [ [ -1, -1, -2, 1 ], [ 11, -2, -11, -1 ], [ -4, 0, 2, 1 ], 
      [ 0, -4, -11, 3 ] ], 
  [ [ -1, 0, 0, 0 ], [ 0, -1, 0, 0 ], [ 0, 0, -1, 0 ], [ 0, 0, 0, -1 ] ], 
  [ [ -1, 0, 1, 0 ], [ 0, -1, 0, 1 ], [ -1, 0, 0, 0 ], [ 0, -1, 0, 0 ] ], 
  [ [ 0, 0, -1, 0 ], [ 0, 0, 0, -1 ], [ 1, 0, -1, 0 ], [ 0, 1, 0, -1 ] ], 
  [ [ 0, 0, 1, 0 ], [ 0, 0, 0, 1 ], [ -1, 0, 1, 0 ], [ 0, -1, 0, 1 ] ], 
  [ [ 1, 0, -1, 0 ], [ 0, 1, 0, -1 ], [ 1, 0, 0, 0 ], [ 0, 1, 0, 0 ] ], 
  [ [ 1, 0, 0, 0 ], [ 0, 1, 0, 0 ], [ 0, 0, 1, 0 ], [ 0, 0, 0, 1 ] ], 
  [ [ 1, 1, 2, -1 ], [ -11, 2, 11, 1 ], [ 4, 0, -2, -1 ], [ 0, 4, 11, -3 ] ], 
  [ [ 1, 1, 3, -1 ], [ -11, 2, 11, 2 ], [ 3, 0, -1, -1 ], [ 0, 3, 11, -2 ] ], 
  [ [ 2, -1, -4, 0 ], [ 11, 1, 0, -4 ], [ -1, -1, -3, 1 ], 
      [ 11, -2, -11, -2 ] ], 
  [ [ 2, -1, -3, 0 ], [ 11, 1, 0, -3 ], [ -2, -1, -2, 1 ], 
      [ 11, -3, -11, -1 ] ], 
  [ [ 2, 1, 2, -1 ], [ -11, 3, 11, 1 ], [ 4, 0, -1, -1 ], [ 0, 4, 11, -2 ] ], 
  [ [ 3, -1, -4, 0 ], [ 11, 2, 0, -4 ], [ -1, -1, -2, 1 ], 
      [ 11, -2, -11, -1 ] ], 
  [ [ 3, 0, -1, -1 ], [ 0, 3, 11, -2 ], [ 2, -1, -4, 0 ], [ 11, 1, 0, -4 ] ], 
  [ [ 4, 0, -2, -1 ], [ 0, 4, 11, -3 ], [ 3, -1, -4, 0 ], [ 11, 2, 0, -4 ] ], 
  [ [ 4, 0, -1, -1 ], [ 0, 4, 11, -2 ], [ 2, -1, -3, 0 ], [ 11, 1, 0, -3 ] ] ]),BoundaryImage:=rec(ListIFace:=[  ],ListSign:=[  ],ListElt:=[  ])),rec(TheMatrixStab:=Group([ [ [ -1, 0, 0, 0 ], [ 0, -1, 0, 0 ], [ 0, 0, -1, 0 ], [ 0, 0, 0, -1 ] ], 
  [ [ -1, 0, 1, 0 ], [ 0, -1, 0, 1 ], [ -1, 0, 0, 0 ], [ 0, -1, 0, 0 ] ], 
  [ [ 0, 0, -1, 0 ], [ 0, 0, 0, -1 ], [ 1, 0, -1, 0 ], [ 0, 1, 0, -1 ] ], 
  [ [ 0, 0, 1, 0 ], [ 0, 0, 0, 1 ], [ -1, 0, 1, 0 ], [ 0, -1, 0, 1 ] ], 
  [ [ 1, 0, -1, 0 ], [ 0, 1, 0, -1 ], [ 1, 0, 0, 0 ], [ 0, 1, 0, 0 ] ], 
  [ [ 1, 0, 0, 0 ], [ 0, 1, 0, 0 ], [ 0, 0, 1, 0 ], [ 0, 0, 0, 1 ] ] ]),TheRotSubgroup:=Group([ [ [ -1, 0, 0, 0 ], [ 0, -1, 0, 0 ], [ 0, 0, -1, 0 ], [ 0, 0, 0, -1 ] ], 
  [ [ -1, 0, 1, 0 ], [ 0, -1, 0, 1 ], [ -1, 0, 0, 0 ], [ 0, -1, 0, 0 ] ], 
  [ [ 0, 0, -1, 0 ], [ 0, 0, 0, -1 ], [ 1, 0, -1, 0 ], [ 0, 1, 0, -1 ] ], 
  [ [ 0, 0, 1, 0 ], [ 0, 0, 0, 1 ], [ -1, 0, 1, 0 ], [ 0, -1, 0, 1 ] ], 
  [ [ 1, 0, -1, 0 ], [ 0, 1, 0, -1 ], [ 1, 0, 0, 0 ], [ 0, 1, 0, 0 ] ], 
  [ [ 1, 0, 0, 0 ], [ 0, 1, 0, 0 ], [ 0, 0, 1, 0 ], [ 0, 0, 0, 1 ] ] ]),BoundaryImage:=rec(ListIFace:=[  ],ListSign:=[  ],ListElt:=[  ])),rec(TheMatrixStab:=Group([ [ [ -106, 0, 39, 28 ], [ 0, -106, -308, 67 ], [ -67, 28, 106, 0 ], 
      [ -308, -39, 0, 106 ] ], 
  [ [ -67, 28, 106, 0 ], [ -308, -39, 0, 106 ], [ 39, 28, 67, -28 ], 
      [ -308, 67, 308, 39 ] ], 
  [ [ -39, -28, -67, 28 ], [ 308, -67, -308, -39 ], [ -106, 0, 39, 28 ], 
      [ 0, -106, -308, 67 ] ], 
  [ [ -1, 0, 0, 0 ], [ 0, -1, 0, 0 ], [ 0, 0, -1, 0 ], [ 0, 0, 0, -1 ] ], 
  [ [ -1, 0, 1, 0 ], [ 0, -1, 0, 1 ], [ -1, 0, 0, 0 ], [ 0, -1, 0, 0 ] ], 
  [ [ 0, 0, -1, 0 ], [ 0, 0, 0, -1 ], [ 1, 0, -1, 0 ], [ 0, 1, 0, -1 ] ], 
  [ [ 0, 0, 1, 0 ], [ 0, 0, 0, 1 ], [ -1, 0, 1, 0 ], [ 0, -1, 0, 1 ] ], 
  [ [ 1, 0, -1, 0 ], [ 0, 1, 0, -1 ], [ 1, 0, 0, 0 ], [ 0, 1, 0, 0 ] ], 
  [ [ 1, 0, 0, 0 ], [ 0, 1, 0, 0 ], [ 0, 0, 1, 0 ], [ 0, 0, 0, 1 ] ], 
  [ [ 39, 28, 67, -28 ], [ -308, 67, 308, 39 ], [ 106, 0, -39, -28 ], 
      [ 0, 106, 308, -67 ] ], 
  [ [ 67, -28, -106, 0 ], [ 308, 39, 0, -106 ], [ -39, -28, -67, 28 ], 
      [ 308, -67, -308, -39 ] ], 
  [ [ 106, 0, -39, -28 ], [ 0, 106, 308, -67 ], [ 67, -28, -106, 0 ], 
      [ 308, 39, 0, -106 ] ] ]),TheRotSubgroup:=Group([ [ [ -106, 0, 39, 28 ], [ 0, -106, -308, 67 ], [ -67, 28, 106, 0 ], 
      [ -308, -39, 0, 106 ] ], 
  [ [ -67, 28, 106, 0 ], [ -308, -39, 0, 106 ], [ 39, 28, 67, -28 ], 
      [ -308, 67, 308, 39 ] ], 
  [ [ -39, -28, -67, 28 ], [ 308, -67, -308, -39 ], [ -106, 0, 39, 28 ], 
      [ 0, -106, -308, 67 ] ], 
  [ [ -1, 0, 0, 0 ], [ 0, -1, 0, 0 ], [ 0, 0, -1, 0 ], [ 0, 0, 0, -1 ] ], 
  [ [ -1, 0, 1, 0 ], [ 0, -1, 0, 1 ], [ -1, 0, 0, 0 ], [ 0, -1, 0, 0 ] ], 
  [ [ 0, 0, -1, 0 ], [ 0, 0, 0, -1 ], [ 1, 0, -1, 0 ], [ 0, 1, 0, -1 ] ], 
  [ [ 0, 0, 1, 0 ], [ 0, 0, 0, 1 ], [ -1, 0, 1, 0 ], [ 0, -1, 0, 1 ] ], 
  [ [ 1, 0, -1, 0 ], [ 0, 1, 0, -1 ], [ 1, 0, 0, 0 ], [ 0, 1, 0, 0 ] ], 
  [ [ 1, 0, 0, 0 ], [ 0, 1, 0, 0 ], [ 0, 0, 1, 0 ], [ 0, 0, 0, 1 ] ], 
  [ [ 39, 28, 67, -28 ], [ -308, 67, 308, 39 ], [ 106, 0, -39, -28 ], 
      [ 0, 106, 308, -67 ] ], 
  [ [ 67, -28, -106, 0 ], [ 308, 39, 0, -106 ], [ -39, -28, -67, 28 ], 
      [ 308, -67, -308, -39 ] ], 
  [ [ 106, 0, -39, -28 ], [ 0, 106, 308, -67 ], [ 67, -28, -106, 0 ], 
      [ 308, 39, 0, -106 ] ] ]),BoundaryImage:=rec(ListIFace:=[  ],ListSign:=[  ],ListElt:=[  ])),rec(TheMatrixStab:=Group([ [ [ -13, 5, 21, 0 ], [ -55, -8, 0, 21 ], [ 5, 5, 13, -5 ], 
      [ -55, 10, 55, 8 ] ], 
  [ [ -1, 0, 0, 0 ], [ 0, -1, 0, 0 ], [ 0, 0, -1, 0 ], [ 0, 0, 0, -1 ] ], 
  [ [ 1, 0, 0, 0 ], [ 0, 1, 0, 0 ], [ 0, 0, 1, 0 ], [ 0, 0, 0, 1 ] ], 
  [ [ 13, -5, -21, 0 ], [ 55, 8, 0, -21 ], [ -5, -5, -13, 5 ], 
      [ 55, -10, -55, -8 ] ] ]),TheRotSubgroup:=Group([ [ [ -13, 5, 21, 0 ], [ -55, -8, 0, 21 ], [ 5, 5, 13, -5 ], 
      [ -55, 10, 55, 8 ] ], 
  [ [ -1, 0, 0, 0 ], [ 0, -1, 0, 0 ], [ 0, 0, -1, 0 ], [ 0, 0, 0, -1 ] ], 
  [ [ 1, 0, 0, 0 ], [ 0, 1, 0, 0 ], [ 0, 0, 1, 0 ], [ 0, 0, 0, 1 ] ], 
  [ [ 13, -5, -21, 0 ], [ 55, 8, 0, -21 ], [ -5, -5, -13, 5 ], 
      [ 55, -10, -55, -8 ] ] ]),BoundaryImage:=rec(ListIFace:=[  ],ListSign:=[  ],ListElt:=[  ]))],[rec(TheMatrixStab:=Group([ [ [ -22, 3, 18, 5 ], [ -33, -19, -55, 23 ], [ -3, 6, 22, -3 ], 
      [ -66, 3, 33, 19 ] ], 
  [ [ -17, -4, -8, 8 ], [ 44, -21, -88, 0 ], [ -19, 3, 17, 4 ], 
      [ -33, -16, -44, 21 ] ], 
  [ [ -5, 7, 26, -3 ], [ -77, 2, 33, 23 ], [ 16, 3, 5, -7 ], 
      [ -33, 19, 77, -2 ] ], 
  [ [ -2, -1, -2, 1 ], [ 11, -3, -11, -1 ], [ -4, 0, 1, 1 ], 
      [ 0, -4, -11, 2 ] ], 
  [ [ -1, -1, -2, 1 ], [ 11, -2, -11, -1 ], [ -4, 0, 2, 1 ], 
      [ 0, -4, -11, 3 ] ], 
  [ [ -1, 0, 0, 0 ], [ 0, -1, 0, 0 ], [ 0, 0, -1, 0 ], [ 0, 0, 0, -1 ] ], 
  [ [ 1, 0, 0, 0 ], [ 0, 1, 0, 0 ], [ 0, 0, 1, 0 ], [ 0, 0, 0, 1 ] ], 
  [ [ 1, 1, 2, -1 ], [ -11, 2, 11, 1 ], [ 4, 0, -2, -1 ], [ 0, 4, 11, -3 ] ], 
  [ [ 2, 1, 2, -1 ], [ -11, 3, 11, 1 ], [ 4, 0, -1, -1 ], [ 0, 4, 11, -2 ] ], 
  [ [ 5, -7, -26, 3 ], [ 77, -2, -33, -23 ], [ -16, -3, -5, 7 ], 
      [ 33, -19, -77, 2 ] ], 
  [ [ 17, 4, 8, -8 ], [ -44, 21, 88, 0 ], [ 19, -3, -17, -4 ], 
      [ 33, 16, 44, -21 ] ], 
  [ [ 22, -3, -18, -5 ], [ 33, 19, 55, -23 ], [ 3, -6, -22, 3 ], 
      [ 66, -3, -33, -19 ] ] ]),TheRotSubgroup:=Group([ [ [ -2, -1, -2, 1 ], [ 11, -3, -11, -1 ], [ -4, 0, 1, 1 ], 
      [ 0, -4, -11, 2 ] ], 
  [ [ -1, -1, -2, 1 ], [ 11, -2, -11, -1 ], [ -4, 0, 2, 1 ], 
      [ 0, -4, -11, 3 ] ], 
  [ [ -1, 0, 0, 0 ], [ 0, -1, 0, 0 ], [ 0, 0, -1, 0 ], [ 0, 0, 0, -1 ] ], 
  [ [ 1, 0, 0, 0 ], [ 0, 1, 0, 0 ], [ 0, 0, 1, 0 ], [ 0, 0, 0, 1 ] ], 
  [ [ 1, 1, 2, -1 ], [ -11, 2, 11, 1 ], [ 4, 0, -2, -1 ], [ 0, 4, 11, -3 ] ], 
  [ [ 2, 1, 2, -1 ], [ -11, 3, 11, 1 ], [ 4, 0, -1, -1 ], [ 0, 4, 11, -2 ] ] ]),BoundaryImage:=rec(ListIFace:=[ 1, 1 ],ListSign:=[ -1, 1 ],ListElt:=[ [ [ -4, 0, 3, -1 ], [ 0, -4, 11, 2 ], [ -2, 1, -1, -1 ], 
      [ -11, -1, 11, -2 ] ], 
  [ [ 0, 0, -1, 0 ], [ 0, 0, 0, -1 ], [ 1, 0, -1, 0 ], [ 0, 1, 0, -1 ] ] ])),rec(TheMatrixStab:=Group([ [ [ -1, 0, 0, 0 ], [ 0, -1, 0, 0 ], [ 0, 0, -1, 0 ], [ 0, 0, 0, -1 ] ], 
  [ [ -1, 0, 1, 0 ], [ 0, -1, 0, 1 ], [ -1, 0, 0, 0 ], [ 0, -1, 0, 0 ] ], 
  [ [ 0, 0, -1, 0 ], [ 0, 0, 0, -1 ], [ 1, 0, -1, 0 ], [ 0, 1, 0, -1 ] ], 
  [ [ 0, 0, 1, 0 ], [ 0, 0, 0, 1 ], [ -1, 0, 1, 0 ], [ 0, -1, 0, 1 ] ], 
  [ [ 1, 0, -1, 0 ], [ 0, 1, 0, -1 ], [ 1, 0, 0, 0 ], [ 0, 1, 0, 0 ] ], 
  [ [ 1, 0, 0, 0 ], [ 0, 1, 0, 0 ], [ 0, 0, 1, 0 ], [ 0, 0, 0, 1 ] ] ]),TheRotSubgroup:=Group([ [ [ -1, 0, 0, 0 ], [ 0, -1, 0, 0 ], [ 0, 0, -1, 0 ], [ 0, 0, 0, -1 ] ], 
  [ [ -1, 0, 1, 0 ], [ 0, -1, 0, 1 ], [ -1, 0, 0, 0 ], [ 0, -1, 0, 0 ] ], 
  [ [ 0, 0, -1, 0 ], [ 0, 0, 0, -1 ], [ 1, 0, -1, 0 ], [ 0, 1, 0, -1 ] ], 
  [ [ 0, 0, 1, 0 ], [ 0, 0, 0, 1 ], [ -1, 0, 1, 0 ], [ 0, -1, 0, 1 ] ], 
  [ [ 1, 0, -1, 0 ], [ 0, 1, 0, -1 ], [ 1, 0, 0, 0 ], [ 0, 1, 0, 0 ] ], 
  [ [ 1, 0, 0, 0 ], [ 0, 1, 0, 0 ], [ 0, 0, 1, 0 ], [ 0, 0, 0, 1 ] ] ]),BoundaryImage:=rec(ListIFace:=[ 1, 2 ],ListSign:=[ -1, 1 ],ListElt:=[ [ [ 0, 0, -1, 0 ], [ 0, 0, 0, -1 ], [ 1, 0, -1, 0 ], [ 0, 1, 0, -1 ] ], 
  [ [ 0, 0, -1, 0 ], [ 0, 0, 0, -1 ], [ 1, 0, -1, 0 ], [ 0, 1, 0, -1 ] ] ])),rec(TheMatrixStab:=Group([ [ [ -1, 0, 0, 0 ], [ 0, -1, 0, 0 ], [ 0, 0, -1, 0 ], [ 0, 0, 0, -1 ] ], 
  [ [ -1, 0, 1, 0 ], [ 0, -1, 0, 1 ], [ -1, 0, 0, 0 ], [ 0, -1, 0, 0 ] ], 
  [ [ 0, 0, -1, 0 ], [ 0, 0, 0, -1 ], [ 1, 0, -1, 0 ], [ 0, 1, 0, -1 ] ], 
  [ [ 0, 0, 1, 0 ], [ 0, 0, 0, 1 ], [ -1, 0, 1, 0 ], [ 0, -1, 0, 1 ] ], 
  [ [ 1, 0, -1, 0 ], [ 0, 1, 0, -1 ], [ 1, 0, 0, 0 ], [ 0, 1, 0, 0 ] ], 
  [ [ 1, 0, 0, 0 ], [ 0, 1, 0, 0 ], [ 0, 0, 1, 0 ], [ 0, 0, 0, 1 ] ] ]),TheRotSubgroup:=Group([ [ [ -1, 0, 0, 0 ], [ 0, -1, 0, 0 ], [ 0, 0, -1, 0 ], [ 0, 0, 0, -1 ] ], 
  [ [ -1, 0, 1, 0 ], [ 0, -1, 0, 1 ], [ -1, 0, 0, 0 ], [ 0, -1, 0, 0 ] ], 
  [ [ 0, 0, -1, 0 ], [ 0, 0, 0, -1 ], [ 1, 0, -1, 0 ], [ 0, 1, 0, -1 ] ], 
  [ [ 0, 0, 1, 0 ], [ 0, 0, 0, 1 ], [ -1, 0, 1, 0 ], [ 0, -1, 0, 1 ] ], 
  [ [ 1, 0, -1, 0 ], [ 0, 1, 0, -1 ], [ 1, 0, 0, 0 ], [ 0, 1, 0, 0 ] ], 
  [ [ 1, 0, 0, 0 ], [ 0, 1, 0, 0 ], [ 0, 0, 1, 0 ], [ 0, 0, 0, 1 ] ] ]),BoundaryImage:=rec(ListIFace:=[ 2, 3 ],ListSign:=[ -1, 1 ],ListElt:=[ [ [ 1, 0, -1, 0 ], [ 0, 1, 0, -1 ], [ 1, 0, 0, 0 ], [ 0, 1, 0, 0 ] ], 
  [ [ -1, 0, 0, 0 ], [ 0, -1, 0, 0 ], [ 0, 0, -1, 0 ], [ 0, 0, 0, -1 ] ] ])),rec(TheMatrixStab:=Group([ [ [ -1, 0, 0, 0 ], [ 0, -1, 0, 0 ], [ 0, 0, -1, 0 ], [ 0, 0, 0, -1 ] ], 
  [ [ 1, 0, 0, 0 ], [ 0, 1, 0, 0 ], [ 0, 0, 1, 0 ], [ 0, 0, 0, 1 ] ] ]),TheRotSubgroup:=Group([ [ [ -1, 0, 0, 0 ], [ 0, -1, 0, 0 ], [ 0, 0, -1, 0 ], [ 0, 0, 0, -1 ] ], 
  [ [ 1, 0, 0, 0 ], [ 0, 1, 0, 0 ], [ 0, 0, 1, 0 ], [ 0, 0, 0, 1 ] ] ]),BoundaryImage:=rec(ListIFace:=[ 2, 4 ],ListSign:=[ -1, 1 ],ListElt:=[ [ [ 1, 0, 0, 0 ], [ 0, 1, 0, 0 ], [ 0, 0, 1, 0 ], [ 0, 0, 0, 1 ] ], 
  [ [ -1, 0, 0, 0 ], [ 0, -1, 0, 0 ], [ 0, 0, -1, 0 ], [ 0, 0, 0, -1 ] ] ])),rec(TheMatrixStab:=Group([ [ [ -1, 0, 0, 0 ], [ 0, -1, 0, 0 ], [ 0, 0, -1, 0 ], [ 0, 0, 0, -1 ] ], 
  [ [ 1, 0, 0, 0 ], [ 0, 1, 0, 0 ], [ 0, 0, 1, 0 ], [ 0, 0, 0, 1 ] ] ]),TheRotSubgroup:=Group([ [ [ -1, 0, 0, 0 ], [ 0, -1, 0, 0 ], [ 0, 0, -1, 0 ], [ 0, 0, 0, -1 ] ], 
  [ [ 1, 0, 0, 0 ], [ 0, 1, 0, 0 ], [ 0, 0, 1, 0 ], [ 0, 0, 0, 1 ] ] ]),BoundaryImage:=rec(ListIFace:=[ 2, 4 ],ListSign:=[ -1, 1 ],ListElt:=[ [ [ 0, 0, -1, 0 ], [ 0, 0, 0, -1 ], [ 1, 0, -1, 0 ], [ 0, 1, 0, -1 ] ], 
  [ [ 13, -5, -20, 0 ], [ 55, 8, 0, -20 ], [ -6, -5, -12, 5 ], 
      [ 55, -11, -55, -7 ] ] ])),rec(TheMatrixStab:=Group([ [ [ -39, -28, -67, 28 ], [ 308, -67, -308, -39 ], [ -106, 0, 39, 28 ], 
      [ 0, -106, -308, 67 ] ], 
  [ [ -1, 0, 0, 0 ], [ 0, -1, 0, 0 ], [ 0, 0, -1, 0 ], [ 0, 0, 0, -1 ] ], 
  [ [ 1, 0, 0, 0 ], [ 0, 1, 0, 0 ], [ 0, 0, 1, 0 ], [ 0, 0, 0, 1 ] ], 
  [ [ 39, 28, 67, -28 ], [ -308, 67, 308, 39 ], [ 106, 0, -39, -28 ], 
      [ 0, 106, 308, -67 ] ] ]),TheRotSubgroup:=Group([ [ [ -39, -28, -67, 28 ], [ 308, -67, -308, -39 ], [ -106, 0, 39, 28 ], 
      [ 0, -106, -308, 67 ] ], 
  [ [ -1, 0, 0, 0 ], [ 0, -1, 0, 0 ], [ 0, 0, -1, 0 ], [ 0, 0, 0, -1 ] ], 
  [ [ 1, 0, 0, 0 ], [ 0, 1, 0, 0 ], [ 0, 0, 1, 0 ], [ 0, 0, 0, 1 ] ], 
  [ [ 39, 28, 67, -28 ], [ -308, 67, 308, 39 ], [ 106, 0, -39, -28 ], 
      [ 0, 106, 308, -67 ] ] ]),BoundaryImage:=rec(ListIFace:=[ 3, 4 ],ListSign:=[ -1, 1 ],ListElt:=[ [ [ 0, 0, 1, 0 ], [ 0, 0, 0, 1 ], [ -1, 0, 1, 0 ], [ 0, -1, 0, 1 ] ], 
  [ [ 33, -1, -19, -8 ], [ 11, 32, 88, -27 ], [ 18, -9, -35, 2 ], 
      [ 99, 9, -22, -33 ] ] ]))],[rec(TheMatrixStab:=Group([ [ [ -22, 3, 18, 5 ], [ -33, -19, -55, 23 ], [ -3, 6, 22, -3 ], 
      [ -66, 3, 33, 19 ] ], 
  [ [ -9, -8, -24, 8 ], [ 88, -17, -88, -16 ], [ -26, 0, 9, 8 ], 
      [ 0, -26, -88, 17 ] ], 
  [ [ -6, -5, -14, 5 ], [ 55, -11, -55, -9 ], [ -17, 0, 6, 5 ], 
      [ 0, -17, -55, 11 ] ], 
  [ [ -1, 0, 0, 0 ], [ 0, -1, 0, 0 ], [ 0, 0, -1, 0 ], [ 0, 0, 0, -1 ] ], 
  [ [ 1, 0, 0, 0 ], [ 0, 1, 0, 0 ], [ 0, 0, 1, 0 ], [ 0, 0, 0, 1 ] ], 
  [ [ 6, 5, 14, -5 ], [ -55, 11, 55, 9 ], [ 17, 0, -6, -5 ], 
      [ 0, 17, 55, -11 ] ], 
  [ [ 9, 8, 24, -8 ], [ -88, 17, 88, 16 ], [ 26, 0, -9, -8 ], 
      [ 0, 26, 88, -17 ] ], 
  [ [ 22, -3, -18, -5 ], [ 33, 19, 55, -23 ], [ 3, -6, -22, 3 ], 
      [ 66, -3, -33, -19 ] ] ]),TheRotSubgroup:=Group([ [ [ -9, -8, -24, 8 ], [ 88, -17, -88, -16 ], [ -26, 0, 9, 8 ], 
      [ 0, -26, -88, 17 ] ], 
  [ [ -1, 0, 0, 0 ], [ 0, -1, 0, 0 ], [ 0, 0, -1, 0 ], [ 0, 0, 0, -1 ] ], 
  [ [ 1, 0, 0, 0 ], [ 0, 1, 0, 0 ], [ 0, 0, 1, 0 ], [ 0, 0, 0, 1 ] ], 
  [ [ 9, 8, 24, -8 ], [ -88, 17, 88, 16 ], [ 26, 0, -9, -8 ], 
      [ 0, 26, 88, -17 ] ] ]),BoundaryImage:=rec(ListIFace:=[ 1, 2, 5, 5, 2, 5, 2, 1, 2, 5 ],ListSign:=[ 1, -1, -1, 1, 1, 1, 1, 1, -1, -1 ],ListElt:=[ [ [ -2, -1, -2, 1 ], [ 11, -3, -11, -1 ], [ -4, 0, 1, 1 ], 
      [ 0, -4, -11, 2 ] ], 
  [ [ -4, 8, 22, -3 ], [ -88, 4, 33, 19 ], [ 19, 3, 3, -6 ], 
      [ -33, 22, 66, -3 ] ], 
  [ [ -22, 3, 18, 5 ], [ -33, -19, -55, 23 ], [ -3, 6, 22, -3 ], 
      [ -66, 3, 33, 19 ] ], 
  [ [ 9, 8, 24, -8 ], [ -88, 17, 88, 16 ], [ 26, 0, -9, -8 ], 
      [ 0, 26, 88, -17 ] ], 
  [ [ 0, 0, -1, 0 ], [ 0, 0, 0, -1 ], [ 1, 0, -1, 0 ], [ 0, 1, 0, -1 ] ], 
  [ [ 1, 0, 0, 0 ], [ 0, 1, 0, 0 ], [ 0, 0, 1, 0 ], [ 0, 0, 0, 1 ] ], 
  [ [ 24, -8, -33, 0 ], [ 88, 16, 0, -33 ], [ -9, -8, -17, 8 ], 
      [ 88, -17, -88, -9 ] ], 
  [ [ -9, -8, -24, 8 ], [ 88, -17, -88, -16 ], [ -26, 0, 9, 8 ], 
      [ 0, -26, -88, 17 ] ], 
  [ [ -20, 0, 6, 5 ], [ 0, -20, -55, 11 ], [ -11, 5, 17, 0 ], 
      [ -55, -6, 0, 17 ] ], 
  [ [ 6, 5, 14, -5 ], [ -55, 11, 55, 9 ], [ 17, 0, -6, -5 ], 
      [ 0, 17, 55, -11 ] ] ])),rec(TheMatrixStab:=Group([ [ [ -2, 1, 3, 0 ], [ -11, -1, 0, 3 ], [ 2, 1, 2, -1 ], [ -11, 3, 11, 1 ] ], 
  [ [ -1, 0, 0, 0 ], [ 0, -1, 0, 0 ], [ 0, 0, -1, 0 ], [ 0, 0, 0, -1 ] ], 
  [ [ 1, 0, 0, 0 ], [ 0, 1, 0, 0 ], [ 0, 0, 1, 0 ], [ 0, 0, 0, 1 ] ], 
  [ [ 2, -1, -3, 0 ], [ 11, 1, 0, -3 ], [ -2, -1, -2, 1 ], 
      [ 11, -3, -11, -1 ] ] ]),TheRotSubgroup:=Group([ [ [ -1, 0, 0, 0 ], [ 0, -1, 0, 0 ], [ 0, 0, -1, 0 ], [ 0, 0, 0, -1 ] ], 
  [ [ 1, 0, 0, 0 ], [ 0, 1, 0, 0 ], [ 0, 0, 1, 0 ], [ 0, 0, 0, 1 ] ] ]),BoundaryImage:=rec(ListIFace:=[ 2, 2, 4, 6, 4, 6 ],ListSign:=[ 1, -1, 1, -1, -1, 1 ],ListElt:=[ [ [ -1, 0, 0, 0 ], [ 0, -1, 0, 0 ], [ 0, 0, -1, 0 ], [ 0, 0, 0, -1 ] ], 
  [ [ -3, 0, 1, 1 ], [ 0, -3, -11, 2 ], [ -2, 1, 4, 0 ], [ -11, -1, 0, 4 ] ], 
  [ [ 1, 0, 0, 0 ], [ 0, 1, 0, 0 ], [ 0, 0, 1, 0 ], [ 0, 0, 0, 1 ] ], 
  [ [ 35, -2, -19, -8 ], [ 22, 33, 88, -27 ], [ 18, -9, -33, 1 ], 
      [ 99, 9, -11, -32 ] ], 
  [ [ 2, -1, -3, 0 ], [ 11, 1, 0, -3 ], [ -2, -1, -2, 1 ], 
      [ 11, -3, -11, -1 ] ], 
  [ [ -6, -10, -27, 8 ], [ 110, -16, -88, -19 ], [ -29, -2, 5, 9 ], 
      [ 22, -31, -99, 14 ] ] ])),rec(TheMatrixStab:=Group([ [ [ -15, -11, -27, 11 ], [ 121, -26, -121, -16 ], [ -41, 0, 15, 11 ], 
      [ 0, -41, -121, 26 ] ], 
  [ [ -1, 0, 0, 0 ], [ 0, -1, 0, 0 ], [ 0, 0, -1, 0 ], [ 0, 0, 0, -1 ] ], 
  [ [ 1, 0, 0, 0 ], [ 0, 1, 0, 0 ], [ 0, 0, 1, 0 ], [ 0, 0, 0, 1 ] ], 
  [ [ 15, 11, 27, -11 ], [ -121, 26, 121, 16 ], [ 41, 0, -15, -11 ], 
      [ 0, 41, 121, -26 ] ] ]),TheRotSubgroup:=Group([ [ [ -15, -11, -27, 11 ], [ 121, -26, -121, -16 ], [ -41, 0, 15, 11 ], 
      [ 0, -41, -121, 26 ] ], 
  [ [ -1, 0, 0, 0 ], [ 0, -1, 0, 0 ], [ 0, 0, -1, 0 ], [ 0, 0, 0, -1 ] ], 
  [ [ 1, 0, 0, 0 ], [ 0, 1, 0, 0 ], [ 0, 0, 1, 0 ], [ 0, 0, 0, 1 ] ], 
  [ [ 15, 11, 27, -11 ], [ -121, 26, 121, 16 ], [ 41, 0, -15, -11 ], 
      [ 0, 41, 121, -26 ] ] ]),BoundaryImage:=rec(ListIFace:=[ 3, 5, 6, 6, 5, 3 ],ListSign:=[ 1, -1, 1, 1, -1, 1 ],ListElt:=[ [ [ -1, 0, 0, 0 ], [ 0, -1, 0, 0 ], [ 0, 0, -1, 0 ], [ 0, 0, 0, -1 ] ], 
  [ [ -1, 0, 0, 0 ], [ 0, -1, 0, 0 ], [ 0, 0, -1, 0 ], [ 0, 0, 0, -1 ] ], 
  [ [ -15, -11, -27, 11 ], [ 121, -26, -121, -16 ], [ -41, 0, 15, 11 ], 
      [ 0, -41, -121, 26 ] ], 
  [ [ -39, -28, -67, 28 ], [ 308, -67, -308, -39 ], [ -106, 0, 39, 28 ], 
      [ 0, -106, -308, 67 ] ], 
  [ [ 15, 11, 27, -11 ], [ -121, 26, 121, 16 ], [ 41, 0, -15, -11 ], 
      [ 0, 41, 121, -26 ] ], 
  [ [ -15, -11, -27, 11 ], [ 121, -26, -121, -16 ], [ -41, 0, 15, 11 ], 
      [ 0, -41, -121, 26 ] ] ])),rec(TheMatrixStab:=Group([ [ [ -1, 0, 0, 0 ], [ 0, -1, 0, 0 ], [ 0, 0, -1, 0 ], [ 0, 0, 0, -1 ] ], 
  [ [ 1, 0, 0, 0 ], [ 0, 1, 0, 0 ], [ 0, 0, 1, 0 ], [ 0, 0, 0, 1 ] ] ]),TheRotSubgroup:=Group([ [ [ -1, 0, 0, 0 ], [ 0, -1, 0, 0 ], [ 0, 0, -1, 0 ], [ 0, 0, 0, -1 ] ], 
  [ [ 1, 0, 0, 0 ], [ 0, 1, 0, 0 ], [ 0, 0, 1, 0 ], [ 0, 0, 0, 1 ] ] ]),BoundaryImage:=rec(ListIFace:=[ 4, 5, 4, 5 ],ListSign:=[ 1, -1, 1, -1 ],ListElt:=[ [ [ 1, 0, 0, 0 ], [ 0, 1, 0, 0 ], [ 0, 0, 1, 0 ], [ 0, 0, 0, 1 ] ], 
  [ [ -1, 0, 0, 0 ], [ 0, -1, 0, 0 ], [ 0, 0, -1, 0 ], [ 0, 0, 0, -1 ] ], 
  [ [ 13, -5, -20, 0 ], [ 55, 8, 0, -20 ], [ -6, -5, -12, 5 ], 
      [ 55, -11, -55, -7 ] ], 
  [ [ 7, 5, 13, -5 ], [ -55, 12, 55, 8 ], [ 18, 0, -6, -5 ], 
      [ 0, 18, 55, -11 ] ] ]))]];