HAP_GCOMPLEX_SETUP:=[false]; 
HAP_GCOMPLEX_LIST:=[[rec(TheMatrixStab:=Group([ [ [ -1, 0, 0, 0 ], [ 0, -1, 0, 0 ], [ 0, 0, -1, 0 ], [ 0, 0, 0, -1 ] ], 
  [ [ -1, 0, 1, 0 ], [ 0, -1, 0, 2 ], [ -2, 0, 1, 0 ], [ 0, -1, 0, 1 ] ], 
  [ [ 1, 0, -1, 0 ], [ 0, 1, 0, -2 ], [ 2, 0, -1, 0 ], [ 0, 1, 0, -1 ] ], 
  [ [ 1, 0, 0, 0 ], [ 0, 1, 0, 0 ], [ 0, 0, 1, 0 ], [ 0, 0, 0, 1 ] ] ]),TheRotSubgroup:=Group([ [ [ -1, 0, 0, 0 ], [ 0, -1, 0, 0 ], [ 0, 0, -1, 0 ], [ 0, 0, 0, -1 ] ], 
  [ [ -1, 0, 1, 0 ], [ 0, -1, 0, 2 ], [ -2, 0, 1, 0 ], [ 0, -1, 0, 1 ] ], 
  [ [ 1, 0, -1, 0 ], [ 0, 1, 0, -2 ], [ 2, 0, -1, 0 ], [ 0, 1, 0, -1 ] ], 
  [ [ 1, 0, 0, 0 ], [ 0, 1, 0, 0 ], [ 0, 0, 1, 0 ], [ 0, 0, 0, 1 ] ] ]),BoundaryImage:=rec(ListIFace:=[  ],ListSign:=[  ],ListElt:=[  ])),rec(TheMatrixStab:=Group([ [ [ -14, 0, 7, 3 ], [ 0, -14, -33, 14 ], [ -14, 3, 14, 0 ], 
      [ -33, -7, 0, 14 ] ], 
  [ [ -1, 0, 0, 0 ], [ 0, -1, 0, 0 ], [ 0, 0, -1, 0 ], [ 0, 0, 0, -1 ] ], 
  [ [ -1, 0, 1, 0 ], [ 0, -1, 0, 2 ], [ -2, 0, 1, 0 ], [ 0, -1, 0, 1 ] ], 
  [ [ 0, -3, -7, 3 ], [ 66, 0, -33, -14 ], [ -14, -3, 0, 6 ], 
      [ 33, -7, -33, 0 ] ], 
  [ [ 0, 3, 7, -3 ], [ -66, 0, 33, 14 ], [ 14, 3, 0, -6 ], [ -33, 7, 33, 0 ] ]
    , [ [ 1, 0, -1, 0 ], [ 0, 1, 0, -2 ], [ 2, 0, -1, 0 ], [ 0, 1, 0, -1 ] ], 
  [ [ 1, 0, 0, 0 ], [ 0, 1, 0, 0 ], [ 0, 0, 1, 0 ], [ 0, 0, 0, 1 ] ], 
  [ [ 14, 0, -7, -3 ], [ 0, 14, 33, -14 ], [ 14, -3, -14, 0 ], 
      [ 33, 7, 0, -14 ] ] ]),TheRotSubgroup:=Group([ [ [ -14, 0, 7, 3 ], [ 0, -14, -33, 14 ], [ -14, 3, 14, 0 ], 
      [ -33, -7, 0, 14 ] ], 
  [ [ -1, 0, 0, 0 ], [ 0, -1, 0, 0 ], [ 0, 0, -1, 0 ], [ 0, 0, 0, -1 ] ], 
  [ [ -1, 0, 1, 0 ], [ 0, -1, 0, 2 ], [ -2, 0, 1, 0 ], [ 0, -1, 0, 1 ] ], 
  [ [ 0, -3, -7, 3 ], [ 66, 0, -33, -14 ], [ -14, -3, 0, 6 ], 
      [ 33, -7, -33, 0 ] ], 
  [ [ 0, 3, 7, -3 ], [ -66, 0, 33, 14 ], [ 14, 3, 0, -6 ], [ -33, 7, 33, 0 ] ]
    , [ [ 1, 0, -1, 0 ], [ 0, 1, 0, -2 ], [ 2, 0, -1, 0 ], [ 0, 1, 0, -1 ] ], 
  [ [ 1, 0, 0, 0 ], [ 0, 1, 0, 0 ], [ 0, 0, 1, 0 ], [ 0, 0, 0, 1 ] ], 
  [ [ 14, 0, -7, -3 ], [ 0, 14, 33, -14 ], [ 14, -3, -14, 0 ], 
      [ 33, 7, 0, -14 ] ] ]),BoundaryImage:=rec(ListIFace:=[  ],ListSign:=[  ],ListElt:=[  ])),rec(TheMatrixStab:=Group([ [ [ -2, -1, -1, 1 ], [ 22, -2, -11, -2 ], [ -8, -1, 1, 2 ], 
      [ 11, -4, -11, 1 ] ], 
  [ [ -1, -1, -1, 1 ], [ 22, -1, -11, -2 ], [ -8, -1, 2, 2 ], 
      [ 11, -4, -11, 2 ] ], 
  [ [ -1, 0, 0, 0 ], [ 0, -1, 0, 0 ], [ 0, 0, -1, 0 ], [ 0, 0, 0, -1 ] ], 
  [ [ 1, 0, 0, 0 ], [ 0, 1, 0, 0 ], [ 0, 0, 1, 0 ], [ 0, 0, 0, 1 ] ], 
  [ [ 1, 1, 1, -1 ], [ -22, 1, 11, 2 ], [ 8, 1, -2, -2 ], [ -11, 4, 11, -2 ] ]
    , 
  [ [ 2, 1, 1, -1 ], [ -22, 2, 11, 2 ], [ 8, 1, -1, -2 ], [ -11, 4, 11, -1 ] 
     ] ]),TheRotSubgroup:=Group([ [ [ -2, -1, -1, 1 ], [ 22, -2, -11, -2 ], [ -8, -1, 1, 2 ], 
      [ 11, -4, -11, 1 ] ], 
  [ [ -1, -1, -1, 1 ], [ 22, -1, -11, -2 ], [ -8, -1, 2, 2 ], 
      [ 11, -4, -11, 2 ] ], 
  [ [ -1, 0, 0, 0 ], [ 0, -1, 0, 0 ], [ 0, 0, -1, 0 ], [ 0, 0, 0, -1 ] ], 
  [ [ 1, 0, 0, 0 ], [ 0, 1, 0, 0 ], [ 0, 0, 1, 0 ], [ 0, 0, 0, 1 ] ], 
  [ [ 1, 1, 1, -1 ], [ -22, 1, 11, 2 ], [ 8, 1, -2, -2 ], [ -11, 4, 11, -2 ] ]
    , 
  [ [ 2, 1, 1, -1 ], [ -22, 2, 11, 2 ], [ 8, 1, -1, -2 ], [ -11, 4, 11, -1 ] 
     ] ]),BoundaryImage:=rec(ListIFace:=[  ],ListSign:=[  ],ListElt:=[  ])),rec(TheMatrixStab:=Group([ [ [ -35, -1, 14, 8 ], [ 22, -35, -88, 28 ], [ -42, 7, 35, 2 ], 
      [ -77, -21, -11, 35 ] ], 
  [ [ -35, 2, 21, 5 ], [ -44, -35, -55, 42 ], [ -28, 10, 35, -4 ], 
      [ -110, -14, 22, 35 ] ], 
  [ [ -3, -7, -14, 7 ], [ 154, -3, -77, -28 ], [ -38, -7, 2, 14 ], 
      [ 77, -19, -77, 2 ] ], 
  [ [ -2, -7, -14, 7 ], [ 154, -2, -77, -28 ], [ -38, -7, 3, 14 ], 
      [ 77, -19, -77, 3 ] ], 
  [ [ -1, 0, 0, 0 ], [ 0, -1, 0, 0 ], [ 0, 0, -1, 0 ], [ 0, 0, 0, -1 ] ], 
  [ [ 0, -3, -7, 3 ], [ 66, 0, -33, -14 ], [ -14, -3, 0, 6 ], 
      [ 33, -7, -33, 0 ] ], 
  [ [ 0, 3, 7, -3 ], [ -66, 0, 33, 14 ], [ 14, 3, 0, -6 ], [ -33, 7, 33, 0 ] ]
    , [ [ 1, 0, 0, 0 ], [ 0, 1, 0, 0 ], [ 0, 0, 1, 0 ], [ 0, 0, 0, 1 ] ], 
  [ [ 2, 7, 14, -7 ], [ -154, 2, 77, 28 ], [ 38, 7, -3, -14 ], 
      [ -77, 19, 77, -3 ] ], 
  [ [ 3, 7, 14, -7 ], [ -154, 3, 77, 28 ], [ 38, 7, -2, -14 ], 
      [ -77, 19, 77, -2 ] ], 
  [ [ 35, -2, -21, -5 ], [ 44, 35, 55, -42 ], [ 28, -10, -35, 4 ], 
      [ 110, 14, -22, -35 ] ], 
  [ [ 35, 1, -14, -8 ], [ -22, 35, 88, -28 ], [ 42, -7, -35, -2 ], 
      [ 77, 21, 11, -35 ] ] ]),TheRotSubgroup:=Group([ [ [ -35, -1, 14, 8 ], [ 22, -35, -88, 28 ], [ -42, 7, 35, 2 ], 
      [ -77, -21, -11, 35 ] ], 
  [ [ -35, 2, 21, 5 ], [ -44, -35, -55, 42 ], [ -28, 10, 35, -4 ], 
      [ -110, -14, 22, 35 ] ], 
  [ [ -3, -7, -14, 7 ], [ 154, -3, -77, -28 ], [ -38, -7, 2, 14 ], 
      [ 77, -19, -77, 2 ] ], 
  [ [ -2, -7, -14, 7 ], [ 154, -2, -77, -28 ], [ -38, -7, 3, 14 ], 
      [ 77, -19, -77, 3 ] ], 
  [ [ -1, 0, 0, 0 ], [ 0, -1, 0, 0 ], [ 0, 0, -1, 0 ], [ 0, 0, 0, -1 ] ], 
  [ [ 0, -3, -7, 3 ], [ 66, 0, -33, -14 ], [ -14, -3, 0, 6 ], 
      [ 33, -7, -33, 0 ] ], 
  [ [ 0, 3, 7, -3 ], [ -66, 0, 33, 14 ], [ 14, 3, 0, -6 ], [ -33, 7, 33, 0 ] ]
    , [ [ 1, 0, 0, 0 ], [ 0, 1, 0, 0 ], [ 0, 0, 1, 0 ], [ 0, 0, 0, 1 ] ], 
  [ [ 2, 7, 14, -7 ], [ -154, 2, 77, 28 ], [ 38, 7, -3, -14 ], 
      [ -77, 19, 77, -3 ] ], 
  [ [ 3, 7, 14, -7 ], [ -154, 3, 77, 28 ], [ 38, 7, -2, -14 ], 
      [ -77, 19, 77, -2 ] ], 
  [ [ 35, -2, -21, -5 ], [ 44, 35, 55, -42 ], [ 28, -10, -35, 4 ], 
      [ 110, 14, -22, -35 ] ], 
  [ [ 35, 1, -14, -8 ], [ -22, 35, 88, -28 ], [ 42, -7, -35, -2 ], 
      [ 77, 21, 11, -35 ] ] ]),BoundaryImage:=rec(ListIFace:=[  ],ListSign:=[  ],ListElt:=[  ])),rec(TheMatrixStab:=Group([ [ [ -36, 0, 19, 7 ], [ 0, -36, -77, 38 ], [ -38, 7, 35, 0 ], 
      [ -77, -19, 0, 35 ] ], 
  [ [ -35, 0, 19, 7 ], [ 0, -35, -77, 38 ], [ -38, 7, 36, 0 ], 
      [ -77, -19, 0, 36 ] ], 
  [ [ -14, 0, 7, 3 ], [ 0, -14, -33, 14 ], [ -14, 3, 14, 0 ], 
      [ -33, -7, 0, 14 ] ], 
  [ [ -7, -8, -14, 10 ], [ 176, -7, -110, -28 ], [ -42, -7, 7, 16 ], 
      [ 77, -21, -88, 7 ] ], 
  [ [ -7, 8, 21, -7 ], [ -176, -7, 77, 42 ], [ 28, 10, 7, -16 ], 
      [ -110, 14, 88, 7 ] ], 
  [ [ -1, 0, 0, 0 ], [ 0, -1, 0, 0 ], [ 0, 0, -1, 0 ], [ 0, 0, 0, -1 ] ], 
  [ [ 1, 0, 0, 0 ], [ 0, 1, 0, 0 ], [ 0, 0, 1, 0 ], [ 0, 0, 0, 1 ] ], 
  [ [ 7, -8, -21, 7 ], [ 176, 7, -77, -42 ], [ -28, -10, -7, 16 ], 
      [ 110, -14, -88, -7 ] ], 
  [ [ 7, 8, 14, -10 ], [ -176, 7, 110, 28 ], [ 42, 7, -7, -16 ], 
      [ -77, 21, 88, -7 ] ], 
  [ [ 14, 0, -7, -3 ], [ 0, 14, 33, -14 ], [ 14, -3, -14, 0 ], 
      [ 33, 7, 0, -14 ] ], 
  [ [ 35, 0, -19, -7 ], [ 0, 35, 77, -38 ], [ 38, -7, -36, 0 ], 
      [ 77, 19, 0, -36 ] ], 
  [ [ 36, 0, -19, -7 ], [ 0, 36, 77, -38 ], [ 38, -7, -35, 0 ], 
      [ 77, 19, 0, -35 ] ] ]),TheRotSubgroup:=Group([ [ [ -36, 0, 19, 7 ], [ 0, -36, -77, 38 ], [ -38, 7, 35, 0 ], 
      [ -77, -19, 0, 35 ] ], 
  [ [ -35, 0, 19, 7 ], [ 0, -35, -77, 38 ], [ -38, 7, 36, 0 ], 
      [ -77, -19, 0, 36 ] ], 
  [ [ -14, 0, 7, 3 ], [ 0, -14, -33, 14 ], [ -14, 3, 14, 0 ], 
      [ -33, -7, 0, 14 ] ], 
  [ [ -7, -8, -14, 10 ], [ 176, -7, -110, -28 ], [ -42, -7, 7, 16 ], 
      [ 77, -21, -88, 7 ] ], 
  [ [ -7, 8, 21, -7 ], [ -176, -7, 77, 42 ], [ 28, 10, 7, -16 ], 
      [ -110, 14, 88, 7 ] ], 
  [ [ -1, 0, 0, 0 ], [ 0, -1, 0, 0 ], [ 0, 0, -1, 0 ], [ 0, 0, 0, -1 ] ], 
  [ [ 1, 0, 0, 0 ], [ 0, 1, 0, 0 ], [ 0, 0, 1, 0 ], [ 0, 0, 0, 1 ] ], 
  [ [ 7, -8, -21, 7 ], [ 176, 7, -77, -42 ], [ -28, -10, -7, 16 ], 
      [ 110, -14, -88, -7 ] ], 
  [ [ 7, 8, 14, -10 ], [ -176, 7, 110, 28 ], [ 42, 7, -7, -16 ], 
      [ -77, 21, 88, -7 ] ], 
  [ [ 14, 0, -7, -3 ], [ 0, 14, 33, -14 ], [ 14, -3, -14, 0 ], 
      [ 33, 7, 0, -14 ] ], 
  [ [ 35, 0, -19, -7 ], [ 0, 35, 77, -38 ], [ 38, -7, -36, 0 ], 
      [ 77, 19, 0, -36 ] ], 
  [ [ 36, 0, -19, -7 ], [ 0, 36, 77, -38 ], [ 38, -7, -35, 0 ], 
      [ 77, 19, 0, -35 ] ] ]),BoundaryImage:=rec(ListIFace:=[  ],ListSign:=[  ],ListElt:=[  ])),rec(TheMatrixStab:=Group([ [ [ -2, -1, -1, 1 ], [ 22, -2, -11, -2 ], [ -8, -1, 1, 2 ], 
      [ 11, -4, -11, 1 ] ], 
  [ [ -1, -1, -1, 1 ], [ 22, -1, -11, -2 ], [ -8, -1, 2, 2 ], 
      [ 11, -4, -11, 2 ] ], 
  [ [ -1, 0, 0, 0 ], [ 0, -1, 0, 0 ], [ 0, 0, -1, 0 ], [ 0, 0, 0, -1 ] ], 
  [ [ 1, 0, 0, 0 ], [ 0, 1, 0, 0 ], [ 0, 0, 1, 0 ], [ 0, 0, 0, 1 ] ], 
  [ [ 1, 1, 1, -1 ], [ -22, 1, 11, 2 ], [ 8, 1, -2, -2 ], [ -11, 4, 11, -2 ] ]
    , 
  [ [ 2, 1, 1, -1 ], [ -22, 2, 11, 2 ], [ 8, 1, -1, -2 ], [ -11, 4, 11, -1 ] 
     ] ]),TheRotSubgroup:=Group([ [ [ -2, -1, -1, 1 ], [ 22, -2, -11, -2 ], [ -8, -1, 1, 2 ], 
      [ 11, -4, -11, 1 ] ], 
  [ [ -1, -1, -1, 1 ], [ 22, -1, -11, -2 ], [ -8, -1, 2, 2 ], 
      [ 11, -4, -11, 2 ] ], 
  [ [ -1, 0, 0, 0 ], [ 0, -1, 0, 0 ], [ 0, 0, -1, 0 ], [ 0, 0, 0, -1 ] ], 
  [ [ 1, 0, 0, 0 ], [ 0, 1, 0, 0 ], [ 0, 0, 1, 0 ], [ 0, 0, 0, 1 ] ], 
  [ [ 1, 1, 1, -1 ], [ -22, 1, 11, 2 ], [ 8, 1, -2, -2 ], [ -11, 4, 11, -2 ] ]
    , 
  [ [ 2, 1, 1, -1 ], [ -22, 2, 11, 2 ], [ 8, 1, -1, -2 ], [ -11, 4, 11, -1 ] 
     ] ]),BoundaryImage:=rec(ListIFace:=[  ],ListSign:=[  ],ListElt:=[  ])),rec(TheMatrixStab:=Group([ [ [ -2, -1, -1, 1 ], [ 22, -2, -11, -2 ], [ -8, -1, 1, 2 ], 
      [ 11, -4, -11, 1 ] ], 
  [ [ -1, -1, -1, 1 ], [ 22, -1, -11, -2 ], [ -8, -1, 2, 2 ], 
      [ 11, -4, -11, 2 ] ], 
  [ [ -1, 0, 0, 0 ], [ 0, -1, 0, 0 ], [ 0, 0, -1, 0 ], [ 0, 0, 0, -1 ] ], 
  [ [ 1, 0, 0, 0 ], [ 0, 1, 0, 0 ], [ 0, 0, 1, 0 ], [ 0, 0, 0, 1 ] ], 
  [ [ 1, 1, 1, -1 ], [ -22, 1, 11, 2 ], [ 8, 1, -2, -2 ], [ -11, 4, 11, -2 ] ]
    , 
  [ [ 2, 1, 1, -1 ], [ -22, 2, 11, 2 ], [ 8, 1, -1, -2 ], [ -11, 4, 11, -1 ] 
     ] ]),TheRotSubgroup:=Group([ [ [ -2, -1, -1, 1 ], [ 22, -2, -11, -2 ], [ -8, -1, 1, 2 ], 
      [ 11, -4, -11, 1 ] ], 
  [ [ -1, -1, -1, 1 ], [ 22, -1, -11, -2 ], [ -8, -1, 2, 2 ], 
      [ 11, -4, -11, 2 ] ], 
  [ [ -1, 0, 0, 0 ], [ 0, -1, 0, 0 ], [ 0, 0, -1, 0 ], [ 0, 0, 0, -1 ] ], 
  [ [ 1, 0, 0, 0 ], [ 0, 1, 0, 0 ], [ 0, 0, 1, 0 ], [ 0, 0, 0, 1 ] ], 
  [ [ 1, 1, 1, -1 ], [ -22, 1, 11, 2 ], [ 8, 1, -2, -2 ], [ -11, 4, 11, -2 ] ]
    , 
  [ [ 2, 1, 1, -1 ], [ -22, 2, 11, 2 ], [ 8, 1, -1, -2 ], [ -11, 4, 11, -1 ] 
     ] ]),BoundaryImage:=rec(ListIFace:=[  ],ListSign:=[  ],ListElt:=[  ]))],[rec(TheMatrixStab:=Group([ [ [ -1, 0, 0, 0 ], [ 0, -1, 0, 0 ], [ 0, 0, -1, 0 ], [ 0, 0, 0, -1 ] ], 
  [ [ -1, 0, 1, 0 ], [ 0, -1, 0, 2 ], [ -2, 0, 1, 0 ], [ 0, -1, 0, 1 ] ], 
  [ [ 1, 0, -1, 0 ], [ 0, 1, 0, -2 ], [ 2, 0, -1, 0 ], [ 0, 1, 0, -1 ] ], 
  [ [ 1, 0, 0, 0 ], [ 0, 1, 0, 0 ], [ 0, 0, 1, 0 ], [ 0, 0, 0, 1 ] ] ]),TheRotSubgroup:=Group([ [ [ -1, 0, 0, 0 ], [ 0, -1, 0, 0 ], [ 0, 0, -1, 0 ], [ 0, 0, 0, -1 ] ], 
  [ [ -1, 0, 1, 0 ], [ 0, -1, 0, 2 ], [ -2, 0, 1, 0 ], [ 0, -1, 0, 1 ] ], 
  [ [ 1, 0, -1, 0 ], [ 0, 1, 0, -2 ], [ 2, 0, -1, 0 ], [ 0, 1, 0, -1 ] ], 
  [ [ 1, 0, 0, 0 ], [ 0, 1, 0, 0 ], [ 0, 0, 1, 0 ], [ 0, 0, 0, 1 ] ] ]),BoundaryImage:=rec(ListIFace:=[ 1, 2 ],ListSign:=[ -1, 1 ],ListElt:=[ [ [ -1, 0, 1, 0 ], [ 0, -1, 0, 2 ], [ -2, 0, 1, 0 ], [ 0, -1, 0, 1 ] ], 
  [ [ -1, 0, 1, 0 ], [ 0, -1, 0, 2 ], [ -2, 0, 1, 0 ], [ 0, -1, 0, 1 ] ] ])),rec(TheMatrixStab:=Group([ [ [ -1, 0, 0, 0 ], [ 0, -1, 0, 0 ], [ 0, 0, -1, 0 ], [ 0, 0, 0, -1 ] ], 
  [ [ 1, 0, 0, 0 ], [ 0, 1, 0, 0 ], [ 0, 0, 1, 0 ], [ 0, 0, 0, 1 ] ] ]),TheRotSubgroup:=Group([ [ [ -1, 0, 0, 0 ], [ 0, -1, 0, 0 ], [ 0, 0, -1, 0 ], [ 0, 0, 0, -1 ] ], 
  [ [ 1, 0, 0, 0 ], [ 0, 1, 0, 0 ], [ 0, 0, 1, 0 ], [ 0, 0, 0, 1 ] ] ]),BoundaryImage:=rec(ListIFace:=[ 1, 3 ],ListSign:=[ -1, 1 ],ListElt:=[ [ [ 1, 0, -1, 0 ], [ 0, 1, 0, -2 ], [ 2, 0, -1, 0 ], [ 0, 1, 0, -1 ] ], 
  [ [ -2, -1, -1, 1 ], [ 22, -2, -11, -2 ], [ -8, -1, 1, 2 ], 
      [ 11, -4, -11, 1 ] ] ])),rec(TheMatrixStab:=Group([ [ [ -1, 0, 0, 0 ], [ 0, -1, 0, 0 ], [ 0, 0, -1, 0 ], [ 0, 0, 0, -1 ] ], 
  [ [ 1, 0, 0, 0 ], [ 0, 1, 0, 0 ], [ 0, 0, 1, 0 ], [ 0, 0, 0, 1 ] ] ]),TheRotSubgroup:=Group([ [ [ -1, 0, 0, 0 ], [ 0, -1, 0, 0 ], [ 0, 0, -1, 0 ], [ 0, 0, 0, -1 ] ], 
  [ [ 1, 0, 0, 0 ], [ 0, 1, 0, 0 ], [ 0, 0, 1, 0 ], [ 0, 0, 0, 1 ] ] ]),BoundaryImage:=rec(ListIFace:=[ 1, 3 ],ListSign:=[ -1, 1 ],ListElt:=[ [ [ -1, 0, 0, 0 ], [ 0, -1, 0, 0 ], [ 0, 0, -1, 0 ], [ 0, 0, 0, -1 ] ], 
  [ [ 0, 1, 2, -1 ], [ -22, 0, 11, 4 ], [ 6, 1, -1, -2 ], [ -11, 3, 11, -1 ] 
     ] ])),rec(TheMatrixStab:=Group([ [ [ -1, 0, 0, 0 ], [ 0, -1, 0, 0 ], [ -2, 0, 1, 0 ], [ 0, -1, 0, 1 ] ], 
  [ [ -1, 0, 0, 0 ], [ 0, -1, 0, 0 ], [ 0, 0, -1, 0 ], [ 0, 0, 0, -1 ] ], 
  [ [ -1, 0, 1, 0 ], [ 0, -1, 0, 2 ], [ -2, 0, 1, 0 ], [ 0, -1, 0, 1 ] ], 
  [ [ -1, 0, 1, 0 ], [ 0, -1, 0, 2 ], [ 0, 0, 1, 0 ], [ 0, 0, 0, 1 ] ], 
  [ [ 1, 0, -1, 0 ], [ 0, 1, 0, -2 ], [ 0, 0, -1, 0 ], [ 0, 0, 0, -1 ] ], 
  [ [ 1, 0, -1, 0 ], [ 0, 1, 0, -2 ], [ 2, 0, -1, 0 ], [ 0, 1, 0, -1 ] ], 
  [ [ 1, 0, 0, 0 ], [ 0, 1, 0, 0 ], [ 0, 0, 1, 0 ], [ 0, 0, 0, 1 ] ], 
  [ [ 1, 0, 0, 0 ], [ 0, 1, 0, 0 ], [ 2, 0, -1, 0 ], [ 0, 1, 0, -1 ] ] ]),TheRotSubgroup:=Group([ [ [ -1, 0, 0, 0 ], [ 0, -1, 0, 0 ], [ 0, 0, -1, 0 ], [ 0, 0, 0, -1 ] ], 
  [ [ -1, 0, 1, 0 ], [ 0, -1, 0, 2 ], [ -2, 0, 1, 0 ], [ 0, -1, 0, 1 ] ], 
  [ [ 1, 0, -1, 0 ], [ 0, 1, 0, -2 ], [ 2, 0, -1, 0 ], [ 0, 1, 0, -1 ] ], 
  [ [ 1, 0, 0, 0 ], [ 0, 1, 0, 0 ], [ 0, 0, 1, 0 ], [ 0, 0, 0, 1 ] ] ]),BoundaryImage:=rec(ListIFace:=[ 1, 1 ],ListSign:=[ -1, 1 ],ListElt:=[ [ [ 1, 0, -1, 0 ], [ 0, 1, 0, -2 ], [ 2, 0, -1, 0 ], [ 0, 1, 0, -1 ] ], 
  [ [ -1, 0, 1, 0 ], [ 0, -1, 0, 2 ], [ 0, 0, 1, 0 ], [ 0, 0, 0, 1 ] ] ])),rec(TheMatrixStab:=Group([ [ [ -1, 0, 0, 0 ], [ 0, -1, 0, 0 ], [ 0, 0, -1, 0 ], [ 0, 0, 0, -1 ] ], 
  [ [ 0, -3, -7, 3 ], [ 66, 0, -33, -14 ], [ -14, -3, 0, 6 ], 
      [ 33, -7, -33, 0 ] ], 
  [ [ 0, 3, 7, -3 ], [ -66, 0, 33, 14 ], [ 14, 3, 0, -6 ], [ -33, 7, 33, 0 ] ]
    , [ [ 1, 0, 0, 0 ], [ 0, 1, 0, 0 ], [ 0, 0, 1, 0 ], [ 0, 0, 0, 1 ] ] ]),TheRotSubgroup:=Group([ [ [ -1, 0, 0, 0 ], [ 0, -1, 0, 0 ], [ 0, 0, -1, 0 ], [ 0, 0, 0, -1 ] ], 
  [ [ 0, -3, -7, 3 ], [ 66, 0, -33, -14 ], [ -14, -3, 0, 6 ], 
      [ 33, -7, -33, 0 ] ], 
  [ [ 0, 3, 7, -3 ], [ -66, 0, 33, 14 ], [ 14, 3, 0, -6 ], [ -33, 7, 33, 0 ] ]
    , [ [ 1, 0, 0, 0 ], [ 0, 1, 0, 0 ], [ 0, 0, 1, 0 ], [ 0, 0, 0, 1 ] ] ]),BoundaryImage:=rec(ListIFace:=[ 2, 4 ],ListSign:=[ -1, 1 ],ListElt:=[ [ [ 14, 0, -7, -3 ], [ 0, 14, 33, -14 ], [ 14, -3, -14, 0 ], 
      [ 33, 7, 0, -14 ] ], 
  [ [ 35, 1, -14, -8 ], [ -22, 35, 88, -28 ], [ 42, -7, -35, -2 ], 
      [ 77, 21, 11, -35 ] ] ])),rec(TheMatrixStab:=Group([ [ [ -14, 0, 7, 3 ], [ 0, -14, -33, 14 ], [ -14, 3, 14, 0 ], 
      [ -33, -7, 0, 14 ] ], 
  [ [ -1, 0, 0, 0 ], [ 0, -1, 0, 0 ], [ 0, 0, -1, 0 ], [ 0, 0, 0, -1 ] ], 
  [ [ 1, 0, 0, 0 ], [ 0, 1, 0, 0 ], [ 0, 0, 1, 0 ], [ 0, 0, 0, 1 ] ], 
  [ [ 14, 0, -7, -3 ], [ 0, 14, 33, -14 ], [ 14, -3, -14, 0 ], 
      [ 33, 7, 0, -14 ] ] ]),TheRotSubgroup:=Group([ [ [ -14, 0, 7, 3 ], [ 0, -14, -33, 14 ], [ -14, 3, 14, 0 ], 
      [ -33, -7, 0, 14 ] ], 
  [ [ -1, 0, 0, 0 ], [ 0, -1, 0, 0 ], [ 0, 0, -1, 0 ], [ 0, 0, 0, -1 ] ], 
  [ [ 1, 0, 0, 0 ], [ 0, 1, 0, 0 ], [ 0, 0, 1, 0 ], [ 0, 0, 0, 1 ] ], 
  [ [ 14, 0, -7, -3 ], [ 0, 14, 33, -14 ], [ 14, -3, -14, 0 ], 
      [ 33, 7, 0, -14 ] ] ]),BoundaryImage:=rec(ListIFace:=[ 2, 5 ],ListSign:=[ -1, 1 ],ListElt:=[ [ [ 0, -3, -7, 3 ], [ 66, 0, -33, -14 ], [ -14, -3, 0, 6 ], 
      [ 33, -7, -33, 0 ] ], 
  [ [ -7, 8, 21, -7 ], [ -176, -7, 77, 42 ], [ 28, 10, 7, -16 ], 
      [ -110, 14, 88, 7 ] ] ])),rec(TheMatrixStab:=Group([ [ [ -2, -1, -1, 1 ], [ 22, -2, -11, -2 ], [ -8, -1, 1, 2 ], 
      [ 11, -4, -11, 1 ] ], 
  [ [ -1, -1, -1, 1 ], [ 22, -1, -11, -2 ], [ -8, -1, 2, 2 ], 
      [ 11, -4, -11, 2 ] ], 
  [ [ -1, 0, 0, 0 ], [ 0, -1, 0, 0 ], [ 0, 0, -1, 0 ], [ 0, 0, 0, -1 ] ], 
  [ [ 1, 0, 0, 0 ], [ 0, 1, 0, 0 ], [ 0, 0, 1, 0 ], [ 0, 0, 0, 1 ] ], 
  [ [ 1, 1, 1, -1 ], [ -22, 1, 11, 2 ], [ 8, 1, -2, -2 ], [ -11, 4, 11, -2 ] ]
    , 
  [ [ 2, 1, 1, -1 ], [ -22, 2, 11, 2 ], [ 8, 1, -1, -2 ], [ -11, 4, 11, -1 ] 
     ] ]),TheRotSubgroup:=Group([ [ [ -2, -1, -1, 1 ], [ 22, -2, -11, -2 ], [ -8, -1, 1, 2 ], 
      [ 11, -4, -11, 1 ] ], 
  [ [ -1, -1, -1, 1 ], [ 22, -1, -11, -2 ], [ -8, -1, 2, 2 ], 
      [ 11, -4, -11, 2 ] ], 
  [ [ -1, 0, 0, 0 ], [ 0, -1, 0, 0 ], [ 0, 0, -1, 0 ], [ 0, 0, 0, -1 ] ], 
  [ [ 1, 0, 0, 0 ], [ 0, 1, 0, 0 ], [ 0, 0, 1, 0 ], [ 0, 0, 0, 1 ] ], 
  [ [ 1, 1, 1, -1 ], [ -22, 1, 11, 2 ], [ 8, 1, -2, -2 ], [ -11, 4, 11, -2 ] ]
    , 
  [ [ 2, 1, 1, -1 ], [ -22, 2, 11, 2 ], [ 8, 1, -1, -2 ], [ -11, 4, 11, -1 ] 
     ] ]),BoundaryImage:=rec(ListIFace:=[ 3, 6 ],ListSign:=[ -1, 1 ],ListElt:=[ [ [ 1, 0, 0, 0 ], [ 0, 1, 0, 0 ], [ 0, 0, 1, 0 ], [ 0, 0, 0, 1 ] ], 
  [ [ 1, 0, 0, 0 ], [ 0, 1, 0, 0 ], [ 0, 0, 1, 0 ], [ 0, 0, 0, 1 ] ] ])),rec(TheMatrixStab:=Group([ [ [ -2, -1, -1, 1 ], [ 22, -2, -11, -2 ], [ -8, -1, 1, 2 ], 
      [ 11, -4, -11, 1 ] ], 
  [ [ -1, -1, -1, 1 ], [ 22, -1, -11, -2 ], [ -8, -1, 2, 2 ], 
      [ 11, -4, -11, 2 ] ], 
  [ [ -1, 0, 0, 0 ], [ 0, -1, 0, 0 ], [ 0, 0, -1, 0 ], [ 0, 0, 0, -1 ] ], 
  [ [ 1, 0, 0, 0 ], [ 0, 1, 0, 0 ], [ 0, 0, 1, 0 ], [ 0, 0, 0, 1 ] ], 
  [ [ 1, 1, 1, -1 ], [ -22, 1, 11, 2 ], [ 8, 1, -2, -2 ], [ -11, 4, 11, -2 ] ]
    , 
  [ [ 2, 1, 1, -1 ], [ -22, 2, 11, 2 ], [ 8, 1, -1, -2 ], [ -11, 4, 11, -1 ] 
     ] ]),TheRotSubgroup:=Group([ [ [ -2, -1, -1, 1 ], [ 22, -2, -11, -2 ], [ -8, -1, 1, 2 ], 
      [ 11, -4, -11, 1 ] ], 
  [ [ -1, -1, -1, 1 ], [ 22, -1, -11, -2 ], [ -8, -1, 2, 2 ], 
      [ 11, -4, -11, 2 ] ], 
  [ [ -1, 0, 0, 0 ], [ 0, -1, 0, 0 ], [ 0, 0, -1, 0 ], [ 0, 0, 0, -1 ] ], 
  [ [ 1, 0, 0, 0 ], [ 0, 1, 0, 0 ], [ 0, 0, 1, 0 ], [ 0, 0, 0, 1 ] ], 
  [ [ 1, 1, 1, -1 ], [ -22, 1, 11, 2 ], [ 8, 1, -2, -2 ], [ -11, 4, 11, -2 ] ]
    , 
  [ [ 2, 1, 1, -1 ], [ -22, 2, 11, 2 ], [ 8, 1, -1, -2 ], [ -11, 4, 11, -1 ] 
     ] ]),BoundaryImage:=rec(ListIFace:=[ 3, 7 ],ListSign:=[ -1, 1 ],ListElt:=[ [ [ -1, 0, 0, 0 ], [ 0, -1, 0, 0 ], [ 0, 0, -1, 0 ], [ 0, 0, 0, -1 ] ], 
  [ [ -1, 0, 0, 0 ], [ 0, -1, 0, 0 ], [ 0, 0, -1, 0 ], [ 0, 0, 0, -1 ] ] ])),rec(TheMatrixStab:=Group([ [ [ -1, 0, 0, 0 ], [ 0, -1, 0, 0 ], [ 0, 0, -1, 0 ], [ 0, 0, 0, -1 ] ], 
  [ [ 0, -3, -7, 3 ], [ 66, 0, -33, -14 ], [ -14, -3, 0, 6 ], 
      [ 33, -7, -33, 0 ] ], 
  [ [ 0, 3, 7, -3 ], [ -66, 0, 33, 14 ], [ 14, 3, 0, -6 ], [ -33, 7, 33, 0 ] ]
    , [ [ 1, 0, 0, 0 ], [ 0, 1, 0, 0 ], [ 0, 0, 1, 0 ], [ 0, 0, 0, 1 ] ] ]),TheRotSubgroup:=Group([ [ [ -1, 0, 0, 0 ], [ 0, -1, 0, 0 ], [ 0, 0, -1, 0 ], [ 0, 0, 0, -1 ] ], 
  [ [ 0, -3, -7, 3 ], [ 66, 0, -33, -14 ], [ -14, -3, 0, 6 ], 
      [ 33, -7, -33, 0 ] ], 
  [ [ 0, 3, 7, -3 ], [ -66, 0, 33, 14 ], [ 14, 3, 0, -6 ], [ -33, 7, 33, 0 ] ]
    , [ [ 1, 0, 0, 0 ], [ 0, 1, 0, 0 ], [ 0, 0, 1, 0 ], [ 0, 0, 0, 1 ] ] ]),BoundaryImage:=rec(ListIFace:=[ 4, 5 ],ListSign:=[ -1, 1 ],ListElt:=[ [ [ 3, 7, 14, -7 ], [ -154, 3, 77, 28 ], [ 38, 7, -2, -14 ], 
      [ -77, 19, 77, -2 ] ], 
  [ [ 63, -8, -49, -4 ], [ 176, 63, 44, -98 ], [ 28, -23, -63, 18 ], 
      [ 253, 14, -99, -63 ] ] ])),rec(TheMatrixStab:=Group([ [ [ -3, -7, -14, 7 ], [ 154, -3, -77, -28 ], [ -38, -7, 2, 14 ], 
      [ 77, -19, -77, 2 ] ], 
  [ [ -2, -7, -14, 7 ], [ 154, -2, -77, -28 ], [ -38, -7, 3, 14 ], 
      [ 77, -19, -77, 3 ] ], 
  [ [ -1, 0, 0, 0 ], [ 0, -1, 0, 0 ], [ 0, 0, -1, 0 ], [ 0, 0, 0, -1 ] ], 
  [ [ 1, 0, 0, 0 ], [ 0, 1, 0, 0 ], [ 0, 0, 1, 0 ], [ 0, 0, 0, 1 ] ], 
  [ [ 2, 7, 14, -7 ], [ -154, 2, 77, 28 ], [ 38, 7, -3, -14 ], 
      [ -77, 19, 77, -3 ] ], 
  [ [ 3, 7, 14, -7 ], [ -154, 3, 77, 28 ], [ 38, 7, -2, -14 ], 
      [ -77, 19, 77, -2 ] ] ]),TheRotSubgroup:=Group([ [ [ -3, -7, -14, 7 ], [ 154, -3, -77, -28 ], [ -38, -7, 2, 14 ], 
      [ 77, -19, -77, 2 ] ], 
  [ [ -2, -7, -14, 7 ], [ 154, -2, -77, -28 ], [ -38, -7, 3, 14 ], 
      [ 77, -19, -77, 3 ] ], 
  [ [ -1, 0, 0, 0 ], [ 0, -1, 0, 0 ], [ 0, 0, -1, 0 ], [ 0, 0, 0, -1 ] ], 
  [ [ 1, 0, 0, 0 ], [ 0, 1, 0, 0 ], [ 0, 0, 1, 0 ], [ 0, 0, 0, 1 ] ], 
  [ [ 2, 7, 14, -7 ], [ -154, 2, 77, 28 ], [ 38, 7, -3, -14 ], 
      [ -77, 19, 77, -3 ] ], 
  [ [ 3, 7, 14, -7 ], [ -154, 3, 77, 28 ], [ 38, 7, -2, -14 ], 
      [ -77, 19, 77, -2 ] ] ]),BoundaryImage:=rec(ListIFace:=[ 4, 7 ],ListSign:=[ -1, 1 ],ListElt:=[ [ [ -3, -7, -14, 7 ], [ 154, -3, -77, -28 ], [ -38, -7, 2, 14 ], 
      [ 77, -19, -77, 2 ] ], 
  [ [ 17, -4, -11, 1 ], [ 88, 17, -11, -22 ], [ -2, -8, -9, 6 ], 
      [ 88, -1, -33, -9 ] ] ])),rec(TheMatrixStab:=Group([ [ [ -36, 0, 19, 7 ], [ 0, -36, -77, 38 ], [ -38, 7, 35, 0 ], 
      [ -77, -19, 0, 35 ] ], 
  [ [ -35, 0, 19, 7 ], [ 0, -35, -77, 38 ], [ -38, 7, 36, 0 ], 
      [ -77, -19, 0, 36 ] ], 
  [ [ -1, 0, 0, 0 ], [ 0, -1, 0, 0 ], [ 0, 0, -1, 0 ], [ 0, 0, 0, -1 ] ], 
  [ [ 1, 0, 0, 0 ], [ 0, 1, 0, 0 ], [ 0, 0, 1, 0 ], [ 0, 0, 0, 1 ] ], 
  [ [ 35, 0, -19, -7 ], [ 0, 35, 77, -38 ], [ 38, -7, -36, 0 ], 
      [ 77, 19, 0, -36 ] ], 
  [ [ 36, 0, -19, -7 ], [ 0, 36, 77, -38 ], [ 38, -7, -35, 0 ], 
      [ 77, 19, 0, -35 ] ] ]),TheRotSubgroup:=Group([ [ [ -36, 0, 19, 7 ], [ 0, -36, -77, 38 ], [ -38, 7, 35, 0 ], 
      [ -77, -19, 0, 35 ] ], 
  [ [ -35, 0, 19, 7 ], [ 0, -35, -77, 38 ], [ -38, 7, 36, 0 ], 
      [ -77, -19, 0, 36 ] ], 
  [ [ -1, 0, 0, 0 ], [ 0, -1, 0, 0 ], [ 0, 0, -1, 0 ], [ 0, 0, 0, -1 ] ], 
  [ [ 1, 0, 0, 0 ], [ 0, 1, 0, 0 ], [ 0, 0, 1, 0 ], [ 0, 0, 0, 1 ] ], 
  [ [ 35, 0, -19, -7 ], [ 0, 35, 77, -38 ], [ 38, -7, -36, 0 ], 
      [ 77, 19, 0, -36 ] ], 
  [ [ 36, 0, -19, -7 ], [ 0, 36, 77, -38 ], [ 38, -7, -35, 0 ], 
      [ 77, 19, 0, -35 ] ] ]),BoundaryImage:=rec(ListIFace:=[ 5, 6 ],ListSign:=[ -1, 1 ],ListElt:=[ [ [ -36, 0, 19, 7 ], [ 0, -36, -77, 38 ], [ -38, 7, 35, 0 ], 
      [ -77, -19, 0, 35 ] ], 
  [ [ -45, -2, 16, 10 ], [ 44, -45, -110, 32 ], [ -56, 7, 39, 4 ], 
      [ -77, -28, -22, 39 ] ] ])),rec(TheMatrixStab:=Group([ [ [ -1, 0, 0, 0 ], [ 0, -1, 0, 0 ], [ 0, 0, -1, 0 ], [ 0, 0, 0, -1 ] ], 
  [ [ 1, 0, 0, 0 ], [ 0, 1, 0, 0 ], [ 0, 0, 1, 0 ], [ 0, 0, 0, 1 ] ] ]),TheRotSubgroup:=Group([ [ [ -1, 0, 0, 0 ], [ 0, -1, 0, 0 ], [ 0, 0, -1, 0 ], [ 0, 0, 0, -1 ] ], 
  [ [ 1, 0, 0, 0 ], [ 0, 1, 0, 0 ], [ 0, 0, 1, 0 ], [ 0, 0, 0, 1 ] ] ]),BoundaryImage:=rec(ListIFace:=[ 6, 7 ],ListSign:=[ -1, 1 ],ListElt:=[ [ [ -1, 0, 0, 0 ], [ 0, -1, 0, 0 ], [ 0, 0, -1, 0 ], [ 0, 0, 0, -1 ] ], 
  [ [ 12, 5, 4, -5 ], [ -110, 12, 55, 8 ], [ 42, 3, -9, -8 ], 
      [ -33, 21, 44, -9 ] ] ])),rec(TheMatrixStab:=Group([ [ [ -1, 0, 0, 0 ], [ 0, -1, 0, 0 ], [ 0, 0, -1, 0 ], [ 0, 0, 0, -1 ] ], 
  [ [ 1, 0, 0, 0 ], [ 0, 1, 0, 0 ], [ 0, 0, 1, 0 ], [ 0, 0, 0, 1 ] ] ]),TheRotSubgroup:=Group([ [ [ -1, 0, 0, 0 ], [ 0, -1, 0, 0 ], [ 0, 0, -1, 0 ], [ 0, 0, 0, -1 ] ], 
  [ [ 1, 0, 0, 0 ], [ 0, 1, 0, 0 ], [ 0, 0, 1, 0 ], [ 0, 0, 0, 1 ] ] ]),BoundaryImage:=rec(ListIFace:=[ 6, 7 ],ListSign:=[ -1, 1 ],ListElt:=[ [ [ 2, 1, 1, -1 ], [ -22, 2, 11, 2 ], [ 8, 1, -1, -2 ], [ -11, 4, 11, -1 ] ]
    , 
  [ [ -16, -4, 0, 5 ], [ 88, -16, -55, 0 ], [ -40, -1, 13, 6 ], 
      [ 11, -20, -33, 13 ] ] ]))],[rec(TheMatrixStab:=Group([ [ [ -1, 0, 0, 0 ], [ 0, -1, 0, 0 ], [ 0, 0, -1, 0 ], [ 0, 0, 0, -1 ] ], 
  [ [ 1, 0, 0, 0 ], [ 0, 1, 0, 0 ], [ 0, 0, 1, 0 ], [ 0, 0, 0, 1 ] ] ]),TheRotSubgroup:=Group([ [ [ -1, 0, 0, 0 ], [ 0, -1, 0, 0 ], [ 0, 0, -1, 0 ], [ 0, 0, 0, -1 ] ], 
  [ [ 1, 0, 0, 0 ], [ 0, 1, 0, 0 ], [ 0, 0, 1, 0 ], [ 0, 0, 0, 1 ] ] ]),BoundaryImage:=rec(ListIFace:=[ 1, 2, 5, 10, 13, 7 ],ListSign:=[ 1, -1, 1, 1, -1, -1 ],ListElt:=[ [ [ 1, 0, 0, 0 ], [ 0, 1, 0, 0 ], [ 0, 0, 1, 0 ], [ 0, 0, 0, 1 ] ], 
  [ [ 1, 0, 0, 0 ], [ 0, 1, 0, 0 ], [ 0, 0, 1, 0 ], [ 0, 0, 0, 1 ] ], 
  [ [ 1, 0, 0, 0 ], [ 0, 1, 0, 0 ], [ 0, 0, 1, 0 ], [ 0, 0, 0, 1 ] ], 
  [ [ 35, 1, -14, -8 ], [ -22, 35, 88, -28 ], [ 42, -7, -35, -2 ], 
      [ 77, 21, 11, -35 ] ], 
  [ [ 1, 1, 1, -1 ], [ -22, 1, 11, 2 ], [ 8, 1, -2, -2 ], [ -11, 4, 11, -2 ] ]
    , [ [ 1, 0, 0, 0 ], [ 0, 1, 0, 0 ], [ 0, 0, 1, 0 ], [ 0, 0, 0, 1 ] ] ])),rec(TheMatrixStab:=Group([ [ [ -1, 0, 0, 0 ], [ 0, -1, 0, 0 ], [ 0, 0, -1, 0 ], [ 0, 0, 0, -1 ] ], 
  [ [ 1, 0, 0, 0 ], [ 0, 1, 0, 0 ], [ 0, 0, 1, 0 ], [ 0, 0, 0, 1 ] ] ]),TheRotSubgroup:=Group([ [ [ -1, 0, 0, 0 ], [ 0, -1, 0, 0 ], [ 0, 0, -1, 0 ], [ 0, 0, 0, -1 ] ], 
  [ [ 1, 0, 0, 0 ], [ 0, 1, 0, 0 ], [ 0, 0, 1, 0 ], [ 0, 0, 0, 1 ] ] ]),BoundaryImage:=rec(ListIFace:=[ 1, 6, 3, 11, 13, 8 ],ListSign:=[ 1, 1, -1, 1, 1, -1 ],ListElt:=[ [ [ 1, 0, -1, 0 ], [ 0, 1, 0, -2 ], [ 2, 0, -1, 0 ], [ 0, 1, 0, -1 ] ], 
  [ [ 1, 0, -1, 0 ], [ 0, 1, 0, -2 ], [ 2, 0, -1, 0 ], [ 0, 1, 0, -1 ] ], 
  [ [ -1, 0, 0, 0 ], [ 0, -1, 0, 0 ], [ 0, 0, -1, 0 ], [ 0, 0, 0, -1 ] ], 
  [ [ 0, -3, -7, 3 ], [ 66, 0, -33, -14 ], [ -14, -3, 0, 6 ], 
      [ 33, -7, -33, 0 ] ], 
  [ [ -29, -2, 9, 7 ], [ 44, -29, -77, 18 ], [ -36, 5, 26, 2 ], 
      [ -55, -18, -11, 26 ] ], 
  [ [ 5, -1, -4, 0 ], [ 22, 5, 0, -8 ], [ -2, -2, -3, 2 ], 
      [ 22, -1, -11, -3 ] ] ])),rec(TheMatrixStab:=Group([ [ [ -1, 0, 0, 0 ], [ 0, -1, 0, 0 ], [ 0, 0, -1, 0 ], [ 0, 0, 0, -1 ] ], 
  [ [ 1, 0, 0, 0 ], [ 0, 1, 0, 0 ], [ 0, 0, 1, 0 ], [ 0, 0, 0, 1 ] ] ]),TheRotSubgroup:=Group([ [ [ -1, 0, 0, 0 ], [ 0, -1, 0, 0 ], [ 0, 0, -1, 0 ], [ 0, 0, 0, -1 ] ], 
  [ [ 1, 0, 0, 0 ], [ 0, 1, 0, 0 ], [ 0, 0, 1, 0 ], [ 0, 0, 0, 1 ] ] ]),BoundaryImage:=rec(ListIFace:=[ 2, 3, 2, 3 ],ListSign:=[ 1, -1, 1, -1 ],ListElt:=[ [ [ -1, 0, 0, 0 ], [ 0, -1, 0, 0 ], [ 0, 0, -1, 0 ], [ 0, 0, 0, -1 ] ], 
  [ [ -4, 0, 2, 1 ], [ 0, -4, -11, 4 ], [ -4, 1, 5, 0 ], [ -11, -2, 0, 5 ] ], 
  [ [ 0, 1, 2, -1 ], [ -22, 0, 11, 4 ], [ 6, 1, -1, -2 ], [ -11, 3, 11, -1 ] ]
    , [ [ -1, 0, 0, 0 ], [ 0, -1, 0, 0 ], [ 0, 0, -1, 0 ], [ 0, 0, 0, -1 ] ] ])),rec(TheMatrixStab:=Group([ [ [ -1, 0, 0, 0 ], [ 0, -1, 0, 0 ], [ -4, 0, 1, 0 ], [ 0, -2, 0, 1 ] ], 
  [ [ -1, 0, 0, 0 ], [ 0, -1, 0, 0 ], [ 0, 0, -1, 0 ], [ 0, 0, 0, -1 ] ], 
  [ [ 1, 0, 0, 0 ], [ 0, 1, 0, 0 ], [ 0, 0, 1, 0 ], [ 0, 0, 0, 1 ] ], 
  [ [ 1, 0, 0, 0 ], [ 0, 1, 0, 0 ], [ 4, 0, -1, 0 ], [ 0, 2, 0, -1 ] ] ]),TheRotSubgroup:=Group([ [ [ -1, 0, 0, 0 ], [ 0, -1, 0, 0 ], [ -4, 0, 1, 0 ], [ 0, -2, 0, 1 ] ], 
  [ [ -1, 0, 0, 0 ], [ 0, -1, 0, 0 ], [ 0, 0, -1, 0 ], [ 0, 0, 0, -1 ] ], 
  [ [ 1, 0, 0, 0 ], [ 0, 1, 0, 0 ], [ 0, 0, 1, 0 ], [ 0, 0, 0, 1 ] ], 
  [ [ 1, 0, 0, 0 ], [ 0, 1, 0, 0 ], [ 4, 0, -1, 0 ], [ 0, 2, 0, -1 ] ] ]),BoundaryImage:=rec(ListIFace:=[ 2, 4, 8, 3, 7, 12, 12, 8, 2, 4, 7, 3 ],ListSign:=[ 1, 1, 1, -1, -1, -1, -1, 1, 1, 1, -1, -1 ],ListElt:=[ [ [ -1, 0, 0, 0 ], [ 0, -1, 0, 0 ], [ 0, 0, -1, 0 ], [ 0, 0, 0, -1 ] ], 
  [ [ -1, 0, 1, 0 ], [ 0, -1, 0, 2 ], [ 0, 0, 1, 0 ], [ 0, 0, 0, 1 ] ], 
  [ [ -1, -1, -1, 1 ], [ 22, -1, -11, -2 ], [ -8, -1, 2, 2 ], 
      [ 11, -4, -11, 2 ] ], 
  [ [ -1, 0, 0, 0 ], [ 0, -1, 0, 0 ], [ -2, 0, 1, 0 ], [ 0, -1, 0, 1 ] ], 
  [ [ 0, -1, -2, 1 ], [ 22, 0, -11, -4 ], [ 6, -1, -5, 0 ], [ 11, 3, 0, -5 ] ]
    , 
  [ [ 5, -1, -4, 0 ], [ 22, 5, 0, -8 ], [ 8, -4, -11, 2 ], 
      [ 44, 4, -11, -11 ] ], 
  [ [ -5, 1, 4, 0 ], [ -22, -5, 0, 8 ], [ -12, 0, 5, 2 ], [ 0, -6, -11, 5 ] ],
  [ [ 1, 0, 0, 0 ], [ 0, 1, 0, 0 ], [ 4, 0, -1, 0 ], [ 0, 2, 0, -1 ] ], 
  [ [ 1, 0, 0, 0 ], [ 0, 1, 0, 0 ], [ 4, 0, -1, 0 ], [ 0, 2, 0, -1 ] ], 
  [ [ -1, 0, 0, 0 ], [ 0, -1, 0, 0 ], [ -2, 0, -1, 0 ], [ 0, -1, 0, -1 ] ], 
  [ [ 0, -1, -2, 1 ], [ 22, 0, -11, -4 ], [ -6, -3, -3, 4 ], 
      [ 33, -3, -22, -3 ] ], 
  [ [ -1, 0, 0, 0 ], [ 0, -1, 0, 0 ], [ -2, 0, -1, 0 ], [ 0, -1, 0, -1 ] ] ])),rec(TheMatrixStab:=Group([ [ [ -21, 5, 21, -1 ], [ -110, -21, 11, 42 ], [ 0, 10, 21, -10 ], 
      [ -110, 0, 55, 21 ] ], 
  [ [ -1, 0, 0, 0 ], [ 0, -1, 0, 0 ], [ 0, 0, -1, 0 ], [ 0, 0, 0, -1 ] ], 
  [ [ 1, 0, 0, 0 ], [ 0, 1, 0, 0 ], [ 0, 0, 1, 0 ], [ 0, 0, 0, 1 ] ], 
  [ [ 21, -5, -21, 1 ], [ 110, 21, -11, -42 ], [ 0, -10, -21, 10 ], 
      [ 110, 0, -55, -21 ] ] ]),TheRotSubgroup:=Group([ [ [ -21, 5, 21, -1 ], [ -110, -21, 11, 42 ], [ 0, 10, 21, -10 ], 
      [ -110, 0, 55, 21 ] ], 
  [ [ -1, 0, 0, 0 ], [ 0, -1, 0, 0 ], [ 0, 0, -1, 0 ], [ 0, 0, 0, -1 ] ], 
  [ [ 1, 0, 0, 0 ], [ 0, 1, 0, 0 ], [ 0, 0, 1, 0 ], [ 0, 0, 0, 1 ] ], 
  [ [ 21, -5, -21, 1 ], [ 110, 21, -11, -42 ], [ 0, -10, -21, 10 ], 
      [ 110, 0, -55, -21 ] ] ]),BoundaryImage:=rec(ListIFace:=[ 5, 6, 9, 9, 6, 5 ],ListSign:=[ 1, -1, 1, 1, -1, 1 ],ListElt:=[ [ [ -1, 0, 0, 0 ], [ 0, -1, 0, 0 ], [ 0, 0, -1, 0 ], [ 0, 0, 0, -1 ] ], 
  [ [ -1, 0, 0, 0 ], [ 0, -1, 0, 0 ], [ 0, 0, -1, 0 ], [ 0, 0, 0, -1 ] ], 
  [ [ 2, 7, 14, -7 ], [ -154, 2, 77, 28 ], [ 38, 7, -3, -14 ], 
      [ -77, 19, 77, -3 ] ], 
  [ [ 63, -9, -49, -4 ], [ 198, 63, 44, -98 ], [ 28, -23, -63, 16 ], 
      [ 253, 14, -88, -63 ] ], 
  [ [ 21, -5, -21, 1 ], [ 110, 21, -11, -42 ], [ 0, -10, -21, 10 ], 
      [ 110, 0, -55, -21 ] ], 
  [ [ 21, -5, -21, 1 ], [ 110, 21, -11, -42 ], [ 0, -10, -21, 10 ], 
      [ 110, 0, -55, -21 ] ] ])),rec(TheMatrixStab:=Group([ [ [ -14, -45, -92, 45 ], [ 990, -14, -495, -184 ], [ -240, -45, 14, 90 ], 
      [ 495, -120, -495, 14 ] ], 
  [ [ -1, 0, 0, 0 ], [ 0, -1, 0, 0 ], [ 0, 0, -1, 0 ], [ 0, 0, 0, -1 ] ], 
  [ [ 1, 0, 0, 0 ], [ 0, 1, 0, 0 ], [ 0, 0, 1, 0 ], [ 0, 0, 0, 1 ] ], 
  [ [ 14, 45, 92, -45 ], [ -990, 14, 495, 184 ], [ 240, 45, -14, -90 ], 
      [ -495, 120, 495, -14 ] ] ]),TheRotSubgroup:=Group([ [ [ -14, -45, -92, 45 ], [ 990, -14, -495, -184 ], [ -240, -45, 14, 90 ], 
      [ 495, -120, -495, 14 ] ], 
  [ [ -1, 0, 0, 0 ], [ 0, -1, 0, 0 ], [ 0, 0, -1, 0 ], [ 0, 0, 0, -1 ] ], 
  [ [ 1, 0, 0, 0 ], [ 0, 1, 0, 0 ], [ 0, 0, 1, 0 ], [ 0, 0, 0, 1 ] ], 
  [ [ 14, 45, 92, -45 ], [ -990, 14, 495, 184 ], [ 240, 45, -14, -90 ], 
      [ -495, 120, 495, -14 ] ] ]),BoundaryImage:=rec(ListIFace:=[ 9, 11, 12, 10, 12, 10, 9, 11 ],ListSign:=[ 1, 1, 1, -1, 1, -1, 1, 1 ],ListElt:=[ [ [ -1, 0, 0, 0 ], [ 0, -1, 0, 0 ], [ 0, 0, -1, 0 ], [ 0, 0, 0, -1 ] ], 
  [ [ -35, 13, 49, -7 ], [ -286, -35, 77, 98 ], [ 28, 22, 35, -30 ], 
      [ -242, 14, 165, 35 ] ], 
  [ [ -135, 3, 65, 22 ], [ -66, -135, -242, 130 ], [ -130, 34, 125, -6 ], 
      [ -374, -65, 33, 125 ] ], 
  [ [ -1, 0, 0, 0 ], [ 0, -1, 0, 0 ], [ 0, 0, -1, 0 ], [ 0, 0, 0, -1 ] ], 
  [ [ -10, -20, -35, 19 ], [ 440, -10, -209, -70 ], [ -110, -19, 10, 36 ], 
      [ 209, -55, -198, 10 ] ], 
  [ [ 14, 45, 92, -45 ], [ -990, 14, 495, 184 ], [ 240, 45, -14, -90 ], 
      [ -495, 120, 495, -14 ] ], 
  [ [ 197, -3, -98, -36 ], [ 66, 197, 396, -196 ], [ 196, -48, -195, 6 ], 
      [ 528, 98, -33, -195 ] ], 
  [ [ -7, -23, -47, 25 ], [ 506, -7, -275, -94 ], [ -122, -23, 12, 48 ], 
      [ 253, -61, -264, 12 ] ] ])),rec(TheMatrixStab:=Group([ [ [ -1, 0, 0, 0 ], [ 0, -1, 0, 0 ], [ 0, 0, -1, 0 ], [ 0, 0, 0, -1 ] ], 
  [ [ 1, 0, 0, 0 ], [ 0, 1, 0, 0 ], [ 0, 0, 1, 0 ], [ 0, 0, 0, 1 ] ] ]),TheRotSubgroup:=Group([ [ [ -1, 0, 0, 0 ], [ 0, -1, 0, 0 ], [ 0, 0, -1, 0 ], [ 0, 0, 0, -1 ] ], 
  [ [ 1, 0, 0, 0 ], [ 0, 1, 0, 0 ], [ 0, 0, 1, 0 ], [ 0, 0, 0, 1 ] ] ]),BoundaryImage:=rec(ListIFace:=[ 12, 13, 12, 13 ],ListSign:=[ 1, -1, 1, -1 ],ListElt:=[ [ [ -1, 0, 0, 0 ], [ 0, -1, 0, 0 ], [ 0, 0, -1, 0 ], [ 0, 0, 0, -1 ] ], 
  [ [ 41, 5, -9, -12 ], [ -110, 41, 132, -18 ], [ 76, -4, -43, -10 ], 
      [ 44, 38, 55, -43 ] ], 
  [ [ -9, -11, -18, 11 ], [ 242, -9, -121, -36 ], [ -70, -11, 8, 22 ], 
      [ 121, -35, -121, 8 ] ], 
  [ [ 1, 0, 0, 0 ], [ 0, 1, 0, 0 ], [ 0, 0, 1, 0 ], [ 0, 0, 0, 1 ] ] ]))]];