HAP_GCOMPLEX_SETUP:=[false]; 
HAP_GCOMPLEX_LIST:=[[rec(TheMatrixStab:=Group([ [ [ -1, 0, 0, 0 ], [ 0, -1, 0, 0 ], [ 0, 0, -1, 0 ], [ 0, 0, 0, -1 ] ], 
  [ [ -1, 0, 0, 1 ], [ 0, -1, -1, 1 ], [ -1, 1, 0, 0 ], [ -1, 0, 0, 0 ] ], 
  [ [ -1, 0, 1, 0 ], [ 0, -1, 0, 1 ], [ -1, 0, 0, 0 ], [ 0, -1, 0, 0 ] ], 
  [ [ -1, 1, 0, 0 ], [ -1, 0, 0, 0 ], [ 0, 1, 0, -1 ], [ -1, 1, 1, -1 ] ], 
  [ [ -1, 1, 1, -1 ], [ -1, 0, 1, 0 ], [ 0, 0, 0, -1 ], [ 0, 0, 1, -1 ] ], 
  [ [ -1, 1, 1, 0 ], [ -1, 0, 0, 1 ], [ -1, 1, 1, -1 ], [ -1, 0, 1, 0 ] ], 
  [ [ 0, -1, -1, 1 ], [ 1, -1, -1, 0 ], [ 0, 0, -1, 1 ], [ 0, 0, -1, 0 ] ], 
  [ [ 0, -1, 0, 0 ], [ 1, -1, 0, 0 ], [ 0, -1, -1, 1 ], [ 1, -1, -1, 0 ] ], 
  [ [ 0, -1, 0, 1 ], [ 1, -1, -1, 1 ], [ -1, 0, 0, 1 ], [ 0, -1, -1, 1 ] ], 
  [ [ 0, 0, -1, 0 ], [ 0, 0, 0, -1 ], [ 1, 0, -1, 0 ], [ 0, 1, 0, -1 ] ], 
  [ [ 0, 0, -1, 1 ], [ 0, 0, -1, 0 ], [ 0, 1, 0, 0 ], [ -1, 1, 0, 0 ] ], 
  [ [ 0, 0, 0, -1 ], [ 0, 0, 1, -1 ], [ 1, -1, -1, 0 ], [ 1, 0, 0, -1 ] ], 
  [ [ 0, 0, 0, 1 ], [ 0, 0, -1, 1 ], [ -1, 1, 1, 0 ], [ -1, 0, 0, 1 ] ], 
  [ [ 0, 0, 1, -1 ], [ 0, 0, 1, 0 ], [ 0, -1, 0, 0 ], [ 1, -1, 0, 0 ] ], 
  [ [ 0, 0, 1, 0 ], [ 0, 0, 0, 1 ], [ -1, 0, 1, 0 ], [ 0, -1, 0, 1 ] ], 
  [ [ 0, 1, 0, -1 ], [ -1, 1, 1, -1 ], [ 1, 0, 0, -1 ], [ 0, 1, 1, -1 ] ], 
  [ [ 0, 1, 0, 0 ], [ -1, 1, 0, 0 ], [ 0, 1, 1, -1 ], [ -1, 1, 1, 0 ] ], 
  [ [ 0, 1, 1, -1 ], [ -1, 1, 1, 0 ], [ 0, 0, 1, -1 ], [ 0, 0, 1, 0 ] ], 
  [ [ 1, -1, -1, 0 ], [ 1, 0, 0, -1 ], [ 1, -1, -1, 1 ], [ 1, 0, -1, 0 ] ], 
  [ [ 1, -1, -1, 1 ], [ 1, 0, -1, 0 ], [ 0, 0, 0, 1 ], [ 0, 0, -1, 1 ] ], 
  [ [ 1, -1, 0, 0 ], [ 1, 0, 0, 0 ], [ 0, -1, 0, 1 ], [ 1, -1, -1, 1 ] ], 
  [ [ 1, 0, -1, 0 ], [ 0, 1, 0, -1 ], [ 1, 0, 0, 0 ], [ 0, 1, 0, 0 ] ], 
  [ [ 1, 0, 0, -1 ], [ 0, 1, 1, -1 ], [ 1, -1, 0, 0 ], [ 1, 0, 0, 0 ] ], 
  [ [ 1, 0, 0, 0 ], [ 0, 1, 0, 0 ], [ 0, 0, 1, 0 ], [ 0, 0, 0, 1 ] ] ]),TheRotSubgroup:=Group([ [ [ -1, 0, 0, 0 ], [ 0, -1, 0, 0 ], [ 0, 0, -1, 0 ], [ 0, 0, 0, -1 ] ], 
  [ [ -1, 0, 0, 1 ], [ 0, -1, -1, 1 ], [ -1, 1, 0, 0 ], [ -1, 0, 0, 0 ] ], 
  [ [ -1, 0, 1, 0 ], [ 0, -1, 0, 1 ], [ -1, 0, 0, 0 ], [ 0, -1, 0, 0 ] ], 
  [ [ -1, 1, 0, 0 ], [ -1, 0, 0, 0 ], [ 0, 1, 0, -1 ], [ -1, 1, 1, -1 ] ], 
  [ [ -1, 1, 1, -1 ], [ -1, 0, 1, 0 ], [ 0, 0, 0, -1 ], [ 0, 0, 1, -1 ] ], 
  [ [ -1, 1, 1, 0 ], [ -1, 0, 0, 1 ], [ -1, 1, 1, -1 ], [ -1, 0, 1, 0 ] ], 
  [ [ 0, -1, -1, 1 ], [ 1, -1, -1, 0 ], [ 0, 0, -1, 1 ], [ 0, 0, -1, 0 ] ], 
  [ [ 0, -1, 0, 0 ], [ 1, -1, 0, 0 ], [ 0, -1, -1, 1 ], [ 1, -1, -1, 0 ] ], 
  [ [ 0, -1, 0, 1 ], [ 1, -1, -1, 1 ], [ -1, 0, 0, 1 ], [ 0, -1, -1, 1 ] ], 
  [ [ 0, 0, -1, 0 ], [ 0, 0, 0, -1 ], [ 1, 0, -1, 0 ], [ 0, 1, 0, -1 ] ], 
  [ [ 0, 0, -1, 1 ], [ 0, 0, -1, 0 ], [ 0, 1, 0, 0 ], [ -1, 1, 0, 0 ] ], 
  [ [ 0, 0, 0, -1 ], [ 0, 0, 1, -1 ], [ 1, -1, -1, 0 ], [ 1, 0, 0, -1 ] ], 
  [ [ 0, 0, 0, 1 ], [ 0, 0, -1, 1 ], [ -1, 1, 1, 0 ], [ -1, 0, 0, 1 ] ], 
  [ [ 0, 0, 1, -1 ], [ 0, 0, 1, 0 ], [ 0, -1, 0, 0 ], [ 1, -1, 0, 0 ] ], 
  [ [ 0, 0, 1, 0 ], [ 0, 0, 0, 1 ], [ -1, 0, 1, 0 ], [ 0, -1, 0, 1 ] ], 
  [ [ 0, 1, 0, -1 ], [ -1, 1, 1, -1 ], [ 1, 0, 0, -1 ], [ 0, 1, 1, -1 ] ], 
  [ [ 0, 1, 0, 0 ], [ -1, 1, 0, 0 ], [ 0, 1, 1, -1 ], [ -1, 1, 1, 0 ] ], 
  [ [ 0, 1, 1, -1 ], [ -1, 1, 1, 0 ], [ 0, 0, 1, -1 ], [ 0, 0, 1, 0 ] ], 
  [ [ 1, -1, -1, 0 ], [ 1, 0, 0, -1 ], [ 1, -1, -1, 1 ], [ 1, 0, -1, 0 ] ], 
  [ [ 1, -1, -1, 1 ], [ 1, 0, -1, 0 ], [ 0, 0, 0, 1 ], [ 0, 0, -1, 1 ] ], 
  [ [ 1, -1, 0, 0 ], [ 1, 0, 0, 0 ], [ 0, -1, 0, 1 ], [ 1, -1, -1, 1 ] ], 
  [ [ 1, 0, -1, 0 ], [ 0, 1, 0, -1 ], [ 1, 0, 0, 0 ], [ 0, 1, 0, 0 ] ], 
  [ [ 1, 0, 0, -1 ], [ 0, 1, 1, -1 ], [ 1, -1, 0, 0 ], [ 1, 0, 0, 0 ] ], 
  [ [ 1, 0, 0, 0 ], [ 0, 1, 0, 0 ], [ 0, 0, 1, 0 ], [ 0, 0, 0, 1 ] ] ]),BoundaryImage:=rec(ListIFace:=[  ],ListSign:=[  ],ListElt:=[  ])),rec(TheMatrixStab:=Group([ [ [ -1, 0, -1, 1 ], [ 0, -1, -1, 0 ], [ 0, 1, 0, 0 ], [ -1, 1, 0, 0 ] ], 
  [ [ -1, 0, 0, 0 ], [ 0, -1, 0, 0 ], [ 0, 0, -1, 0 ], [ 0, 0, 0, -1 ] ], 
  [ [ -1, 0, 0, 1 ], [ 0, -1, -1, 1 ], [ -1, 1, 0, 0 ], [ -1, 0, 0, 0 ] ], 
  [ [ -1, 1, 0, 0 ], [ -1, 0, 0, 0 ], [ 1, 0, 0, -1 ], [ 0, 1, 1, -1 ] ], 
  [ [ -1, 1, 0, 1 ], [ -1, 0, -1, 1 ], [ 0, 1, 1, -1 ], [ -1, 1, 1, 0 ] ], 
  [ [ -1, 1, 1, 0 ], [ -1, 0, 0, 1 ], [ 0, 0, 0, -1 ], [ 0, 0, 1, -1 ] ], 
  [ [ 0, -1, -1, 0 ], [ 1, -1, 0, -1 ], [ 0, 0, -1, 1 ], [ 0, 0, -1, 0 ] ], 
  [ [ 0, -1, -1, 1 ], [ 1, -1, -1, 0 ], [ -1, 1, 0, 1 ], [ -1, 0, -1, 1 ] ], 
  [ [ 0, -1, 0, 0 ], [ 1, -1, 0, 0 ], [ -1, 0, -1, 1 ], [ 0, -1, -1, 0 ] ], 
  [ [ 0, 0, -1, 0 ], [ 0, 0, 0, -1 ], [ 1, 0, 0, 0 ], [ 0, 1, 0, 0 ] ], 
  [ [ 0, 0, -1, 1 ], [ 0, 0, -1, 0 ], [ 0, 1, 1, 0 ], [ -1, 1, 0, 1 ] ], 
  [ [ 0, 0, 0, -1 ], [ 0, 0, 1, -1 ], [ 1, -1, -1, 0 ], [ 1, 0, 0, -1 ] ], 
  [ [ 0, 0, 0, 1 ], [ 0, 0, -1, 1 ], [ -1, 1, 1, 0 ], [ -1, 0, 0, 1 ] ], 
  [ [ 0, 0, 1, -1 ], [ 0, 0, 1, 0 ], [ 0, -1, -1, 0 ], [ 1, -1, 0, -1 ] ], 
  [ [ 0, 0, 1, 0 ], [ 0, 0, 0, 1 ], [ -1, 0, 0, 0 ], [ 0, -1, 0, 0 ] ], 
  [ [ 0, 1, 0, 0 ], [ -1, 1, 0, 0 ], [ 1, 0, 1, -1 ], [ 0, 1, 1, 0 ] ], 
  [ [ 0, 1, 1, -1 ], [ -1, 1, 1, 0 ], [ 1, -1, 0, -1 ], [ 1, 0, 1, -1 ] ], 
  [ [ 0, 1, 1, 0 ], [ -1, 1, 0, 1 ], [ 0, 0, 1, -1 ], [ 0, 0, 1, 0 ] ], 
  [ [ 1, -1, -1, 0 ], [ 1, 0, 0, -1 ], [ 0, 0, 0, 1 ], [ 0, 0, -1, 1 ] ], 
  [ [ 1, -1, 0, -1 ], [ 1, 0, 1, -1 ], [ 0, -1, -1, 1 ], [ 1, -1, -1, 0 ] ], 
  [ [ 1, -1, 0, 0 ], [ 1, 0, 0, 0 ], [ -1, 0, 0, 1 ], [ 0, -1, -1, 1 ] ], 
  [ [ 1, 0, 0, -1 ], [ 0, 1, 1, -1 ], [ 1, -1, 0, 0 ], [ 1, 0, 0, 0 ] ], 
  [ [ 1, 0, 0, 0 ], [ 0, 1, 0, 0 ], [ 0, 0, 1, 0 ], [ 0, 0, 0, 1 ] ], 
  [ [ 1, 0, 1, -1 ], [ 0, 1, 1, 0 ], [ 0, -1, 0, 0 ], [ 1, -1, 0, 0 ] ] ]),TheRotSubgroup:=Group([ [ [ -1, 0, -1, 1 ], [ 0, -1, -1, 0 ], [ 0, 1, 0, 0 ], [ -1, 1, 0, 0 ] ], 
  [ [ -1, 0, 0, 0 ], [ 0, -1, 0, 0 ], [ 0, 0, -1, 0 ], [ 0, 0, 0, -1 ] ], 
  [ [ -1, 0, 0, 1 ], [ 0, -1, -1, 1 ], [ -1, 1, 0, 0 ], [ -1, 0, 0, 0 ] ], 
  [ [ -1, 1, 0, 0 ], [ -1, 0, 0, 0 ], [ 1, 0, 0, -1 ], [ 0, 1, 1, -1 ] ], 
  [ [ -1, 1, 0, 1 ], [ -1, 0, -1, 1 ], [ 0, 1, 1, -1 ], [ -1, 1, 1, 0 ] ], 
  [ [ -1, 1, 1, 0 ], [ -1, 0, 0, 1 ], [ 0, 0, 0, -1 ], [ 0, 0, 1, -1 ] ], 
  [ [ 0, -1, -1, 0 ], [ 1, -1, 0, -1 ], [ 0, 0, -1, 1 ], [ 0, 0, -1, 0 ] ], 
  [ [ 0, -1, -1, 1 ], [ 1, -1, -1, 0 ], [ -1, 1, 0, 1 ], [ -1, 0, -1, 1 ] ], 
  [ [ 0, -1, 0, 0 ], [ 1, -1, 0, 0 ], [ -1, 0, -1, 1 ], [ 0, -1, -1, 0 ] ], 
  [ [ 0, 0, -1, 0 ], [ 0, 0, 0, -1 ], [ 1, 0, 0, 0 ], [ 0, 1, 0, 0 ] ], 
  [ [ 0, 0, -1, 1 ], [ 0, 0, -1, 0 ], [ 0, 1, 1, 0 ], [ -1, 1, 0, 1 ] ], 
  [ [ 0, 0, 0, -1 ], [ 0, 0, 1, -1 ], [ 1, -1, -1, 0 ], [ 1, 0, 0, -1 ] ], 
  [ [ 0, 0, 0, 1 ], [ 0, 0, -1, 1 ], [ -1, 1, 1, 0 ], [ -1, 0, 0, 1 ] ], 
  [ [ 0, 0, 1, -1 ], [ 0, 0, 1, 0 ], [ 0, -1, -1, 0 ], [ 1, -1, 0, -1 ] ], 
  [ [ 0, 0, 1, 0 ], [ 0, 0, 0, 1 ], [ -1, 0, 0, 0 ], [ 0, -1, 0, 0 ] ], 
  [ [ 0, 1, 0, 0 ], [ -1, 1, 0, 0 ], [ 1, 0, 1, -1 ], [ 0, 1, 1, 0 ] ], 
  [ [ 0, 1, 1, -1 ], [ -1, 1, 1, 0 ], [ 1, -1, 0, -1 ], [ 1, 0, 1, -1 ] ], 
  [ [ 0, 1, 1, 0 ], [ -1, 1, 0, 1 ], [ 0, 0, 1, -1 ], [ 0, 0, 1, 0 ] ], 
  [ [ 1, -1, -1, 0 ], [ 1, 0, 0, -1 ], [ 0, 0, 0, 1 ], [ 0, 0, -1, 1 ] ], 
  [ [ 1, -1, 0, -1 ], [ 1, 0, 1, -1 ], [ 0, -1, -1, 1 ], [ 1, -1, -1, 0 ] ], 
  [ [ 1, -1, 0, 0 ], [ 1, 0, 0, 0 ], [ -1, 0, 0, 1 ], [ 0, -1, -1, 1 ] ], 
  [ [ 1, 0, 0, -1 ], [ 0, 1, 1, -1 ], [ 1, -1, 0, 0 ], [ 1, 0, 0, 0 ] ], 
  [ [ 1, 0, 0, 0 ], [ 0, 1, 0, 0 ], [ 0, 0, 1, 0 ], [ 0, 0, 0, 1 ] ], 
  [ [ 1, 0, 1, -1 ], [ 0, 1, 1, 0 ], [ 0, -1, 0, 0 ], [ 1, -1, 0, 0 ] ] ]),BoundaryImage:=rec(ListIFace:=[  ],ListSign:=[  ],ListElt:=[  ]))],[rec(TheMatrixStab:=Group([ [ [ -1, 0, 0, 0 ], [ 0, -1, 0, 0 ], [ 0, 0, -1, 0 ], [ 0, 0, 0, -1 ] ], 
  [ [ -1, 1, 1, -1 ], [ -1, 0, 1, 0 ], [ 0, 0, 0, -1 ], [ 0, 0, 1, -1 ] ], 
  [ [ 0, -1, -1, 1 ], [ 1, -1, -1, 0 ], [ 0, 0, -1, 1 ], [ 0, 0, -1, 0 ] ], 
  [ [ 0, 1, 1, -1 ], [ -1, 1, 1, 0 ], [ 0, 0, 1, -1 ], [ 0, 0, 1, 0 ] ], 
  [ [ 1, -1, -1, 1 ], [ 1, 0, -1, 0 ], [ 0, 0, 0, 1 ], [ 0, 0, -1, 1 ] ], 
  [ [ 1, 0, 0, 0 ], [ 0, 1, 0, 0 ], [ 0, 0, 1, 0 ], [ 0, 0, 0, 1 ] ] ]),TheRotSubgroup:=Group([ [ [ -1, 0, 0, 0 ], [ 0, -1, 0, 0 ], [ 0, 0, -1, 0 ], [ 0, 0, 0, -1 ] ], 
  [ [ -1, 1, 1, -1 ], [ -1, 0, 1, 0 ], [ 0, 0, 0, -1 ], [ 0, 0, 1, -1 ] ], 
  [ [ 0, -1, -1, 1 ], [ 1, -1, -1, 0 ], [ 0, 0, -1, 1 ], [ 0, 0, -1, 0 ] ], 
  [ [ 0, 1, 1, -1 ], [ -1, 1, 1, 0 ], [ 0, 0, 1, -1 ], [ 0, 0, 1, 0 ] ], 
  [ [ 1, -1, -1, 1 ], [ 1, 0, -1, 0 ], [ 0, 0, 0, 1 ], [ 0, 0, -1, 1 ] ], 
  [ [ 1, 0, 0, 0 ], [ 0, 1, 0, 0 ], [ 0, 0, 1, 0 ], [ 0, 0, 0, 1 ] ] ]),BoundaryImage:=rec(ListIFace:=[ 1, 2 ],ListSign:=[ -1, 1 ],ListElt:=[ [ [ 1, 0, -1, 0 ], [ 0, 1, 0, -1 ], [ 1, 0, 0, 0 ], [ 0, 1, 0, 0 ] ], 
  [ [ 0, 1, 0, 0 ], [ -1, 1, 0, 0 ], [ 1, 1, 1, -1 ], [ -1, 2, 1, 0 ] ] ]))],[rec(TheMatrixStab:=Group([ [ [ -2, 0, 1, 1 ], [ 0, -2, -1, 2 ], [ -2, 1, 1, 0 ], [ -1, -1, 0, 1 ] ], 
  [ [ -1, 0, 0, 0 ], [ 0, -1, 0, 0 ], [ 0, 0, -1, 0 ], [ 0, 0, 0, -1 ] ], 
  [ [ -1, 0, 1, 1 ], [ 0, -1, -1, 2 ], [ -2, 1, 2, 0 ], [ -1, -1, 0, 2 ] ], 
  [ [ -1, 2, 1, -1 ], [ -2, 1, 1, 0 ], [ 0, 2, 1, -2 ], [ -2, 2, 2, -1 ] ], 
  [ [ -1, 2, 2, -2 ], [ -2, 1, 2, 0 ], [ 0, 1, 1, -2 ], [ -1, 1, 2, -1 ] ], 
  [ [ 0, 0, -1, 1 ], [ 0, 0, -1, 0 ], [ 0, 1, 0, 0 ], [ -1, 1, 0, 0 ] ], 
  [ [ 0, 0, 1, -1 ], [ 0, 0, 1, 0 ], [ 0, -1, 0, 0 ], [ 1, -1, 0, 0 ] ], 
  [ [ 1, -2, -2, 2 ], [ 2, -1, -2, 0 ], [ 0, -1, -1, 2 ], [ 1, -1, -2, 1 ] ], 
  [ [ 1, -2, -1, 1 ], [ 2, -1, -1, 0 ], [ 0, -2, -1, 2 ], [ 2, -2, -2, 1 ] ], 
  [ [ 1, 0, -1, -1 ], [ 0, 1, 1, -2 ], [ 2, -1, -2, 0 ], [ 1, 1, 0, -2 ] ], 
  [ [ 1, 0, 0, 0 ], [ 0, 1, 0, 0 ], [ 0, 0, 1, 0 ], [ 0, 0, 0, 1 ] ], 
  [ [ 2, 0, -1, -1 ], [ 0, 2, 1, -2 ], [ 2, -1, -1, 0 ], [ 1, 1, 0, -1 ] ] ]),TheRotSubgroup:=Group([ [ [ -2, 0, 1, 1 ], [ 0, -2, -1, 2 ], [ -2, 1, 1, 0 ], [ -1, -1, 0, 1 ] ], 
  [ [ -1, 0, 0, 0 ], [ 0, -1, 0, 0 ], [ 0, 0, -1, 0 ], [ 0, 0, 0, -1 ] ], 
  [ [ -1, 0, 1, 1 ], [ 0, -1, -1, 2 ], [ -2, 1, 2, 0 ], [ -1, -1, 0, 2 ] ], 
  [ [ 1, 0, -1, -1 ], [ 0, 1, 1, -2 ], [ 2, -1, -2, 0 ], [ 1, 1, 0, -2 ] ], 
  [ [ 1, 0, 0, 0 ], [ 0, 1, 0, 0 ], [ 0, 0, 1, 0 ], [ 0, 0, 0, 1 ] ], 
  [ [ 2, 0, -1, -1 ], [ 0, 2, 1, -2 ], [ 2, -1, -1, 0 ], [ 1, 1, 0, -1 ] ] ]),BoundaryImage:=rec(ListIFace:=[ 1, 1, 1, 1, 1, 1 ],ListSign:=[ 1, -1, 1, -1, -1, 1 ],ListElt:=[ [ [ 1, 0, 0, 0 ], [ 0, 1, 0, 0 ], [ 0, 0, 1, 0 ], [ 0, 0, 0, 1 ] ], 
  [ [ 0, 0, 0, 1 ], [ 0, 0, -1, 1 ], [ -1, 1, 1, 0 ], [ -1, 0, 0, 1 ] ], 
  [ [ -2, 2, 1, 0 ], [ -2, 0, 0, 1 ], [ -1, 2, 1, -1 ], [ -2, 1, 1, 0 ] ], 
  [ [ 1, -2, -2, 2 ], [ 2, -1, -2, 0 ], [ 0, -1, -1, 2 ], [ 1, -1, -2, 1 ] ], 
  [ [ 2, -1, -1, 0 ], [ 1, 1, 0, -1 ], [ 2, -2, -1, 1 ], [ 2, 0, -1, 0 ] ], 
  [ [ -1, 0, 1, 1 ], [ 0, -1, -1, 2 ], [ -2, 1, 2, 0 ], [ -1, -1, 0, 2 ] ] ]))]];