HAP_GCOMPLEX_SETUP:=[false]; 
HAP_GCOMPLEX_LIST:=[[rec(TheMatrixStab:=Group([ [ [ -1, 0, 0, 0 ], [ 0, -1, 0, 0 ], [ 0, 0, -1, 0 ], [ 0, 0, 0, -1 ] ], 
  [ [ -1, 0, 1, 0 ], [ 0, -1, 0, 1 ], [ -1, 0, 0, 0 ], [ 0, -1, 0, 0 ] ], 
  [ [ 0, 0, -1, 0 ], [ 0, 0, 0, -1 ], [ 1, 0, -1, 0 ], [ 0, 1, 0, -1 ] ], 
  [ [ 0, 0, 1, 0 ], [ 0, 0, 0, 1 ], [ -1, 0, 1, 0 ], [ 0, -1, 0, 1 ] ], 
  [ [ 1, 0, -1, 0 ], [ 0, 1, 0, -1 ], [ 1, 0, 0, 0 ], [ 0, 1, 0, 0 ] ], 
  [ [ 1, 0, 0, 0 ], [ 0, 1, 0, 0 ], [ 0, 0, 1, 0 ], [ 0, 0, 0, 1 ] ] ]),TheRotSubgroup:=Group([ [ [ -1, 0, 0, 0 ], [ 0, -1, 0, 0 ], [ 0, 0, -1, 0 ], [ 0, 0, 0, -1 ] ], 
  [ [ -1, 0, 1, 0 ], [ 0, -1, 0, 1 ], [ -1, 0, 0, 0 ], [ 0, -1, 0, 0 ] ], 
  [ [ 0, 0, -1, 0 ], [ 0, 0, 0, -1 ], [ 1, 0, -1, 0 ], [ 0, 1, 0, -1 ] ], 
  [ [ 0, 0, 1, 0 ], [ 0, 0, 0, 1 ], [ -1, 0, 1, 0 ], [ 0, -1, 0, 1 ] ], 
  [ [ 1, 0, -1, 0 ], [ 0, 1, 0, -1 ], [ 1, 0, 0, 0 ], [ 0, 1, 0, 0 ] ], 
  [ [ 1, 0, 0, 0 ], [ 0, 1, 0, 0 ], [ 0, 0, 1, 0 ], [ 0, 0, 0, 1 ] ] ]),BoundaryImage:=rec(ListIFace:=[  ],ListSign:=[  ],ListElt:=[  ])),rec(TheMatrixStab:=Group([ [ [ -7, 0, 2, 1 ], [ 0, -7, -21, 2 ], [ -4, 2, 7, 0 ], [ -42, -4, 0, 7 ] ], 
  [ [ -5, -1, -2, 1 ], [ 21, -5, -21, -2 ], [ -8, 1, 5, 1 ], 
      [ -21, -8, -21, 5 ] ], 
  [ [ -2, 1, 3, 0 ], [ -21, -2, 0, 3 ], [ 6, 1, 1, -1 ], [ -21, 6, 21, 1 ] ], 
  [ [ -2, 1, 4, 0 ], [ -21, -2, 0, 4 ], [ 4, 1, 2, -1 ], [ -21, 4, 21, 2 ] ], 
  [ [ -1, 0, 0, 0 ], [ 0, -1, 0, 0 ], [ 0, 0, -1, 0 ], [ 0, 0, 0, -1 ] ], 
  [ [ -1, 1, 3, 0 ], [ -21, -1, 0, 3 ], [ 6, 1, 2, -1 ], [ -21, 6, 21, 2 ] ], 
  [ [ 1, -1, -3, 0 ], [ 21, 1, 0, -3 ], [ -6, -1, -2, 1 ], 
      [ 21, -6, -21, -2 ] ], 
  [ [ 1, 0, 0, 0 ], [ 0, 1, 0, 0 ], [ 0, 0, 1, 0 ], [ 0, 0, 0, 1 ] ], 
  [ [ 2, -1, -4, 0 ], [ 21, 2, 0, -4 ], [ -4, -1, -2, 1 ], 
      [ 21, -4, -21, -2 ] ], 
  [ [ 2, -1, -3, 0 ], [ 21, 2, 0, -3 ], [ -6, -1, -1, 1 ], 
      [ 21, -6, -21, -1 ] ], 
  [ [ 5, 1, 2, -1 ], [ -21, 5, 21, 2 ], [ 8, -1, -5, -1 ], [ 21, 8, 21, -5 ] ]
    , 
  [ [ 7, 0, -2, -1 ], [ 0, 7, 21, -2 ], [ 4, -2, -7, 0 ], [ 42, 4, 0, -7 ] ] ]),TheRotSubgroup:=Group([ [ [ -7, 0, 2, 1 ], [ 0, -7, -21, 2 ], [ -4, 2, 7, 0 ], [ -42, -4, 0, 7 ] ], 
  [ [ -5, -1, -2, 1 ], [ 21, -5, -21, -2 ], [ -8, 1, 5, 1 ], 
      [ -21, -8, -21, 5 ] ], 
  [ [ -2, 1, 3, 0 ], [ -21, -2, 0, 3 ], [ 6, 1, 1, -1 ], [ -21, 6, 21, 1 ] ], 
  [ [ -2, 1, 4, 0 ], [ -21, -2, 0, 4 ], [ 4, 1, 2, -1 ], [ -21, 4, 21, 2 ] ], 
  [ [ -1, 0, 0, 0 ], [ 0, -1, 0, 0 ], [ 0, 0, -1, 0 ], [ 0, 0, 0, -1 ] ], 
  [ [ -1, 1, 3, 0 ], [ -21, -1, 0, 3 ], [ 6, 1, 2, -1 ], [ -21, 6, 21, 2 ] ], 
  [ [ 1, -1, -3, 0 ], [ 21, 1, 0, -3 ], [ -6, -1, -2, 1 ], 
      [ 21, -6, -21, -2 ] ], 
  [ [ 1, 0, 0, 0 ], [ 0, 1, 0, 0 ], [ 0, 0, 1, 0 ], [ 0, 0, 0, 1 ] ], 
  [ [ 2, -1, -4, 0 ], [ 21, 2, 0, -4 ], [ -4, -1, -2, 1 ], 
      [ 21, -4, -21, -2 ] ], 
  [ [ 2, -1, -3, 0 ], [ 21, 2, 0, -3 ], [ -6, -1, -1, 1 ], 
      [ 21, -6, -21, -1 ] ], 
  [ [ 5, 1, 2, -1 ], [ -21, 5, 21, 2 ], [ 8, -1, -5, -1 ], [ 21, 8, 21, -5 ] ]
    , 
  [ [ 7, 0, -2, -1 ], [ 0, 7, 21, -2 ], [ 4, -2, -7, 0 ], [ 42, 4, 0, -7 ] ] ]),BoundaryImage:=rec(ListIFace:=[  ],ListSign:=[  ],ListElt:=[  ])),rec(TheMatrixStab:=Group([ [ [ -5, -1, 0, 1 ], [ 21, -5, -21, 0 ], [ -9, 0, 4, 1 ], [ 0, -9, -21, 4 ] ]
    , 
  [ [ -5, 1, 5, 0 ], [ -21, -5, 0, 5 ], [ -1, 2, 5, -1 ], [ -42, -1, 21, 5 ] ]
    , 
  [ [ -4, -1, 0, 1 ], [ 21, -4, -21, 0 ], [ -9, 0, 5, 1 ], [ 0, -9, -21, 5 ] ]
    , 
  [ [ -4, 1, 4, 0 ], [ -21, -4, 0, 4 ], [ 1, 2, 4, -1 ], [ -42, 1, 21, 4 ] ], 
  [ [ -1, 0, 0, 0 ], [ 0, -1, 0, 0 ], [ 0, 0, -1, 0 ], [ 0, 0, 0, -1 ] ], 
  [ [ -1, 0, 1, 0 ], [ 0, -1, 0, 1 ], [ -2, 0, 1, 0 ], [ 0, -2, 0, 1 ] ], 
  [ [ 1, 0, -1, 0 ], [ 0, 1, 0, -1 ], [ 2, 0, -1, 0 ], [ 0, 2, 0, -1 ] ], 
  [ [ 1, 0, 0, 0 ], [ 0, 1, 0, 0 ], [ 0, 0, 1, 0 ], [ 0, 0, 0, 1 ] ], 
  [ [ 4, -1, -4, 0 ], [ 21, 4, 0, -4 ], [ -1, -2, -4, 1 ], 
      [ 42, -1, -21, -4 ] ], 
  [ [ 4, 1, 0, -1 ], [ -21, 4, 21, 0 ], [ 9, 0, -5, -1 ], [ 0, 9, 21, -5 ] ], 
  [ [ 5, -1, -5, 0 ], [ 21, 5, 0, -5 ], [ 1, -2, -5, 1 ], [ 42, 1, -21, -5 ] ]
    , 
  [ [ 5, 1, 0, -1 ], [ -21, 5, 21, 0 ], [ 9, 0, -4, -1 ], [ 0, 9, 21, -4 ] ] ]),TheRotSubgroup:=Group([ [ [ -5, -1, 0, 1 ], [ 21, -5, -21, 0 ], [ -9, 0, 4, 1 ], [ 0, -9, -21, 4 ] ]
    , 
  [ [ -5, 1, 5, 0 ], [ -21, -5, 0, 5 ], [ -1, 2, 5, -1 ], [ -42, -1, 21, 5 ] ]
    , 
  [ [ -4, -1, 0, 1 ], [ 21, -4, -21, 0 ], [ -9, 0, 5, 1 ], [ 0, -9, -21, 5 ] ]
    , 
  [ [ -4, 1, 4, 0 ], [ -21, -4, 0, 4 ], [ 1, 2, 4, -1 ], [ -42, 1, 21, 4 ] ], 
  [ [ -1, 0, 0, 0 ], [ 0, -1, 0, 0 ], [ 0, 0, -1, 0 ], [ 0, 0, 0, -1 ] ], 
  [ [ -1, 0, 1, 0 ], [ 0, -1, 0, 1 ], [ -2, 0, 1, 0 ], [ 0, -2, 0, 1 ] ], 
  [ [ 1, 0, -1, 0 ], [ 0, 1, 0, -1 ], [ 2, 0, -1, 0 ], [ 0, 2, 0, -1 ] ], 
  [ [ 1, 0, 0, 0 ], [ 0, 1, 0, 0 ], [ 0, 0, 1, 0 ], [ 0, 0, 0, 1 ] ], 
  [ [ 4, -1, -4, 0 ], [ 21, 4, 0, -4 ], [ -1, -2, -4, 1 ], 
      [ 42, -1, -21, -4 ] ], 
  [ [ 4, 1, 0, -1 ], [ -21, 4, 21, 0 ], [ 9, 0, -5, -1 ], [ 0, 9, 21, -5 ] ], 
  [ [ 5, -1, -5, 0 ], [ 21, 5, 0, -5 ], [ 1, -2, -5, 1 ], [ 42, 1, -21, -5 ] ]
    , 
  [ [ 5, 1, 0, -1 ], [ -21, 5, 21, 0 ], [ 9, 0, -4, -1 ], [ 0, 9, 21, -4 ] ] ]),BoundaryImage:=rec(ListIFace:=[  ],ListSign:=[  ],ListElt:=[  ])),rec(TheMatrixStab:=Group([ [ [ -14, 8, 27, 0 ], [ -168, -14, 0, 27 ], [ 43, 8, 13, -8 ], 
      [ -168, 43, 168, 13 ] ], 
  [ [ -13, 8, 27, 0 ], [ -168, -13, 0, 27 ], [ 43, 8, 14, -8 ], 
      [ -168, 43, 168, 14 ] ], 
  [ [ -1, 0, 0, 0 ], [ 0, -1, 0, 0 ], [ 0, 0, -1, 0 ], [ 0, 0, 0, -1 ] ], 
  [ [ 1, 0, 0, 0 ], [ 0, 1, 0, 0 ], [ 0, 0, 1, 0 ], [ 0, 0, 0, 1 ] ], 
  [ [ 13, -8, -27, 0 ], [ 168, 13, 0, -27 ], [ -43, -8, -14, 8 ], 
      [ 168, -43, -168, -14 ] ], 
  [ [ 14, -8, -27, 0 ], [ 168, 14, 0, -27 ], [ -43, -8, -13, 8 ], 
      [ 168, -43, -168, -13 ] ] ]),TheRotSubgroup:=Group([ [ [ -14, 8, 27, 0 ], [ -168, -14, 0, 27 ], [ 43, 8, 13, -8 ], 
      [ -168, 43, 168, 13 ] ], 
  [ [ -13, 8, 27, 0 ], [ -168, -13, 0, 27 ], [ 43, 8, 14, -8 ], 
      [ -168, 43, 168, 14 ] ], 
  [ [ -1, 0, 0, 0 ], [ 0, -1, 0, 0 ], [ 0, 0, -1, 0 ], [ 0, 0, 0, -1 ] ], 
  [ [ 1, 0, 0, 0 ], [ 0, 1, 0, 0 ], [ 0, 0, 1, 0 ], [ 0, 0, 0, 1 ] ], 
  [ [ 13, -8, -27, 0 ], [ 168, 13, 0, -27 ], [ -43, -8, -14, 8 ], 
      [ 168, -43, -168, -14 ] ], 
  [ [ 14, -8, -27, 0 ], [ 168, 14, 0, -27 ], [ -43, -8, -13, 8 ], 
      [ 168, -43, -168, -13 ] ] ]),BoundaryImage:=rec(ListIFace:=[  ],ListSign:=[  ],ListElt:=[  ])),rec(TheMatrixStab:=Group([ [ [ -2, 1, 3, 0 ], [ -21, -2, 0, 3 ], [ 6, 1, 1, -1 ], [ -21, 6, 21, 1 ] ], 
  [ [ -1, 0, 0, 0 ], [ 0, -1, 0, 0 ], [ 0, 0, -1, 0 ], [ 0, 0, 0, -1 ] ], 
  [ [ -1, 1, 3, 0 ], [ -21, -1, 0, 3 ], [ 6, 1, 2, -1 ], [ -21, 6, 21, 2 ] ], 
  [ [ 1, -1, -3, 0 ], [ 21, 1, 0, -3 ], [ -6, -1, -2, 1 ], 
      [ 21, -6, -21, -2 ] ], 
  [ [ 1, 0, 0, 0 ], [ 0, 1, 0, 0 ], [ 0, 0, 1, 0 ], [ 0, 0, 0, 1 ] ], 
  [ [ 2, -1, -3, 0 ], [ 21, 2, 0, -3 ], [ -6, -1, -1, 1 ], 
      [ 21, -6, -21, -1 ] ] ]),TheRotSubgroup:=Group([ [ [ -2, 1, 3, 0 ], [ -21, -2, 0, 3 ], [ 6, 1, 1, -1 ], [ -21, 6, 21, 1 ] ], 
  [ [ -1, 0, 0, 0 ], [ 0, -1, 0, 0 ], [ 0, 0, -1, 0 ], [ 0, 0, 0, -1 ] ], 
  [ [ -1, 1, 3, 0 ], [ -21, -1, 0, 3 ], [ 6, 1, 2, -1 ], [ -21, 6, 21, 2 ] ], 
  [ [ 1, -1, -3, 0 ], [ 21, 1, 0, -3 ], [ -6, -1, -2, 1 ], 
      [ 21, -6, -21, -2 ] ], 
  [ [ 1, 0, 0, 0 ], [ 0, 1, 0, 0 ], [ 0, 0, 1, 0 ], [ 0, 0, 0, 1 ] ], 
  [ [ 2, -1, -3, 0 ], [ 21, 2, 0, -3 ], [ -6, -1, -1, 1 ], 
      [ 21, -6, -21, -1 ] ] ]),BoundaryImage:=rec(ListIFace:=[  ],ListSign:=[  ],ListElt:=[  ])),rec(TheMatrixStab:=Group([ [ [ -40, 13, 52, 2 ], [ -273, -40, -42, 52 ], [ 52, 18, 40, -13 ], 
      [ -378, 52, 273, 40 ] ], 
  [ [ -1, 0, 0, 0 ], [ 0, -1, 0, 0 ], [ 0, 0, -1, 0 ], [ 0, 0, 0, -1 ] ], 
  [ [ 1, 0, 0, 0 ], [ 0, 1, 0, 0 ], [ 0, 0, 1, 0 ], [ 0, 0, 0, 1 ] ], 
  [ [ 40, -13, -52, -2 ], [ 273, 40, 42, -52 ], [ -52, -18, -40, 13 ], 
      [ 378, -52, -273, -40 ] ] ]),TheRotSubgroup:=Group([ [ [ -40, 13, 52, 2 ], [ -273, -40, -42, 52 ], [ 52, 18, 40, -13 ], 
      [ -378, 52, 273, 40 ] ], 
  [ [ -1, 0, 0, 0 ], [ 0, -1, 0, 0 ], [ 0, 0, -1, 0 ], [ 0, 0, 0, -1 ] ], 
  [ [ 1, 0, 0, 0 ], [ 0, 1, 0, 0 ], [ 0, 0, 1, 0 ], [ 0, 0, 0, 1 ] ], 
  [ [ 40, -13, -52, -2 ], [ 273, 40, 42, -52 ], [ -52, -18, -40, 13 ], 
      [ 378, -52, -273, -40 ] ] ]),BoundaryImage:=rec(ListIFace:=[  ],ListSign:=[  ],ListElt:=[  ]))],[rec(TheMatrixStab:=Group([ [ [ -8, -1, 0, 2 ], [ 21, -8, -42, 0 ], [ -8, 1, 8, 1 ], 
      [ -21, -8, -21, 8 ] ], 
  [ [ -8, 1, 8, 1 ], [ -21, -8, -21, 8 ], [ 0, 2, 8, -1 ], [ -42, 0, 21, 8 ] ]
    , [ [ -1, 0, 0, 0 ], [ 0, -1, 0, 0 ], [ 0, 0, -1, 0 ], [ 0, 0, 0, -1 ] ], 
  [ [ -1, 0, 1, 0 ], [ 0, -1, 0, 1 ], [ -1, 0, 0, 0 ], [ 0, -1, 0, 0 ] ], 
  [ [ 0, -2, -8, 1 ], [ 42, 0, -21, -8 ], [ -8, -1, 0, 2 ], 
      [ 21, -8, -42, 0 ] ], 
  [ [ 0, 0, -1, 0 ], [ 0, 0, 0, -1 ], [ 1, 0, -1, 0 ], [ 0, 1, 0, -1 ] ], 
  [ [ 0, 0, 1, 0 ], [ 0, 0, 0, 1 ], [ -1, 0, 1, 0 ], [ 0, -1, 0, 1 ] ], 
  [ [ 0, 2, 8, -1 ], [ -42, 0, 21, 8 ], [ 8, 1, 0, -2 ], [ -21, 8, 42, 0 ] ], 
  [ [ 1, 0, -1, 0 ], [ 0, 1, 0, -1 ], [ 1, 0, 0, 0 ], [ 0, 1, 0, 0 ] ], 
  [ [ 1, 0, 0, 0 ], [ 0, 1, 0, 0 ], [ 0, 0, 1, 0 ], [ 0, 0, 0, 1 ] ], 
  [ [ 8, -1, -8, -1 ], [ 21, 8, 21, -8 ], [ 0, -2, -8, 1 ], 
      [ 42, 0, -21, -8 ] ], 
  [ [ 8, 1, 0, -2 ], [ -21, 8, 42, 0 ], [ 8, -1, -8, -1 ], [ 21, 8, 21, -8 ] 
     ] ]),TheRotSubgroup:=Group([ [ [ -1, 0, 0, 0 ], [ 0, -1, 0, 0 ], [ 0, 0, -1, 0 ], [ 0, 0, 0, -1 ] ], 
  [ [ -1, 0, 1, 0 ], [ 0, -1, 0, 1 ], [ -1, 0, 0, 0 ], [ 0, -1, 0, 0 ] ], 
  [ [ 0, 0, -1, 0 ], [ 0, 0, 0, -1 ], [ 1, 0, -1, 0 ], [ 0, 1, 0, -1 ] ], 
  [ [ 0, 0, 1, 0 ], [ 0, 0, 0, 1 ], [ -1, 0, 1, 0 ], [ 0, -1, 0, 1 ] ], 
  [ [ 1, 0, -1, 0 ], [ 0, 1, 0, -1 ], [ 1, 0, 0, 0 ], [ 0, 1, 0, 0 ] ], 
  [ [ 1, 0, 0, 0 ], [ 0, 1, 0, 0 ], [ 0, 0, 1, 0 ], [ 0, 0, 0, 1 ] ] ]),BoundaryImage:=rec(ListIFace:=[ 1, 1 ],ListSign:=[ -1, 1 ],ListElt:=[ [ [ 1, 0, 0, 0 ], [ 0, 1, 0, 0 ], [ 0, 0, 1, 0 ], [ 0, 0, 0, 1 ] ], 
  [ [ 0, -2, -8, 1 ], [ 42, 0, -21, -8 ], [ -8, -1, 0, 2 ], 
      [ 21, -8, -42, 0 ] ] ])),rec(TheMatrixStab:=Group([ [ [ -1, 0, 0, 0 ], [ 0, -1, 0, 0 ], [ 0, 0, -1, 0 ], [ 0, 0, 0, -1 ] ], 
  [ [ 1, 0, 0, 0 ], [ 0, 1, 0, 0 ], [ 0, 0, 1, 0 ], [ 0, 0, 0, 1 ] ] ]),TheRotSubgroup:=Group([ [ [ -1, 0, 0, 0 ], [ 0, -1, 0, 0 ], [ 0, 0, -1, 0 ], [ 0, 0, 0, -1 ] ], 
  [ [ 1, 0, 0, 0 ], [ 0, 1, 0, 0 ], [ 0, 0, 1, 0 ], [ 0, 0, 0, 1 ] ] ]),BoundaryImage:=rec(ListIFace:=[ 1, 2 ],ListSign:=[ -1, 1 ],ListElt:=[ [ [ 1, 0, -1, 0 ], [ 0, 1, 0, -1 ], [ 1, 0, 0, 0 ], [ 0, 1, 0, 0 ] ], 
  [ [ -1, 1, 3, 0 ], [ -21, -1, 0, 3 ], [ 6, 1, 2, -1 ], [ -21, 6, 21, 2 ] ] ])),rec(TheMatrixStab:=Group([ [ [ -1, 0, 0, 0 ], [ 0, -1, 0, 0 ], [ 0, 0, -1, 0 ], [ 0, 0, 0, -1 ] ], 
  [ [ 1, 0, 0, 0 ], [ 0, 1, 0, 0 ], [ 0, 0, 1, 0 ], [ 0, 0, 0, 1 ] ] ]),TheRotSubgroup:=Group([ [ [ -1, 0, 0, 0 ], [ 0, -1, 0, 0 ], [ 0, 0, -1, 0 ], [ 0, 0, 0, -1 ] ], 
  [ [ 1, 0, 0, 0 ], [ 0, 1, 0, 0 ], [ 0, 0, 1, 0 ], [ 0, 0, 0, 1 ] ] ]),BoundaryImage:=rec(ListIFace:=[ 1, 3 ],ListSign:=[ -1, 1 ],ListElt:=[ [ [ 0, 0, 1, 0 ], [ 0, 0, 0, 1 ], [ -1, 0, 1, 0 ], [ 0, -1, 0, 1 ] ], 
  [ [ 4, 1, 0, -1 ], [ -21, 4, 21, 0 ], [ 9, 0, -5, -1 ], [ 0, 9, 21, -5 ] ] ])),rec(TheMatrixStab:=Group([ [ [ -1, 0, 0, 0 ], [ 0, -1, 0, 0 ], [ -1, 0, 1, 0 ], [ 0, -1, 0, 1 ] ], 
  [ [ -1, 0, 0, 0 ], [ 0, -1, 0, 0 ], [ 0, 0, -1, 0 ], [ 0, 0, 0, -1 ] ], 
  [ [ -1, 0, 1, 0 ], [ 0, -1, 0, 1 ], [ -1, 0, 0, 0 ], [ 0, -1, 0, 0 ] ], 
  [ [ -1, 0, 1, 0 ], [ 0, -1, 0, 1 ], [ 0, 0, 1, 0 ], [ 0, 0, 0, 1 ] ], 
  [ [ 0, 0, -1, 0 ], [ 0, 0, 0, -1 ], [ -1, 0, 0, 0 ], [ 0, -1, 0, 0 ] ], 
  [ [ 0, 0, -1, 0 ], [ 0, 0, 0, -1 ], [ 1, 0, -1, 0 ], [ 0, 1, 0, -1 ] ], 
  [ [ 0, 0, 1, 0 ], [ 0, 0, 0, 1 ], [ -1, 0, 1, 0 ], [ 0, -1, 0, 1 ] ], 
  [ [ 0, 0, 1, 0 ], [ 0, 0, 0, 1 ], [ 1, 0, 0, 0 ], [ 0, 1, 0, 0 ] ], 
  [ [ 1, 0, -1, 0 ], [ 0, 1, 0, -1 ], [ 0, 0, -1, 0 ], [ 0, 0, 0, -1 ] ], 
  [ [ 1, 0, -1, 0 ], [ 0, 1, 0, -1 ], [ 1, 0, 0, 0 ], [ 0, 1, 0, 0 ] ], 
  [ [ 1, 0, 0, 0 ], [ 0, 1, 0, 0 ], [ 0, 0, 1, 0 ], [ 0, 0, 0, 1 ] ], 
  [ [ 1, 0, 0, 0 ], [ 0, 1, 0, 0 ], [ 1, 0, -1, 0 ], [ 0, 1, 0, -1 ] ] ]),TheRotSubgroup:=Group([ [ [ -1, 0, 0, 0 ], [ 0, -1, 0, 0 ], [ 0, 0, -1, 0 ], [ 0, 0, 0, -1 ] ], 
  [ [ -1, 0, 1, 0 ], [ 0, -1, 0, 1 ], [ -1, 0, 0, 0 ], [ 0, -1, 0, 0 ] ], 
  [ [ 0, 0, -1, 0 ], [ 0, 0, 0, -1 ], [ 1, 0, -1, 0 ], [ 0, 1, 0, -1 ] ], 
  [ [ 0, 0, 1, 0 ], [ 0, 0, 0, 1 ], [ -1, 0, 1, 0 ], [ 0, -1, 0, 1 ] ], 
  [ [ 1, 0, -1, 0 ], [ 0, 1, 0, -1 ], [ 1, 0, 0, 0 ], [ 0, 1, 0, 0 ] ], 
  [ [ 1, 0, 0, 0 ], [ 0, 1, 0, 0 ], [ 0, 0, 1, 0 ], [ 0, 0, 0, 1 ] ] ]),BoundaryImage:=rec(ListIFace:=[ 1, 1 ],ListSign:=[ -1, 1 ],ListElt:=[ [ [ 1, 0, -1, 0 ], [ 0, 1, 0, -1 ], [ 0, 0, -1, 0 ], [ 0, 0, 0, -1 ] ], 
  [ [ 0, 0, 1, 0 ], [ 0, 0, 0, 1 ], [ -1, 0, 1, 0 ], [ 0, -1, 0, 1 ] ] ])),rec(TheMatrixStab:=Group([ [ [ -1, 0, 0, 0 ], [ 0, -1, 0, 0 ], [ 0, 0, -1, 0 ], [ 0, 0, 0, -1 ] ], 
  [ [ 1, 0, 0, 0 ], [ 0, 1, 0, 0 ], [ 0, 0, 1, 0 ], [ 0, 0, 0, 1 ] ] ]),TheRotSubgroup:=Group([ [ [ -1, 0, 0, 0 ], [ 0, -1, 0, 0 ], [ 0, 0, -1, 0 ], [ 0, 0, 0, -1 ] ], 
  [ [ 1, 0, 0, 0 ], [ 0, 1, 0, 0 ], [ 0, 0, 1, 0 ], [ 0, 0, 0, 1 ] ] ]),BoundaryImage:=rec(ListIFace:=[ 2, 3 ],ListSign:=[ -1, 1 ],ListElt:=[ [ [ -1, 1, 3, 0 ], [ -21, -1, 0, 3 ], [ 6, 1, 2, -1 ], [ -21, 6, 21, 2 ] ], 
  [ [ 9, -4, -13, 1 ], [ 84, 9, -21, -13 ], [ -20, -4, 1, 4 ], 
      [ 84, -20, -84, 1 ] ] ])),rec(TheMatrixStab:=Group([ [ [ -1, 0, 0, 0 ], [ 0, -1, 0, 0 ], [ 0, 0, -1, 0 ], [ 0, 0, 0, -1 ] ], 
  [ [ 1, 0, 0, 0 ], [ 0, 1, 0, 0 ], [ 0, 0, 1, 0 ], [ 0, 0, 0, 1 ] ] ]),TheRotSubgroup:=Group([ [ [ -1, 0, 0, 0 ], [ 0, -1, 0, 0 ], [ 0, 0, -1, 0 ], [ 0, 0, 0, -1 ] ], 
  [ [ 1, 0, 0, 0 ], [ 0, 1, 0, 0 ], [ 0, 0, 1, 0 ], [ 0, 0, 0, 1 ] ] ]),BoundaryImage:=rec(ListIFace:=[ 2, 4 ],ListSign:=[ -1, 1 ],ListElt:=[ [ [ 1, 0, 0, 0 ], [ 0, 1, 0, 0 ], [ 0, 0, 1, 0 ], [ 0, 0, 0, 1 ] ], 
  [ [ 13, -8, -27, 0 ], [ 168, 13, 0, -27 ], [ -43, -8, -14, 8 ], 
      [ 168, -43, -168, -14 ] ] ])),rec(TheMatrixStab:=Group([ [ [ -1, 0, 0, 0 ], [ 0, -1, 0, 0 ], [ 0, 0, -1, 0 ], [ 0, 0, 0, -1 ] ], 
  [ [ 1, 0, 0, 0 ], [ 0, 1, 0, 0 ], [ 0, 0, 1, 0 ], [ 0, 0, 0, 1 ] ] ]),TheRotSubgroup:=Group([ [ [ -1, 0, 0, 0 ], [ 0, -1, 0, 0 ], [ 0, 0, -1, 0 ], [ 0, 0, 0, -1 ] ], 
  [ [ 1, 0, 0, 0 ], [ 0, 1, 0, 0 ], [ 0, 0, 1, 0 ], [ 0, 0, 0, 1 ] ] ]),BoundaryImage:=rec(ListIFace:=[ 2, 3 ],ListSign:=[ -1, 1 ],ListElt:=[ [ [ 7, 0, -2, -1 ], [ 0, 7, 21, -2 ], [ 4, -2, -7, 0 ], [ 42, 4, 0, -7 ] ], 
  [ [ -17, 0, 10, 2 ], [ 0, -17, -42, 10 ], [ -8, 5, 17, -2 ], 
      [ -105, -8, 42, 17 ] ] ])),rec(TheMatrixStab:=Group([ [ [ -2, 1, 3, 0 ], [ -21, -2, 0, 3 ], [ 6, 1, 1, -1 ], [ -21, 6, 21, 1 ] ], 
  [ [ -1, 0, 0, 0 ], [ 0, -1, 0, 0 ], [ 0, 0, -1, 0 ], [ 0, 0, 0, -1 ] ], 
  [ [ -1, 1, 3, 0 ], [ -21, -1, 0, 3 ], [ 6, 1, 2, -1 ], [ -21, 6, 21, 2 ] ], 
  [ [ 1, -1, -3, 0 ], [ 21, 1, 0, -3 ], [ -6, -1, -2, 1 ], 
      [ 21, -6, -21, -2 ] ], 
  [ [ 1, 0, 0, 0 ], [ 0, 1, 0, 0 ], [ 0, 0, 1, 0 ], [ 0, 0, 0, 1 ] ], 
  [ [ 2, -1, -3, 0 ], [ 21, 2, 0, -3 ], [ -6, -1, -1, 1 ], 
      [ 21, -6, -21, -1 ] ] ]),TheRotSubgroup:=Group([ [ [ -2, 1, 3, 0 ], [ -21, -2, 0, 3 ], [ 6, 1, 1, -1 ], [ -21, 6, 21, 1 ] ], 
  [ [ -1, 0, 0, 0 ], [ 0, -1, 0, 0 ], [ 0, 0, -1, 0 ], [ 0, 0, 0, -1 ] ], 
  [ [ -1, 1, 3, 0 ], [ -21, -1, 0, 3 ], [ 6, 1, 2, -1 ], [ -21, 6, 21, 2 ] ], 
  [ [ 1, -1, -3, 0 ], [ 21, 1, 0, -3 ], [ -6, -1, -2, 1 ], 
      [ 21, -6, -21, -2 ] ], 
  [ [ 1, 0, 0, 0 ], [ 0, 1, 0, 0 ], [ 0, 0, 1, 0 ], [ 0, 0, 0, 1 ] ], 
  [ [ 2, -1, -3, 0 ], [ 21, 2, 0, -3 ], [ -6, -1, -1, 1 ], 
      [ 21, -6, -21, -1 ] ] ]),BoundaryImage:=rec(ListIFace:=[ 2, 5 ],ListSign:=[ -1, 1 ],ListElt:=[ [ [ -2, 1, 3, 0 ], [ -21, -2, 0, 3 ], [ 6, 1, 1, -1 ], [ -21, 6, 21, 1 ] ], 
  [ [ 1, 0, 0, 0 ], [ 0, 1, 0, 0 ], [ 0, 0, 1, 0 ], [ 0, 0, 0, 1 ] ] ])),rec(TheMatrixStab:=Group([ [ [ -1, 0, 0, 0 ], [ 0, -1, 0, 0 ], [ 0, 0, -1, 0 ], [ 0, 0, 0, -1 ] ], 
  [ [ 1, 0, 0, 0 ], [ 0, 1, 0, 0 ], [ 0, 0, 1, 0 ], [ 0, 0, 0, 1 ] ] ]),TheRotSubgroup:=Group([ [ [ -1, 0, 0, 0 ], [ 0, -1, 0, 0 ], [ 0, 0, -1, 0 ], [ 0, 0, 0, -1 ] ], 
  [ [ 1, 0, 0, 0 ], [ 0, 1, 0, 0 ], [ 0, 0, 1, 0 ], [ 0, 0, 0, 1 ] ] ]),BoundaryImage:=rec(ListIFace:=[ 3, 4 ],ListSign:=[ -1, 1 ],ListElt:=[ [ [ 4, -1, -4, 0 ], [ 21, 4, 0, -4 ], [ -1, -2, -4, 1 ], 
      [ 42, -1, -21, -4 ] ], 
  [ [ -3, 2, 7, 0 ], [ -42, -3, 0, 7 ], [ 2, 3, 9, -1 ], [ -63, 2, 21, 9 ] ] ])),rec(TheMatrixStab:=Group([ [ [ -5, -1, 0, 1 ], [ 21, -5, -21, 0 ], [ -9, 0, 4, 1 ], [ 0, -9, -21, 4 ] ]
    , 
  [ [ -4, -1, 0, 1 ], [ 21, -4, -21, 0 ], [ -9, 0, 5, 1 ], [ 0, -9, -21, 5 ] ]
    , [ [ -1, 0, 0, 0 ], [ 0, -1, 0, 0 ], [ 0, 0, -1, 0 ], [ 0, 0, 0, -1 ] ], 
  [ [ 1, 0, 0, 0 ], [ 0, 1, 0, 0 ], [ 0, 0, 1, 0 ], [ 0, 0, 0, 1 ] ], 
  [ [ 4, 1, 0, -1 ], [ -21, 4, 21, 0 ], [ 9, 0, -5, -1 ], [ 0, 9, 21, -5 ] ], 
  [ [ 5, 1, 0, -1 ], [ -21, 5, 21, 0 ], [ 9, 0, -4, -1 ], [ 0, 9, 21, -4 ] ] ]),TheRotSubgroup:=Group([ [ [ -5, -1, 0, 1 ], [ 21, -5, -21, 0 ], [ -9, 0, 4, 1 ], [ 0, -9, -21, 4 ] ]
    , 
  [ [ -4, -1, 0, 1 ], [ 21, -4, -21, 0 ], [ -9, 0, 5, 1 ], [ 0, -9, -21, 5 ] ]
    , [ [ -1, 0, 0, 0 ], [ 0, -1, 0, 0 ], [ 0, 0, -1, 0 ], [ 0, 0, 0, -1 ] ], 
  [ [ 1, 0, 0, 0 ], [ 0, 1, 0, 0 ], [ 0, 0, 1, 0 ], [ 0, 0, 0, 1 ] ], 
  [ [ 4, 1, 0, -1 ], [ -21, 4, 21, 0 ], [ 9, 0, -5, -1 ], [ 0, 9, 21, -5 ] ], 
  [ [ 5, 1, 0, -1 ], [ -21, 5, 21, 0 ], [ 9, 0, -4, -1 ], [ 0, 9, 21, -4 ] ] ]),BoundaryImage:=rec(ListIFace:=[ 3, 5 ],ListSign:=[ -1, 1 ],ListElt:=[ [ [ 4, -1, -4, 0 ], [ 21, 4, 0, -4 ], [ -1, -2, -4, 1 ], 
      [ 42, -1, -21, -4 ] ], 
  [ [ 17, -2, -11, -2 ], [ 42, 17, 42, -11 ], [ 11, -6, -22, 0 ], 
      [ 126, 11, 0, -22 ] ] ])),rec(TheMatrixStab:=Group([ [ [ -97, -8, 0, 16 ], [ 168, -97, -336, 0 ], [ -97, 24, 97, 8 ], 
      [ -504, -97, -168, 97 ] ], 
  [ [ -83, 16, 69, 8 ], [ -336, -83, -168, 69 ], [ 56, 32, 83, -16 ], 
      [ -672, 56, 336, 83 ] ], 
  [ [ -14, -24, -69, 8 ], [ 504, -14, -168, -69 ], [ -153, -8, 14, 24 ], 
      [ 168, -153, -504, 14 ] ], 
  [ [ -14, 8, 27, 0 ], [ -168, -14, 0, 27 ], [ 43, 8, 13, -8 ], 
      [ -168, 43, 168, 13 ] ], 
  [ [ -13, 8, 27, 0 ], [ -168, -13, 0, 27 ], [ 43, 8, 14, -8 ], 
      [ -168, 43, 168, 14 ] ], 
  [ [ -1, 0, 0, 0 ], [ 0, -1, 0, 0 ], [ 0, 0, -1, 0 ], [ 0, 0, 0, -1 ] ], 
  [ [ 1, 0, 0, 0 ], [ 0, 1, 0, 0 ], [ 0, 0, 1, 0 ], [ 0, 0, 0, 1 ] ], 
  [ [ 13, -8, -27, 0 ], [ 168, 13, 0, -27 ], [ -43, -8, -14, 8 ], 
      [ 168, -43, -168, -14 ] ], 
  [ [ 14, -8, -27, 0 ], [ 168, 14, 0, -27 ], [ -43, -8, -13, 8 ], 
      [ 168, -43, -168, -13 ] ], 
  [ [ 14, 24, 69, -8 ], [ -504, 14, 168, 69 ], [ 153, 8, -14, -24 ], 
      [ -168, 153, 504, -14 ] ], 
  [ [ 83, -16, -69, -8 ], [ 336, 83, 168, -69 ], [ -56, -32, -83, 16 ], 
      [ 672, -56, -336, -83 ] ], 
  [ [ 97, 8, 0, -16 ], [ -168, 97, 336, 0 ], [ 97, -24, -97, -8 ], 
      [ 504, 97, 168, -97 ] ] ]),TheRotSubgroup:=Group([ [ [ -14, 8, 27, 0 ], [ -168, -14, 0, 27 ], [ 43, 8, 13, -8 ], 
      [ -168, 43, 168, 13 ] ], 
  [ [ -13, 8, 27, 0 ], [ -168, -13, 0, 27 ], [ 43, 8, 14, -8 ], 
      [ -168, 43, 168, 14 ] ], 
  [ [ -1, 0, 0, 0 ], [ 0, -1, 0, 0 ], [ 0, 0, -1, 0 ], [ 0, 0, 0, -1 ] ], 
  [ [ 1, 0, 0, 0 ], [ 0, 1, 0, 0 ], [ 0, 0, 1, 0 ], [ 0, 0, 0, 1 ] ], 
  [ [ 13, -8, -27, 0 ], [ 168, 13, 0, -27 ], [ -43, -8, -14, 8 ], 
      [ 168, -43, -168, -14 ] ], 
  [ [ 14, -8, -27, 0 ], [ 168, 14, 0, -27 ], [ -43, -8, -13, 8 ], 
      [ 168, -43, -168, -13 ] ] ]),BoundaryImage:=rec(ListIFace:=[ 4, 4 ],ListSign:=[ -1, 1 ],ListElt:=[ [ [ -97, -8, 0, 16 ], [ 168, -97, -336, 0 ], [ -97, 24, 97, 8 ], 
      [ -504, -97, -168, 97 ] ], 
  [ [ -13, 8, 27, 0 ], [ -168, -13, 0, 27 ], [ 43, 8, 14, -8 ], 
      [ -168, 43, 168, 14 ] ] ])),rec(TheMatrixStab:=Group([ [ [ -64, -5, 0, 10 ], [ 105, -64, -210, 0 ], [ -64, 17, 64, 5 ], 
      [ -357, -64, -105, 64 ] ], 
  [ [ -56, 12, 48, 5 ], [ -252, -56, -105, 48 ], [ 48, 23, 56, -12 ], 
      [ -483, 48, 252, 56 ] ], 
  [ [ -14, 8, 27, 0 ], [ -168, -14, 0, 27 ], [ 43, 8, 13, -8 ], 
      [ -168, 43, 168, 13 ] ], 
  [ [ -13, 8, 27, 0 ], [ -168, -13, 0, 27 ], [ 43, 8, 14, -8 ], 
      [ -168, 43, 168, 14 ] ], 
  [ [ -8, -17, -48, 5 ], [ 357, -8, -105, -48 ], [ -112, -6, 8, 17 ], 
      [ 126, -112, -357, 8 ] ], 
  [ [ -1, 0, 0, 0 ], [ 0, -1, 0, 0 ], [ 0, 0, -1, 0 ], [ 0, 0, 0, -1 ] ], 
  [ [ 1, 0, 0, 0 ], [ 0, 1, 0, 0 ], [ 0, 0, 1, 0 ], [ 0, 0, 0, 1 ] ], 
  [ [ 8, 17, 48, -5 ], [ -357, 8, 105, 48 ], [ 112, 6, -8, -17 ], 
      [ -126, 112, 357, -8 ] ], 
  [ [ 13, -8, -27, 0 ], [ 168, 13, 0, -27 ], [ -43, -8, -14, 8 ], 
      [ 168, -43, -168, -14 ] ], 
  [ [ 14, -8, -27, 0 ], [ 168, 14, 0, -27 ], [ -43, -8, -13, 8 ], 
      [ 168, -43, -168, -13 ] ], 
  [ [ 56, -12, -48, -5 ], [ 252, 56, 105, -48 ], [ -48, -23, -56, 12 ], 
      [ 483, -48, -252, -56 ] ], 
  [ [ 64, 5, 0, -10 ], [ -105, 64, 210, 0 ], [ 64, -17, -64, -5 ], 
      [ 357, 64, 105, -64 ] ] ]),TheRotSubgroup:=Group([ [ [ -14, 8, 27, 0 ], [ -168, -14, 0, 27 ], [ 43, 8, 13, -8 ], 
      [ -168, 43, 168, 13 ] ], 
  [ [ -13, 8, 27, 0 ], [ -168, -13, 0, 27 ], [ 43, 8, 14, -8 ], 
      [ -168, 43, 168, 14 ] ], 
  [ [ -1, 0, 0, 0 ], [ 0, -1, 0, 0 ], [ 0, 0, -1, 0 ], [ 0, 0, 0, -1 ] ], 
  [ [ 1, 0, 0, 0 ], [ 0, 1, 0, 0 ], [ 0, 0, 1, 0 ], [ 0, 0, 0, 1 ] ], 
  [ [ 13, -8, -27, 0 ], [ 168, 13, 0, -27 ], [ -43, -8, -14, 8 ], 
      [ 168, -43, -168, -14 ] ], 
  [ [ 14, -8, -27, 0 ], [ 168, 14, 0, -27 ], [ -43, -8, -13, 8 ], 
      [ 168, -43, -168, -13 ] ] ]),BoundaryImage:=rec(ListIFace:=[ 4, 4 ],ListSign:=[ -1, 1 ],ListElt:=[ [ [ 13, -8, -27, 0 ], [ 168, 13, 0, -27 ], [ -43, -8, -14, 8 ], 
      [ 168, -43, -168, -14 ] ], 
  [ [ -8, -17, -48, 5 ], [ 357, -8, -105, -48 ], [ -112, -6, 8, 17 ], 
      [ 126, -112, -357, 8 ] ] ])),rec(TheMatrixStab:=Group([ [ [ -1, 0, 0, 0 ], [ 0, -1, 0, 0 ], [ 0, 0, -1, 0 ], [ 0, 0, 0, -1 ] ], 
  [ [ 1, 0, 0, 0 ], [ 0, 1, 0, 0 ], [ 0, 0, 1, 0 ], [ 0, 0, 0, 1 ] ] ]),TheRotSubgroup:=Group([ [ [ -1, 0, 0, 0 ], [ 0, -1, 0, 0 ], [ 0, 0, -1, 0 ], [ 0, 0, 0, -1 ] ], 
  [ [ 1, 0, 0, 0 ], [ 0, 1, 0, 0 ], [ 0, 0, 1, 0 ], [ 0, 0, 0, 1 ] ] ]),BoundaryImage:=rec(ListIFace:=[ 5, 6 ],ListSign:=[ -1, 1 ],ListElt:=[ [ [ -1, 1, 3, 0 ], [ -21, -1, 0, 3 ], [ 6, 1, 2, -1 ], [ -21, 6, 21, 2 ] ], 
  [ [ -40, 13, 52, 2 ], [ -273, -40, -42, 52 ], [ 52, 18, 40, -13 ], 
      [ -378, 52, 273, 40 ] ] ])),rec(TheMatrixStab:=Group([ [ [ -1, 0, 0, 0 ], [ 0, -1, 0, 0 ], [ 0, 0, -1, 0 ], [ 0, 0, 0, -1 ] ], 
  [ [ 1, 0, 0, 0 ], [ 0, 1, 0, 0 ], [ 0, 0, 1, 0 ], [ 0, 0, 0, 1 ] ] ]),TheRotSubgroup:=Group([ [ [ -1, 0, 0, 0 ], [ 0, -1, 0, 0 ], [ 0, 0, -1, 0 ], [ 0, 0, 0, -1 ] ], 
  [ [ 1, 0, 0, 0 ], [ 0, 1, 0, 0 ], [ 0, 0, 1, 0 ], [ 0, 0, 0, 1 ] ] ]),BoundaryImage:=rec(ListIFace:=[ 5, 6 ],ListSign:=[ -1, 1 ],ListElt:=[ [ [ 1, 0, 0, 0 ], [ 0, 1, 0, 0 ], [ 0, 0, 1, 0 ], [ 0, 0, 0, 1 ] ], 
  [ [ 26, 1, -5, -4 ], [ -21, 26, 84, -5 ], [ 20, -6, -24, -1 ], 
      [ 126, 20, 21, -24 ] ] ])),rec(TheMatrixStab:=Group([ [ [ -65, 12, 57, 6 ], [ -252, -65, -126, 57 ], [ 32, 24, 65, -12 ], 
      [ -504, 32, 252, 65 ] ], 
  [ [ -40, 13, 52, 2 ], [ -273, -40, -42, 52 ], [ 52, 18, 40, -13 ], 
      [ -378, 52, 273, 40 ] ], 
  [ [ -20, -13, -34, 7 ], [ 273, -20, -147, -34 ], [ -84, -2, 20, 13 ], 
      [ 42, -84, -273, 20 ] ], 
  [ [ -1, 0, 0, 0 ], [ 0, -1, 0, 0 ], [ 0, 0, -1, 0 ], [ 0, 0, 0, -1 ] ], 
  [ [ 1, 0, 0, 0 ], [ 0, 1, 0, 0 ], [ 0, 0, 1, 0 ], [ 0, 0, 0, 1 ] ], 
  [ [ 20, 13, 34, -7 ], [ -273, 20, 147, 34 ], [ 84, 2, -20, -13 ], 
      [ -42, 84, 273, -20 ] ], 
  [ [ 40, -13, -52, -2 ], [ 273, 40, 42, -52 ], [ -52, -18, -40, 13 ], 
      [ 378, -52, -273, -40 ] ], 
  [ [ 65, -12, -57, -6 ], [ 252, 65, 126, -57 ], [ -32, -24, -65, 12 ], 
      [ 504, -32, -252, -65 ] ] ]),TheRotSubgroup:=Group([ [ [ -40, 13, 52, 2 ], [ -273, -40, -42, 52 ], [ 52, 18, 40, -13 ], 
      [ -378, 52, 273, 40 ] ], 
  [ [ -1, 0, 0, 0 ], [ 0, -1, 0, 0 ], [ 0, 0, -1, 0 ], [ 0, 0, 0, -1 ] ], 
  [ [ 1, 0, 0, 0 ], [ 0, 1, 0, 0 ], [ 0, 0, 1, 0 ], [ 0, 0, 0, 1 ] ], 
  [ [ 40, -13, -52, -2 ], [ 273, 40, 42, -52 ], [ -52, -18, -40, 13 ], 
      [ 378, -52, -273, -40 ] ] ]),BoundaryImage:=rec(ListIFace:=[ 6, 6 ],ListSign:=[ -1, 1 ],ListElt:=[ [ [ 65, -12, -57, -6 ], [ 252, 65, 126, -57 ], [ -32, -24, -65, 12 ], 
      [ 504, -32, -252, -65 ] ], 
  [ [ -1, 0, 0, 0 ], [ 0, -1, 0, 0 ], [ 0, 0, -1, 0 ], [ 0, 0, 0, -1 ] ] ])),rec(TheMatrixStab:=Group([ [ [ -76, 0, 22, 11 ], [ 0, -76, -231, 22 ], [ -42, 21, 76, 0 ], 
      [ -441, -42, 0, 76 ] ], 
  [ [ -40, 13, 52, 2 ], [ -273, -40, -42, 52 ], [ 52, 18, 40, -13 ], 
      [ -378, 52, 273, 40 ] ], 
  [ [ -26, 20, 69, -2 ], [ -420, -26, 42, 69 ], [ 101, 18, 26, -20 ], 
      [ -378, 101, 420, 26 ] ], 
  [ [ -1, 0, 0, 0 ], [ 0, -1, 0, 0 ], [ 0, 0, -1, 0 ], [ 0, 0, 0, -1 ] ], 
  [ [ 1, 0, 0, 0 ], [ 0, 1, 0, 0 ], [ 0, 0, 1, 0 ], [ 0, 0, 0, 1 ] ], 
  [ [ 26, -20, -69, 2 ], [ 420, 26, -42, -69 ], [ -101, -18, -26, 20 ], 
      [ 378, -101, -420, -26 ] ], 
  [ [ 40, -13, -52, -2 ], [ 273, 40, 42, -52 ], [ -52, -18, -40, 13 ], 
      [ 378, -52, -273, -40 ] ], 
  [ [ 76, 0, -22, -11 ], [ 0, 76, 231, -22 ], [ 42, -21, -76, 0 ], 
      [ 441, 42, 0, -76 ] ] ]),TheRotSubgroup:=Group([ [ [ -40, 13, 52, 2 ], [ -273, -40, -42, 52 ], [ 52, 18, 40, -13 ], 
      [ -378, 52, 273, 40 ] ], 
  [ [ -1, 0, 0, 0 ], [ 0, -1, 0, 0 ], [ 0, 0, -1, 0 ], [ 0, 0, 0, -1 ] ], 
  [ [ 1, 0, 0, 0 ], [ 0, 1, 0, 0 ], [ 0, 0, 1, 0 ], [ 0, 0, 0, 1 ] ], 
  [ [ 40, -13, -52, -2 ], [ 273, 40, 42, -52 ], [ -52, -18, -40, 13 ], 
      [ 378, -52, -273, -40 ] ] ]),BoundaryImage:=rec(ListIFace:=[ 6, 6 ],ListSign:=[ -1, 1 ],ListElt:=[ [ [ 1, 0, 0, 0 ], [ 0, 1, 0, 0 ], [ 0, 0, 1, 0 ], [ 0, 0, 0, 1 ] ], 
  [ [ 76, 0, -22, -11 ], [ 0, 76, 231, -22 ], [ 42, -21, -76, 0 ], 
      [ 441, 42, 0, -76 ] ] ]))],[rec(TheMatrixStab:=Group([ [ [ -8, -1, 0, 2 ], [ 21, -8, -42, 0 ], [ -8, 1, 8, 1 ], 
      [ -21, -8, -21, 8 ] ], 
  [ [ -5, 2, 10, 0 ], [ -42, -5, 0, 10 ], [ 6, 2, 5, -2 ], [ -42, 6, 42, 5 ] ]
    , 
  [ [ -2, 1, 4, 0 ], [ -21, -2, 0, 4 ], [ 4, 1, 2, -1 ], [ -21, 4, 21, 2 ] ], 
  [ [ -1, 0, 0, 0 ], [ 0, -1, 0, 0 ], [ 0, 0, -1, 0 ], [ 0, 0, 0, -1 ] ], 
  [ [ 1, 0, 0, 0 ], [ 0, 1, 0, 0 ], [ 0, 0, 1, 0 ], [ 0, 0, 0, 1 ] ], 
  [ [ 2, -1, -4, 0 ], [ 21, 2, 0, -4 ], [ -4, -1, -2, 1 ], 
      [ 21, -4, -21, -2 ] ], 
  [ [ 5, -2, -10, 0 ], [ 42, 5, 0, -10 ], [ -6, -2, -5, 2 ], 
      [ 42, -6, -42, -5 ] ], 
  [ [ 8, 1, 0, -2 ], [ -21, 8, 42, 0 ], [ 8, -1, -8, -1 ], [ 21, 8, 21, -8 ] 
     ] ]),TheRotSubgroup:=Group([ [ [ -5, 2, 10, 0 ], [ -42, -5, 0, 10 ], [ 6, 2, 5, -2 ], [ -42, 6, 42, 5 ] ]
    , [ [ -1, 0, 0, 0 ], [ 0, -1, 0, 0 ], [ 0, 0, -1, 0 ], [ 0, 0, 0, -1 ] ], 
  [ [ 1, 0, 0, 0 ], [ 0, 1, 0, 0 ], [ 0, 0, 1, 0 ], [ 0, 0, 0, 1 ] ], 
  [ [ 5, -2, -10, 0 ], [ 42, 5, 0, -10 ], [ -6, -2, -5, 2 ], 
      [ 42, -6, -42, -5 ] ] ]),BoundaryImage:=rec(ListIFace:=[ 1, 2, 2, 2, 1, 2 ],ListSign:=[ 1, 1, -1, -1, 1, 1 ],ListElt:=[ [ [ -8, 1, 8, 1 ], [ -21, -8, -21, 8 ], [ 0, 2, 8, -1 ], [ -42, 0, 21, 8 ] ]
    , [ [ -1, 0, 0, 0 ], [ 0, -1, 0, 0 ], [ 0, 0, -1, 0 ], [ 0, 0, 0, -1 ] ], 
  [ [ -2, 1, 4, 0 ], [ -21, -2, 0, 4 ], [ 4, 1, 2, -1 ], [ -21, 4, 21, 2 ] ], 
  [ [ -8, -1, 0, 2 ], [ 21, -8, -42, 0 ], [ -8, 1, 8, 1 ], 
      [ -21, -8, -21, 8 ] ], 
  [ [ 2, 1, 2, -1 ], [ -21, 2, 21, 2 ], [ 6, 0, -4, -1 ], [ 0, 6, 21, -4 ] ], 
  [ [ -5, 2, 10, 0 ], [ -42, -5, 0, 10 ], [ 6, 2, 5, -2 ], [ -42, 6, 42, 5 ] 
     ] ])),rec(TheMatrixStab:=Group([ [ [ -1, 0, 0, 0 ], [ 0, -1, 0, 0 ], [ 0, 0, -1, 0 ], [ 0, 0, 0, -1 ] ], 
  [ [ 1, 0, 0, 0 ], [ 0, 1, 0, 0 ], [ 0, 0, 1, 0 ], [ 0, 0, 0, 1 ] ] ]),TheRotSubgroup:=Group([ [ [ -1, 0, 0, 0 ], [ 0, -1, 0, 0 ], [ 0, 0, -1, 0 ], [ 0, 0, 0, -1 ] ], 
  [ [ 1, 0, 0, 0 ], [ 0, 1, 0, 0 ], [ 0, 0, 1, 0 ], [ 0, 0, 0, 1 ] ] ]),BoundaryImage:=rec(ListIFace:=[ 2, 7, 3 ],ListSign:=[ 1, 1, -1 ],ListElt:=[ [ [ -1, 0, 0, 0 ], [ 0, -1, 0, 0 ], [ 0, 0, -1, 0 ], [ 0, 0, 0, -1 ] ], 
  [ [ -5, -1, -2, 1 ], [ 21, -5, -21, -2 ], [ -8, 1, 5, 1 ], 
      [ -21, -8, -21, 5 ] ], 
  [ [ -1, 0, 0, 0 ], [ 0, -1, 0, 0 ], [ 0, 0, -1, 0 ], [ 0, 0, 0, -1 ] ] ])),rec(TheMatrixStab:=Group([ [ [ -1, 0, 0, 0 ], [ 0, -1, 0, 0 ], [ 0, 0, -1, 0 ], [ 0, 0, 0, -1 ] ], 
  [ [ 1, 0, 0, 0 ], [ 0, 1, 0, 0 ], [ 0, 0, 1, 0 ], [ 0, 0, 0, 1 ] ] ]),TheRotSubgroup:=Group([ [ [ -1, 0, 0, 0 ], [ 0, -1, 0, 0 ], [ 0, 0, -1, 0 ], [ 0, 0, 0, -1 ] ], 
  [ [ 1, 0, 0, 0 ], [ 0, 1, 0, 0 ], [ 0, 0, 1, 0 ], [ 0, 0, 0, 1 ] ] ]),BoundaryImage:=rec(ListIFace:=[ 2, 5, 3 ],ListSign:=[ 1, 1, -1 ],ListElt:=[ [ [ -1, 0, 0, 0 ], [ 0, -1, 0, 0 ], [ 0, 0, -1, 0 ], [ 0, 0, 0, -1 ] ], 
  [ [ 5, 1, 2, -1 ], [ -21, 5, 21, 2 ], [ 8, -1, -5, -1 ], [ 21, 8, 21, -5 ] ]
    , [ [ 1, 0, -1, 0 ], [ 0, 1, 0, -1 ], [ 1, 0, 0, 0 ], [ 0, 1, 0, 0 ] ] ])),rec(TheMatrixStab:=Group([ [ [ -1, 0, 0, 0 ], [ 0, -1, 0, 0 ], [ -2, 0, 1, 0 ], [ 0, -2, 0, 1 ] ], 
  [ [ -1, 0, 0, 0 ], [ 0, -1, 0, 0 ], [ 0, 0, -1, 0 ], [ 0, 0, 0, -1 ] ], 
  [ [ -1, 0, 1, 0 ], [ 0, -1, 0, 1 ], [ -2, 0, 1, 0 ], [ 0, -2, 0, 1 ] ], 
  [ [ -1, 0, 1, 0 ], [ 0, -1, 0, 1 ], [ 0, 0, 1, 0 ], [ 0, 0, 0, 1 ] ], 
  [ [ 1, 0, -1, 0 ], [ 0, 1, 0, -1 ], [ 0, 0, -1, 0 ], [ 0, 0, 0, -1 ] ], 
  [ [ 1, 0, -1, 0 ], [ 0, 1, 0, -1 ], [ 2, 0, -1, 0 ], [ 0, 2, 0, -1 ] ], 
  [ [ 1, 0, 0, 0 ], [ 0, 1, 0, 0 ], [ 0, 0, 1, 0 ], [ 0, 0, 0, 1 ] ], 
  [ [ 1, 0, 0, 0 ], [ 0, 1, 0, 0 ], [ 2, 0, -1, 0 ], [ 0, 2, 0, -1 ] ] ]),TheRotSubgroup:=Group([ [ [ -1, 0, 0, 0 ], [ 0, -1, 0, 0 ], [ -2, 0, 1, 0 ], [ 0, -2, 0, 1 ] ], 
  [ [ -1, 0, 0, 0 ], [ 0, -1, 0, 0 ], [ 0, 0, -1, 0 ], [ 0, 0, 0, -1 ] ], 
  [ [ 1, 0, 0, 0 ], [ 0, 1, 0, 0 ], [ 0, 0, 1, 0 ], [ 0, 0, 0, 1 ] ], 
  [ [ 1, 0, 0, 0 ], [ 0, 1, 0, 0 ], [ 2, 0, -1, 0 ], [ 0, 2, 0, -1 ] ] ]),BoundaryImage:=rec(ListIFace:=[ 3, 4, 3, 3, 4, 3 ],ListSign:=[ 1, -1, -1, -1, -1, 1 ],ListElt:=[ [ [ -1, 0, 0, 0 ], [ 0, -1, 0, 0 ], [ 0, 0, -1, 0 ], [ 0, 0, 0, -1 ] ], 
  [ [ 0, 0, -1, 0 ], [ 0, 0, 0, -1 ], [ -1, 0, 0, 0 ], [ 0, -1, 0, 0 ] ], 
  [ [ 1, 0, -1, 0 ], [ 0, 1, 0, -1 ], [ 2, 0, -1, 0 ], [ 0, 2, 0, -1 ] ], 
  [ [ -1, 0, 1, 0 ], [ 0, -1, 0, 1 ], [ 0, 0, 1, 0 ], [ 0, 0, 0, 1 ] ], 
  [ [ 1, 0, -1, 0 ], [ 0, 1, 0, -1 ], [ 2, 0, -1, 0 ], [ 0, 2, 0, -1 ] ], 
  [ [ -1, 0, 0, 0 ], [ 0, -1, 0, 0 ], [ -2, 0, 1, 0 ], [ 0, -2, 0, 1 ] ] ])),rec(TheMatrixStab:=Group([ [ [ -1, 0, 0, 0 ], [ 0, -1, 0, 0 ], [ 0, 0, -1, 0 ], [ 0, 0, 0, -1 ] ], 
  [ [ 1, 0, 0, 0 ], [ 0, 1, 0, 0 ], [ 0, 0, 1, 0 ], [ 0, 0, 0, 1 ] ] ]),TheRotSubgroup:=Group([ [ [ -1, 0, 0, 0 ], [ 0, -1, 0, 0 ], [ 0, 0, -1, 0 ], [ 0, 0, 0, -1 ] ], 
  [ [ 1, 0, 0, 0 ], [ 0, 1, 0, 0 ], [ 0, 0, 1, 0 ], [ 0, 0, 0, 1 ] ] ]),BoundaryImage:=rec(ListIFace:=[ 5, 9, 6 ],ListSign:=[ 1, 1, -1 ],ListElt:=[ [ [ -1, 0, 0, 0 ], [ 0, -1, 0, 0 ], [ 0, 0, -1, 0 ], [ 0, 0, 0, -1 ] ], 
  [ [ -12, 2, 11, 0 ], [ -42, -12, 0, 11 ], [ 7, 4, 4, -3 ], 
      [ -84, 7, 63, 4 ] ], 
  [ [ 1, -1, -3, 0 ], [ 21, 1, 0, -3 ], [ -6, -1, -2, 1 ], 
      [ 21, -6, -21, -2 ] ] ])),rec(TheMatrixStab:=Group([ [ [ -1, 0, 0, 0 ], [ 0, -1, 0, 0 ], [ 0, 0, -1, 0 ], [ 0, 0, 0, -1 ] ], 
  [ [ 1, 0, 0, 0 ], [ 0, 1, 0, 0 ], [ 0, 0, 1, 0 ], [ 0, 0, 0, 1 ] ] ]),TheRotSubgroup:=Group([ [ [ -1, 0, 0, 0 ], [ 0, -1, 0, 0 ], [ 0, 0, -1, 0 ], [ 0, 0, 0, -1 ] ], 
  [ [ 1, 0, 0, 0 ], [ 0, 1, 0, 0 ], [ 0, 0, 1, 0 ], [ 0, 0, 0, 1 ] ] ]),BoundaryImage:=rec(ListIFace:=[ 5, 7, 8, 8, 14, 13 ],ListSign:=[ 1, -1, -1, 1, -1, 1 ],ListElt:=[ [ [ -1, 0, 0, 0 ], [ 0, -1, 0, 0 ], [ 0, 0, -1, 0 ], [ 0, 0, 0, -1 ] ], 
  [ [ -32, 3, 17, 4 ], [ -63, -32, -84, 17 ], [ 4, 10, 30, -3 ], 
      [ -210, 4, 63, 30 ] ], 
  [ [ -2, 1, 3, 0 ], [ -21, -2, 0, 3 ], [ 6, 1, 1, -1 ], [ -21, 6, 21, 1 ] ], 
  [ [ -13, 6, 22, 0 ], [ -126, -13, 0, 22 ], [ 29, 6, 9, -6 ], 
      [ -126, 29, 126, 9 ] ], 
  [ [ -2, 1, 3, 0 ], [ -21, -2, 0, 3 ], [ 6, 1, 1, -1 ], [ -21, 6, 21, 1 ] ], 
  [ [ -13, 6, 22, 0 ], [ -126, -13, 0, 22 ], [ 29, 6, 9, -6 ], 
      [ -126, 29, 126, 9 ] ] ])),rec(TheMatrixStab:=Group([ [ [ -1, 0, 0, 0 ], [ 0, -1, 0, 0 ], [ 0, 0, -1, 0 ], [ 0, 0, 0, -1 ] ], 
  [ [ 1, 0, 0, 0 ], [ 0, 1, 0, 0 ], [ 0, 0, 1, 0 ], [ 0, 0, 0, 1 ] ] ]),TheRotSubgroup:=Group([ [ [ -1, 0, 0, 0 ], [ 0, -1, 0, 0 ], [ 0, 0, -1, 0 ], [ 0, 0, 0, -1 ] ], 
  [ [ 1, 0, 0, 0 ], [ 0, 1, 0, 0 ], [ 0, 0, 1, 0 ], [ 0, 0, 0, 1 ] ] ]),BoundaryImage:=rec(ListIFace:=[ 5, 7, 10, 10, 13, 14 ],ListSign:=[ 1, -1, -1, 1, -1, 1 ],ListElt:=[ [ [ -1, 0, 0, 0 ], [ 0, -1, 0, 0 ], [ 0, 0, -1, 0 ], [ 0, 0, 0, -1 ] ], 
  [ [ -7, 0, 2, 1 ], [ 0, -7, -21, 2 ], [ -4, 2, 7, 0 ], [ -42, -4, 0, 7 ] ], 
  [ [ -14, -1, 5, 2 ], [ 21, -14, -42, 5 ], [ -10, 4, 14, -1 ], 
      [ -84, -10, 21, 14 ] ], 
  [ [ -3, -2, -2, 1 ], [ 42, -3, -21, -2 ], [ -13, 0, 5, 1 ], 
      [ 0, -13, -21, 5 ] ], 
  [ [ 0, 7, 22, -2 ], [ -147, 0, 42, 22 ], [ 43, 2, -6, -7 ], 
      [ -42, 43, 147, -6 ] ], 
  [ [ -32, 3, 19, 4 ], [ -63, -32, -84, 19 ], [ 7, 10, 30, -4 ], 
      [ -210, 7, 84, 30 ] ] ])),rec(TheMatrixStab:=Group([ [ [ -1, 0, 0, 0 ], [ 0, -1, 0, 0 ], [ 0, 0, -1, 0 ], [ 0, 0, 0, -1 ] ], 
  [ [ 1, 0, 0, 0 ], [ 0, 1, 0, 0 ], [ 0, 0, 1, 0 ], [ 0, 0, 0, 1 ] ] ]),TheRotSubgroup:=Group([ [ [ -1, 0, 0, 0 ], [ 0, -1, 0, 0 ], [ 0, 0, -1, 0 ], [ 0, 0, 0, -1 ] ], 
  [ [ 1, 0, 0, 0 ], [ 0, 1, 0, 0 ], [ 0, 0, 1, 0 ], [ 0, 0, 0, 1 ] ] ]),BoundaryImage:=rec(ListIFace:=[ 6, 7, 9 ],ListSign:=[ 1, -1, -1 ],ListElt:=[ [ [ -1, 0, 0, 0 ], [ 0, -1, 0, 0 ], [ 0, 0, -1, 0 ], [ 0, 0, 0, -1 ] ], 
  [ [ 1, 0, 0, 0 ], [ 0, 1, 0, 0 ], [ 0, 0, 1, 0 ], [ 0, 0, 0, 1 ] ], 
  [ [ 9, -1, -7, 0 ], [ 21, 9, 0, -7 ], [ -2, -3, -3, 2 ], 
      [ 63, -2, -42, -3 ] ] ])),rec(TheMatrixStab:=Group([ [ [ -64, -5, 0, 10 ], [ 105, -64, -210, 0 ], [ -64, 17, 64, 5 ], 
      [ -357, -64, -105, 64 ] ], 
  [ [ -23, 14, 46, 0 ], [ -294, -23, 0, 46 ], [ 78, 14, 23, -14 ], 
      [ -294, 78, 294, 23 ] ], 
  [ [ -2, 1, 4, 0 ], [ -21, -2, 0, 4 ], [ 4, 1, 2, -1 ], [ -21, 4, 21, 2 ] ], 
  [ [ -1, 0, 0, 0 ], [ 0, -1, 0, 0 ], [ 0, 0, -1, 0 ], [ 0, 0, 0, -1 ] ], 
  [ [ 1, 0, 0, 0 ], [ 0, 1, 0, 0 ], [ 0, 0, 1, 0 ], [ 0, 0, 0, 1 ] ], 
  [ [ 2, -1, -4, 0 ], [ 21, 2, 0, -4 ], [ -4, -1, -2, 1 ], 
      [ 21, -4, -21, -2 ] ], 
  [ [ 23, -14, -46, 0 ], [ 294, 23, 0, -46 ], [ -78, -14, -23, 14 ], 
      [ 294, -78, -294, -23 ] ], 
  [ [ 64, 5, 0, -10 ], [ -105, 64, 210, 0 ], [ 64, -17, -64, -5 ], 
      [ 357, 64, 105, -64 ] ] ]),TheRotSubgroup:=Group([ [ [ -23, 14, 46, 0 ], [ -294, -23, 0, 46 ], [ 78, 14, 23, -14 ], 
      [ -294, 78, 294, 23 ] ], 
  [ [ -1, 0, 0, 0 ], [ 0, -1, 0, 0 ], [ 0, 0, -1, 0 ], [ 0, 0, 0, -1 ] ], 
  [ [ 1, 0, 0, 0 ], [ 0, 1, 0, 0 ], [ 0, 0, 1, 0 ], [ 0, 0, 0, 1 ] ], 
  [ [ 23, -14, -46, 0 ], [ 294, 23, 0, -46 ], [ -78, -14, -23, 14 ], 
      [ 294, -78, -294, -23 ] ] ]),BoundaryImage:=rec(ListIFace:=[ 6, 6, 12, 12, 6, 6 ],ListSign:=[ 1, -1, 1, 1, -1, 1 ],ListElt:=[ [ [ 1, 0, 0, 0 ], [ 0, 1, 0, 0 ], [ 0, 0, 1, 0 ], [ 0, 0, 0, 1 ] ], 
  [ [ -2, 1, 4, 0 ], [ -21, -2, 0, 4 ], [ 4, 1, 2, -1 ], [ -21, 4, 21, 2 ] ], 
  [ [ -14, 8, 27, 0 ], [ -168, -14, 0, 27 ], [ 43, 8, 13, -8 ], 
      [ -168, 43, 168, 13 ] ], 
  [ [ 75, -2, -23, -10 ], [ 42, 75, 210, -23 ], [ 25, -24, -76, 2 ], 
      [ 504, 25, -42, -76 ] ], 
  [ [ -64, -5, 0, 10 ], [ 105, -64, -210, 0 ], [ -64, 17, 64, 5 ], 
      [ -357, -64, -105, 64 ] ], 
  [ [ 23, -14, -46, 0 ], [ 294, 23, 0, -46 ], [ -78, -14, -23, 14 ], 
      [ 294, -78, -294, -23 ] ] ])),rec(TheMatrixStab:=Group([ [ [ -19, 3, 19, 0 ], [ -63, -19, 0, 19 ], [ -9, 6, 19, -3 ], 
      [ -126, -9, 63, 19 ] ], 
  [ [ -13, -4, 0, 4 ], [ 84, -13, -84, 0 ], [ -26, -2, 13, 4 ], 
      [ 42, -26, -84, 13 ] ], 
  [ [ -5, 1, 5, 0 ], [ -21, -5, 0, 5 ], [ -1, 2, 5, -1 ], [ -42, -1, 21, 5 ] ]
    , [ [ -1, 0, 0, 0 ], [ 0, -1, 0, 0 ], [ 0, 0, -1, 0 ], [ 0, 0, 0, -1 ] ], 
  [ [ 1, 0, 0, 0 ], [ 0, 1, 0, 0 ], [ 0, 0, 1, 0 ], [ 0, 0, 0, 1 ] ], 
  [ [ 5, -1, -5, 0 ], [ 21, 5, 0, -5 ], [ 1, -2, -5, 1 ], [ 42, 1, -21, -5 ] ]
    , 
  [ [ 13, 4, 0, -4 ], [ -84, 13, 84, 0 ], [ 26, 2, -13, -4 ], 
      [ -42, 26, 84, -13 ] ], 
  [ [ 19, -3, -19, 0 ], [ 63, 19, 0, -19 ], [ 9, -6, -19, 3 ], 
      [ 126, 9, -63, -19 ] ] ]),TheRotSubgroup:=Group([ [ [ -13, -4, 0, 4 ], [ 84, -13, -84, 0 ], [ -26, -2, 13, 4 ], 
      [ 42, -26, -84, 13 ] ], 
  [ [ -1, 0, 0, 0 ], [ 0, -1, 0, 0 ], [ 0, 0, -1, 0 ], [ 0, 0, 0, -1 ] ], 
  [ [ 1, 0, 0, 0 ], [ 0, 1, 0, 0 ], [ 0, 0, 1, 0 ], [ 0, 0, 0, 1 ] ], 
  [ [ 13, 4, 0, -4 ], [ -84, 13, 84, 0 ], [ 26, 2, -13, -4 ], 
      [ -42, 26, 84, -13 ] ] ]),BoundaryImage:=rec(ListIFace:=[ 9, 11, 9, 9, 9, 11 ],ListSign:=[ 1, -1, -1, -1, 1, -1 ],ListElt:=[ [ [ -1, 0, 0, 0 ], [ 0, -1, 0, 0 ], [ 0, 0, -1, 0 ], [ 0, 0, 0, -1 ] ], 
  [ [ -3, 2, 7, 0 ], [ -42, -3, 0, 7 ], [ 2, 3, 9, -1 ], [ -63, 2, 21, 9 ] ], 
  [ [ -5, 1, 5, 0 ], [ -21, -5, 0, 5 ], [ -1, 2, 5, -1 ], [ -42, -1, 21, 5 ] ]
    , 
  [ [ -19, 3, 19, 0 ], [ -63, -19, 0, 19 ], [ -9, 6, 19, -3 ], 
      [ -126, -9, 63, 19 ] ], 
  [ [ -13, -4, 0, 4 ], [ 84, -13, -84, 0 ], [ -26, -2, 13, 4 ], 
      [ 42, -26, -84, 13 ] ], 
  [ [ 52, -6, -31, -6 ], [ 126, 52, 126, -31 ], [ 31, -14, -50, -1 ], 
      [ 294, 31, 21, -50 ] ] ])),rec(TheMatrixStab:=Group([ [ [ -5, 12, 39, -3 ], [ -252, -5, 63, 39 ], [ 64, 8, 5, -12 ], 
      [ -168, 64, 252, 5 ] ], 
  [ [ -1, 0, 0, 0 ], [ 0, -1, 0, 0 ], [ 0, 0, -1, 0 ], [ 0, 0, 0, -1 ] ], 
  [ [ 1, 0, 0, 0 ], [ 0, 1, 0, 0 ], [ 0, 0, 1, 0 ], [ 0, 0, 0, 1 ] ], 
  [ [ 5, -12, -39, 3 ], [ 252, 5, -63, -39 ], [ -64, -8, -5, 12 ], 
      [ 168, -64, -252, -5 ] ] ]),TheRotSubgroup:=Group([ [ [ -5, 12, 39, -3 ], [ -252, -5, 63, 39 ], [ 64, 8, 5, -12 ], 
      [ -168, 64, 252, 5 ] ], 
  [ [ -1, 0, 0, 0 ], [ 0, -1, 0, 0 ], [ 0, 0, -1, 0 ], [ 0, 0, 0, -1 ] ], 
  [ [ 1, 0, 0, 0 ], [ 0, 1, 0, 0 ], [ 0, 0, 1, 0 ], [ 0, 0, 0, 1 ] ], 
  [ [ 5, -12, -39, 3 ], [ 252, 5, -63, -39 ], [ -64, -8, -5, 12 ], 
      [ 168, -64, -252, -5 ] ] ]),BoundaryImage:=rec(ListIFace:=[ 13, 14, 15, 13, 15, 14 ],ListSign:=[ 1, -1, 1, 1, -1, -1 ],ListElt:=[ [ [ -1, 0, 0, 0 ], [ 0, -1, 0, 0 ], [ 0, 0, -1, 0 ], [ 0, 0, 0, -1 ] ], 
  [ [ -1, 0, 0, 0 ], [ 0, -1, 0, 0 ], [ 0, 0, -1, 0 ], [ 0, 0, 0, -1 ] ], 
  [ [ 26, 1, -5, -4 ], [ -21, 26, 84, -5 ], [ 20, -6, -24, -1 ], 
      [ 126, 20, 21, -24 ] ], 
  [ [ 5, -12, -39, 3 ], [ 252, 5, -63, -39 ], [ -64, -8, -5, 12 ], 
      [ 168, -64, -252, -5 ] ], 
  [ [ 40, -13, -52, -2 ], [ 273, 40, 42, -52 ], [ -52, -18, -40, 13 ], 
      [ 378, -52, -273, -40 ] ], 
  [ [ 5, -12, -39, 3 ], [ 252, 5, -63, -39 ], [ -64, -8, -5, 12 ], 
      [ 168, -64, -252, -5 ] ] ])),rec(TheMatrixStab:=Group([ [ [ -62, 7, 39, 7 ], [ -147, -62, -147, 39 ], [ 7, 21, 62, -7 ], 
      [ -441, 7, 147, 62 ] ], 
  [ [ -1, 0, 0, 0 ], [ 0, -1, 0, 0 ], [ 0, 0, -1, 0 ], [ 0, 0, 0, -1 ] ], 
  [ [ 1, 0, 0, 0 ], [ 0, 1, 0, 0 ], [ 0, 0, 1, 0 ], [ 0, 0, 0, 1 ] ], 
  [ [ 62, -7, -39, -7 ], [ 147, 62, 147, -39 ], [ -7, -21, -62, 7 ], 
      [ 441, -7, -147, -62 ] ] ]),TheRotSubgroup:=Group([ [ [ -62, 7, 39, 7 ], [ -147, -62, -147, 39 ], [ 7, 21, 62, -7 ], 
      [ -441, 7, 147, 62 ] ], 
  [ [ -1, 0, 0, 0 ], [ 0, -1, 0, 0 ], [ 0, 0, -1, 0 ], [ 0, 0, 0, -1 ] ], 
  [ [ 1, 0, 0, 0 ], [ 0, 1, 0, 0 ], [ 0, 0, 1, 0 ], [ 0, 0, 0, 1 ] ], 
  [ [ 62, -7, -39, -7 ], [ 147, 62, 147, -39 ], [ -7, -21, -62, 7 ], 
      [ 441, -7, -147, -62 ] ] ]),BoundaryImage:=rec(ListIFace:=[ 13, 16, 14, 14, 16, 13 ],ListSign:=[ 1, 1, -1, -1, -1, 1 ],ListElt:=[ [ [ -1, 0, 0, 0 ], [ 0, -1, 0, 0 ], [ 0, 0, -1, 0 ], [ 0, 0, 0, -1 ] ], 
  [ [ -40, 13, 52, 2 ], [ -273, -40, -42, 52 ], [ 52, 18, 40, -13 ], 
      [ -378, 52, 273, 40 ] ], 
  [ [ -2, -12, -39, 4 ], [ 252, -2, -84, -39 ], [ -71, -6, 2, 13 ], 
      [ 126, -71, -273, 2 ] ], 
  [ [ 1, -1, -3, 0 ], [ 21, 1, 0, -3 ], [ -6, -1, -2, 1 ], 
      [ 21, -6, -21, -2 ] ], 
  [ [ -13, -7, -17, 4 ], [ 147, -13, -84, -17 ], [ -49, 0, 15, 7 ], 
      [ 0, -49, -147, 15 ] ], 
  [ [ -62, 7, 39, 7 ], [ -147, -62, -147, 39 ], [ 7, 21, 62, -7 ], 
      [ -441, 7, 147, 62 ] ] ]))]];