HAP_GCOMPLEX_SETUP:=[false]; 
HAP_GCOMPLEX_LIST:=[[rec(TheMatrixStab:=Group([ [ [ -1, 0, 0, 0 ], [ 0, -1, 0, 0 ], [ 0, 0, -1, 0 ], [ 0, 0, 0, -1 ] ], 
  [ [ -1, 0, 1, 0 ], [ 0, -1, 0, 1 ], [ -1, 0, 0, 0 ], [ 0, -1, 0, 0 ] ], 
  [ [ 0, 0, -1, 0 ], [ 0, 0, 0, -1 ], [ 1, 0, -1, 0 ], [ 0, 1, 0, -1 ] ], 
  [ [ 0, 0, 1, 0 ], [ 0, 0, 0, 1 ], [ -1, 0, 1, 0 ], [ 0, -1, 0, 1 ] ], 
  [ [ 1, 0, -1, 0 ], [ 0, 1, 0, -1 ], [ 1, 0, 0, 0 ], [ 0, 1, 0, 0 ] ], 
  [ [ 1, 0, 0, 0 ], [ 0, 1, 0, 0 ], [ 0, 0, 1, 0 ], [ 0, 0, 0, 1 ] ] ]),TheRotSubgroup:=Group([ [ [ -1, 0, 0, 0 ], [ 0, -1, 0, 0 ], [ 0, 0, -1, 0 ], [ 0, 0, 0, -1 ] ], 
  [ [ -1, 0, 1, 0 ], [ 0, -1, 0, 1 ], [ -1, 0, 0, 0 ], [ 0, -1, 0, 0 ] ], 
  [ [ 0, 0, -1, 0 ], [ 0, 0, 0, -1 ], [ 1, 0, -1, 0 ], [ 0, 1, 0, -1 ] ], 
  [ [ 0, 0, 1, 0 ], [ 0, 0, 0, 1 ], [ -1, 0, 1, 0 ], [ 0, -1, 0, 1 ] ], 
  [ [ 1, 0, -1, 0 ], [ 0, 1, 0, -1 ], [ 1, 0, 0, 0 ], [ 0, 1, 0, 0 ] ], 
  [ [ 1, 0, 0, 0 ], [ 0, 1, 0, 0 ], [ 0, 0, 1, 0 ], [ 0, 0, 0, 1 ] ] ]),BoundaryImage:=rec(ListIFace:=[  ],ListSign:=[  ],ListElt:=[  ])),rec(TheMatrixStab:=Group([ [ [ -1, 0, 0, 0 ], [ 0, -1, 0, 0 ], [ 0, 0, -1, 0 ], [ 0, 0, 0, -1 ] ], 
  [ [ -1, 1, 2, 0 ], [ -10, -1, 0, 2 ], [ 4, 1, 1, -1 ], [ -10, 4, 10, 1 ] ], 
  [ [ 1, -1, -2, 0 ], [ 10, 1, 0, -2 ], [ -4, -1, -1, 1 ], 
      [ 10, -4, -10, -1 ] ], 
  [ [ 1, 0, 0, 0 ], [ 0, 1, 0, 0 ], [ 0, 0, 1, 0 ], [ 0, 0, 0, 1 ] ] ]),TheRotSubgroup:=Group([ [ [ -1, 0, 0, 0 ], [ 0, -1, 0, 0 ], [ 0, 0, -1, 0 ], [ 0, 0, 0, -1 ] ], 
  [ [ -1, 1, 2, 0 ], [ -10, -1, 0, 2 ], [ 4, 1, 1, -1 ], [ -10, 4, 10, 1 ] ], 
  [ [ 1, -1, -2, 0 ], [ 10, 1, 0, -2 ], [ -4, -1, -1, 1 ], 
      [ 10, -4, -10, -1 ] ], 
  [ [ 1, 0, 0, 0 ], [ 0, 1, 0, 0 ], [ 0, 0, 1, 0 ], [ 0, 0, 0, 1 ] ] ]),BoundaryImage:=rec(ListIFace:=[  ],ListSign:=[  ],ListElt:=[  ]))],[rec(TheMatrixStab:=Group([ [ [ -11, -2, 0, 4 ], [ 20, -11, -40, 0 ], [ -11, 2, 11, 2 ], 
      [ -20, -11, -20, 11 ] ], 
  [ [ -11, 2, 11, 2 ], [ -20, -11, -20, 11 ], [ 0, 4, 11, -2 ], 
      [ -40, 0, 20, 11 ] ], 
  [ [ -1, 0, 0, 0 ], [ 0, -1, 0, 0 ], [ 0, 0, -1, 0 ], [ 0, 0, 0, -1 ] ], 
  [ [ -1, 0, 1, 0 ], [ 0, -1, 0, 1 ], [ -1, 0, 0, 0 ], [ 0, -1, 0, 0 ] ], 
  [ [ 0, -4, -11, 2 ], [ 40, 0, -20, -11 ], [ -11, -2, 0, 4 ], 
      [ 20, -11, -40, 0 ] ], 
  [ [ 0, 0, -1, 0 ], [ 0, 0, 0, -1 ], [ 1, 0, -1, 0 ], [ 0, 1, 0, -1 ] ], 
  [ [ 0, 0, 1, 0 ], [ 0, 0, 0, 1 ], [ -1, 0, 1, 0 ], [ 0, -1, 0, 1 ] ], 
  [ [ 0, 4, 11, -2 ], [ -40, 0, 20, 11 ], [ 11, 2, 0, -4 ], 
      [ -20, 11, 40, 0 ] ], 
  [ [ 1, 0, -1, 0 ], [ 0, 1, 0, -1 ], [ 1, 0, 0, 0 ], [ 0, 1, 0, 0 ] ], 
  [ [ 1, 0, 0, 0 ], [ 0, 1, 0, 0 ], [ 0, 0, 1, 0 ], [ 0, 0, 0, 1 ] ], 
  [ [ 11, -2, -11, -2 ], [ 20, 11, 20, -11 ], [ 0, -4, -11, 2 ], 
      [ 40, 0, -20, -11 ] ], 
  [ [ 11, 2, 0, -4 ], [ -20, 11, 40, 0 ], [ 11, -2, -11, -2 ], 
      [ 20, 11, 20, -11 ] ] ]),TheRotSubgroup:=Group([ [ [ -1, 0, 0, 0 ], [ 0, -1, 0, 0 ], [ 0, 0, -1, 0 ], [ 0, 0, 0, -1 ] ], 
  [ [ -1, 0, 1, 0 ], [ 0, -1, 0, 1 ], [ -1, 0, 0, 0 ], [ 0, -1, 0, 0 ] ], 
  [ [ 0, 0, -1, 0 ], [ 0, 0, 0, -1 ], [ 1, 0, -1, 0 ], [ 0, 1, 0, -1 ] ], 
  [ [ 0, 0, 1, 0 ], [ 0, 0, 0, 1 ], [ -1, 0, 1, 0 ], [ 0, -1, 0, 1 ] ], 
  [ [ 1, 0, -1, 0 ], [ 0, 1, 0, -1 ], [ 1, 0, 0, 0 ], [ 0, 1, 0, 0 ] ], 
  [ [ 1, 0, 0, 0 ], [ 0, 1, 0, 0 ], [ 0, 0, 1, 0 ], [ 0, 0, 0, 1 ] ] ]),BoundaryImage:=rec(ListIFace:=[ 1, 1 ],ListSign:=[ -1, 1 ],ListElt:=[ [ [ 1, 0, 0, 0 ], [ 0, 1, 0, 0 ], [ 0, 0, 1, 0 ], [ 0, 0, 0, 1 ] ], 
  [ [ -11, -2, 0, 4 ], [ 20, -11, -40, 0 ], [ -11, 2, 11, 2 ], 
      [ -20, -11, -20, 11 ] ] ])),rec(TheMatrixStab:=Group([ [ [ -1, 0, 0, 0 ], [ 0, -1, 0, 0 ], [ 0, 0, -1, 0 ], [ 0, 0, 0, -1 ] ], 
  [ [ 1, 0, 0, 0 ], [ 0, 1, 0, 0 ], [ 0, 0, 1, 0 ], [ 0, 0, 0, 1 ] ] ]),TheRotSubgroup:=Group([ [ [ -1, 0, 0, 0 ], [ 0, -1, 0, 0 ], [ 0, 0, -1, 0 ], [ 0, 0, 0, -1 ] ], 
  [ [ 1, 0, 0, 0 ], [ 0, 1, 0, 0 ], [ 0, 0, 1, 0 ], [ 0, 0, 0, 1 ] ] ]),BoundaryImage:=rec(ListIFace:=[ 1, 2 ],ListSign:=[ -1, 1 ],ListElt:=[ [ [ 1, 0, -1, 0 ], [ 0, 1, 0, -1 ], [ 1, 0, 0, 0 ], [ 0, 1, 0, 0 ] ], 
  [ [ 1, 0, 0, 0 ], [ 0, 1, 0, 0 ], [ 0, 0, 1, 0 ], [ 0, 0, 0, 1 ] ] ])),rec(TheMatrixStab:=Group([ [ [ -1, 0, 0, 0 ], [ 0, -1, 0, 0 ], [ 0, 0, -1, 0 ], [ 0, 0, 0, -1 ] ], 
  [ [ 1, 0, 0, 0 ], [ 0, 1, 0, 0 ], [ 0, 0, 1, 0 ], [ 0, 0, 0, 1 ] ] ]),TheRotSubgroup:=Group([ [ [ -1, 0, 0, 0 ], [ 0, -1, 0, 0 ], [ 0, 0, -1, 0 ], [ 0, 0, 0, -1 ] ], 
  [ [ 1, 0, 0, 0 ], [ 0, 1, 0, 0 ], [ 0, 0, 1, 0 ], [ 0, 0, 0, 1 ] ] ]),BoundaryImage:=rec(ListIFace:=[ 1, 2 ],ListSign:=[ -1, 1 ],ListElt:=[ [ [ 0, 0, -1, 0 ], [ 0, 0, 0, -1 ], [ 1, 0, -1, 0 ], [ 0, 1, 0, -1 ] ], 
  [ [ -1, 1, 3, 0 ], [ -10, -1, 0, 3 ], [ 3, 1, 2, -1 ], [ -10, 3, 10, 2 ] ] ])),rec(TheMatrixStab:=Group([ [ [ -1, 0, 0, 0 ], [ 0, -1, 0, 0 ], [ -1, 0, 1, 0 ], [ 0, -1, 0, 1 ] ], 
  [ [ -1, 0, 0, 0 ], [ 0, -1, 0, 0 ], [ 0, 0, -1, 0 ], [ 0, 0, 0, -1 ] ], 
  [ [ -1, 0, 1, 0 ], [ 0, -1, 0, 1 ], [ -1, 0, 0, 0 ], [ 0, -1, 0, 0 ] ], 
  [ [ -1, 0, 1, 0 ], [ 0, -1, 0, 1 ], [ 0, 0, 1, 0 ], [ 0, 0, 0, 1 ] ], 
  [ [ 0, 0, -1, 0 ], [ 0, 0, 0, -1 ], [ -1, 0, 0, 0 ], [ 0, -1, 0, 0 ] ], 
  [ [ 0, 0, -1, 0 ], [ 0, 0, 0, -1 ], [ 1, 0, -1, 0 ], [ 0, 1, 0, -1 ] ], 
  [ [ 0, 0, 1, 0 ], [ 0, 0, 0, 1 ], [ -1, 0, 1, 0 ], [ 0, -1, 0, 1 ] ], 
  [ [ 0, 0, 1, 0 ], [ 0, 0, 0, 1 ], [ 1, 0, 0, 0 ], [ 0, 1, 0, 0 ] ], 
  [ [ 1, 0, -1, 0 ], [ 0, 1, 0, -1 ], [ 0, 0, -1, 0 ], [ 0, 0, 0, -1 ] ], 
  [ [ 1, 0, -1, 0 ], [ 0, 1, 0, -1 ], [ 1, 0, 0, 0 ], [ 0, 1, 0, 0 ] ], 
  [ [ 1, 0, 0, 0 ], [ 0, 1, 0, 0 ], [ 0, 0, 1, 0 ], [ 0, 0, 0, 1 ] ], 
  [ [ 1, 0, 0, 0 ], [ 0, 1, 0, 0 ], [ 1, 0, -1, 0 ], [ 0, 1, 0, -1 ] ] ]),TheRotSubgroup:=Group([ [ [ -1, 0, 0, 0 ], [ 0, -1, 0, 0 ], [ 0, 0, -1, 0 ], [ 0, 0, 0, -1 ] ], 
  [ [ -1, 0, 1, 0 ], [ 0, -1, 0, 1 ], [ -1, 0, 0, 0 ], [ 0, -1, 0, 0 ] ], 
  [ [ 0, 0, -1, 0 ], [ 0, 0, 0, -1 ], [ 1, 0, -1, 0 ], [ 0, 1, 0, -1 ] ], 
  [ [ 0, 0, 1, 0 ], [ 0, 0, 0, 1 ], [ -1, 0, 1, 0 ], [ 0, -1, 0, 1 ] ], 
  [ [ 1, 0, -1, 0 ], [ 0, 1, 0, -1 ], [ 1, 0, 0, 0 ], [ 0, 1, 0, 0 ] ], 
  [ [ 1, 0, 0, 0 ], [ 0, 1, 0, 0 ], [ 0, 0, 1, 0 ], [ 0, 0, 0, 1 ] ] ]),BoundaryImage:=rec(ListIFace:=[ 1, 1 ],ListSign:=[ -1, 1 ],ListElt:=[ [ [ 1, 0, -1, 0 ], [ 0, 1, 0, -1 ], [ 0, 0, -1, 0 ], [ 0, 0, 0, -1 ] ], 
  [ [ 0, 0, -1, 0 ], [ 0, 0, 0, -1 ], [ 1, 0, -1, 0 ], [ 0, 1, 0, -1 ] ] ])),rec(TheMatrixStab:=Group([ [ [ -1, 0, 0, 0 ], [ 0, -1, 0, 0 ], [ 0, 0, -1, 0 ], [ 0, 0, 0, -1 ] ], 
  [ [ 1, 0, 0, 0 ], [ 0, 1, 0, 0 ], [ 0, 0, 1, 0 ], [ 0, 0, 0, 1 ] ] ]),TheRotSubgroup:=Group([ [ [ -1, 0, 0, 0 ], [ 0, -1, 0, 0 ], [ 0, 0, -1, 0 ], [ 0, 0, 0, -1 ] ], 
  [ [ 1, 0, 0, 0 ], [ 0, 1, 0, 0 ], [ 0, 0, 1, 0 ], [ 0, 0, 0, 1 ] ] ]),BoundaryImage:=rec(ListIFace:=[ 2, 2 ],ListSign:=[ -1, 1 ],ListElt:=[ [ [ -1, 0, 0, 0 ], [ 0, -1, 0, 0 ], [ 0, 0, -1, 0 ], [ 0, 0, 0, -1 ] ], 
  [ [ -2, 2, 5, 0 ], [ -20, -2, 0, 5 ], [ 7, 2, 3, -2 ], [ -20, 7, 20, 3 ] ] ])),rec(TheMatrixStab:=Group([ [ [ -1, 0, 0, 0 ], [ 0, -1, 0, 0 ], [ -1, 1, 1, 0 ], [ -10, -1, 0, 1 ] ], 
  [ [ -1, 0, 0, 0 ], [ 0, -1, 0, 0 ], [ 0, 0, -1, 0 ], [ 0, 0, 0, -1 ] ], 
  [ [ -1, 1, 2, 0 ], [ -10, -1, 0, 2 ], [ 4, 1, 1, -1 ], [ -10, 4, 10, 1 ] ], 
  [ [ -1, 1, 2, 0 ], [ -10, -1, 0, 2 ], [ 5, 1, 1, -1 ], [ -10, 5, 10, 1 ] ], 
  [ [ 1, -1, -2, 0 ], [ 10, 1, 0, -2 ], [ -5, -1, -1, 1 ], 
      [ 10, -5, -10, -1 ] ], 
  [ [ 1, -1, -2, 0 ], [ 10, 1, 0, -2 ], [ -4, -1, -1, 1 ], 
      [ 10, -4, -10, -1 ] ], 
  [ [ 1, 0, 0, 0 ], [ 0, 1, 0, 0 ], [ 0, 0, 1, 0 ], [ 0, 0, 0, 1 ] ], 
  [ [ 1, 0, 0, 0 ], [ 0, 1, 0, 0 ], [ 1, -1, -1, 0 ], [ 10, 1, 0, -1 ] ] ]),TheRotSubgroup:=Group([ [ [ -1, 0, 0, 0 ], [ 0, -1, 0, 0 ], [ 0, 0, -1, 0 ], [ 0, 0, 0, -1 ] ], 
  [ [ -1, 1, 2, 0 ], [ -10, -1, 0, 2 ], [ 4, 1, 1, -1 ], [ -10, 4, 10, 1 ] ], 
  [ [ 1, -1, -2, 0 ], [ 10, 1, 0, -2 ], [ -4, -1, -1, 1 ], 
      [ 10, -4, -10, -1 ] ], 
  [ [ 1, 0, 0, 0 ], [ 0, 1, 0, 0 ], [ 0, 0, 1, 0 ], [ 0, 0, 0, 1 ] ] ]),BoundaryImage:=rec(ListIFace:=[ 2, 2 ],ListSign:=[ -1, 1 ],ListElt:=[ [ [ -1, 0, 0, 0 ], [ 0, -1, 0, 0 ], [ 0, 0, -1, 0 ], [ 0, 0, 0, -1 ] ], 
  [ [ 1, -1, -2, 0 ], [ 10, 1, 0, -2 ], [ -5, -1, -1, 1 ], 
      [ 10, -5, -10, -1 ] ] ])),rec(TheMatrixStab:=Group([ [ [ -7, -1, 0, 2 ], [ 10, -7, -20, 0 ], [ -7, 2, 7, 1 ], 
      [ -20, -7, -10, 7 ] ], 
  [ [ -3, 2, 6, 0 ], [ -20, -3, 0, 6 ], [ 5, 2, 3, -2 ], [ -20, 5, 20, 3 ] ], 
  [ [ -1, 0, 0, 0 ], [ 0, -1, 0, 0 ], [ 0, 0, -1, 0 ], [ 0, 0, 0, -1 ] ], 
  [ [ -1, 1, 2, 0 ], [ -10, -1, 0, 2 ], [ 4, 1, 1, -1 ], [ -10, 4, 10, 1 ] ], 
  [ [ 1, -1, -2, 0 ], [ 10, 1, 0, -2 ], [ -4, -1, -1, 1 ], 
      [ 10, -4, -10, -1 ] ], 
  [ [ 1, 0, 0, 0 ], [ 0, 1, 0, 0 ], [ 0, 0, 1, 0 ], [ 0, 0, 0, 1 ] ], 
  [ [ 3, -2, -6, 0 ], [ 20, 3, 0, -6 ], [ -5, -2, -3, 2 ], 
      [ 20, -5, -20, -3 ] ], 
  [ [ 7, 1, 0, -2 ], [ -10, 7, 20, 0 ], [ 7, -2, -7, -1 ], [ 20, 7, 10, -7 ] 
     ] ]),TheRotSubgroup:=Group([ [ [ -1, 0, 0, 0 ], [ 0, -1, 0, 0 ], [ 0, 0, -1, 0 ], [ 0, 0, 0, -1 ] ], 
  [ [ -1, 1, 2, 0 ], [ -10, -1, 0, 2 ], [ 4, 1, 1, -1 ], [ -10, 4, 10, 1 ] ], 
  [ [ 1, -1, -2, 0 ], [ 10, 1, 0, -2 ], [ -4, -1, -1, 1 ], 
      [ 10, -4, -10, -1 ] ], 
  [ [ 1, 0, 0, 0 ], [ 0, 1, 0, 0 ], [ 0, 0, 1, 0 ], [ 0, 0, 0, 1 ] ] ]),BoundaryImage:=rec(ListIFace:=[ 2, 2 ],ListSign:=[ -1, 1 ],ListElt:=[ [ [ 1, -1, -2, 0 ], [ 10, 1, 0, -2 ], [ -4, -1, -1, 1 ], 
      [ 10, -4, -10, -1 ] ], 
  [ [ 3, -2, -6, 0 ], [ 20, 3, 0, -6 ], [ -5, -2, -3, 2 ], 
      [ 20, -5, -20, -3 ] ] ]))],[rec(TheMatrixStab:=Group([ [ [ -11, -2, 0, 4 ], [ 20, -11, -40, 0 ], [ -11, 2, 11, 2 ], 
      [ -20, -11, -20, 11 ] ], 
  [ [ -7, 4, 14, 0 ], [ -40, -7, 0, 14 ], [ 8, 4, 7, -4 ], [ -40, 8, 40, 7 ] ]
    , 
  [ [ -3, 2, 6, 0 ], [ -20, -3, 0, 6 ], [ 5, 2, 3, -2 ], [ -20, 5, 20, 3 ] ], 
  [ [ -1, 0, 0, 0 ], [ 0, -1, 0, 0 ], [ 0, 0, -1, 0 ], [ 0, 0, 0, -1 ] ], 
  [ [ 1, 0, 0, 0 ], [ 0, 1, 0, 0 ], [ 0, 0, 1, 0 ], [ 0, 0, 0, 1 ] ], 
  [ [ 3, -2, -6, 0 ], [ 20, 3, 0, -6 ], [ -5, -2, -3, 2 ], 
      [ 20, -5, -20, -3 ] ], 
  [ [ 7, -4, -14, 0 ], [ 40, 7, 0, -14 ], [ -8, -4, -7, 4 ], 
      [ 40, -8, -40, -7 ] ], 
  [ [ 11, 2, 0, -4 ], [ -20, 11, 40, 0 ], [ 11, -2, -11, -2 ], 
      [ 20, 11, 20, -11 ] ] ]),TheRotSubgroup:=Group([ [ [ -7, 4, 14, 0 ], [ -40, -7, 0, 14 ], [ 8, 4, 7, -4 ], [ -40, 8, 40, 7 ] ]
    , [ [ -1, 0, 0, 0 ], [ 0, -1, 0, 0 ], [ 0, 0, -1, 0 ], [ 0, 0, 0, -1 ] ], 
  [ [ 1, 0, 0, 0 ], [ 0, 1, 0, 0 ], [ 0, 0, 1, 0 ], [ 0, 0, 0, 1 ] ], 
  [ [ 7, -4, -14, 0 ], [ 40, 7, 0, -14 ], [ -8, -4, -7, 4 ], 
      [ 40, -8, -40, -7 ] ] ]),BoundaryImage:=rec(ListIFace:=[ 1, 2, 2, 7, 7, 2, 2, 1 ],ListSign:=[ 1, -1, 1, -1, -1, -1, 1, 1 ],ListElt:=[ [ [ 0, 0, -1, 0 ], [ 0, 0, 0, -1 ], [ 1, 0, -1, 0 ], [ 0, 1, 0, -1 ] ], 
  [ [ -1, 0, 0, 0 ], [ 0, -1, 0, 0 ], [ 0, 0, -1, 0 ], [ 0, 0, 0, -1 ] ], 
  [ [ -11, -2, 0, 4 ], [ 20, -11, -40, 0 ], [ -11, 2, 11, 2 ], 
      [ -20, -11, -20, 11 ] ], 
  [ [ 7, -4, -14, 0 ], [ 40, 7, 0, -14 ], [ -8, -4, -7, 4 ], 
      [ 40, -8, -40, -7 ] ], 
  [ [ 1, 0, 0, 0 ], [ 0, 1, 0, 0 ], [ 0, 0, 1, 0 ], [ 0, 0, 0, 1 ] ], 
  [ [ 7, -4, -14, 0 ], [ 40, 7, 0, -14 ], [ -8, -4, -7, 4 ], 
      [ 40, -8, -40, -7 ] ], 
  [ [ -3, 2, 6, 0 ], [ -20, -3, 0, 6 ], [ 5, 2, 3, -2 ], [ -20, 5, 20, 3 ] ], 
  [ [ 7, -4, -14, 0 ], [ 40, 7, 0, -14 ], [ -8, -4, -7, 4 ], 
      [ 40, -8, -40, -7 ] ] ])),rec(TheMatrixStab:=Group([ [ [ -1, 0, 0, 0 ], [ 0, -1, 0, 0 ], [ 0, 0, -1, 0 ], [ 0, 0, 0, -1 ] ], 
  [ [ 1, 0, 0, 0 ], [ 0, 1, 0, 0 ], [ 0, 0, 1, 0 ], [ 0, 0, 0, 1 ] ] ]),TheRotSubgroup:=Group([ [ [ -1, 0, 0, 0 ], [ 0, -1, 0, 0 ], [ 0, 0, -1, 0 ], [ 0, 0, 0, -1 ] ], 
  [ [ 1, 0, 0, 0 ], [ 0, 1, 0, 0 ], [ 0, 0, 1, 0 ], [ 0, 0, 0, 1 ] ] ]),BoundaryImage:=rec(ListIFace:=[ 2, 5, 3 ],ListSign:=[ 1, -1, -1 ],ListElt:=[ [ [ 1, 0, 0, 0 ], [ 0, 1, 0, 0 ], [ 0, 0, 1, 0 ], [ 0, 0, 0, 1 ] ], 
  [ [ -3, -1, -1, 1 ], [ 10, -3, -10, -1 ], [ -5, 0, 2, 1 ], 
      [ 0, -5, -10, 2 ] ], 
  [ [ 1, 0, 0, 0 ], [ 0, 1, 0, 0 ], [ 0, 0, 1, 0 ], [ 0, 0, 0, 1 ] ] ])),rec(TheMatrixStab:=Group([ [ [ -1, 0, 0, 0 ], [ 0, -1, 0, 0 ], [ 0, 0, -1, 0 ], [ 0, 0, 0, -1 ] ], 
  [ [ 1, 0, 0, 0 ], [ 0, 1, 0, 0 ], [ 0, 0, 1, 0 ], [ 0, 0, 0, 1 ] ] ]),TheRotSubgroup:=Group([ [ [ -1, 0, 0, 0 ], [ 0, -1, 0, 0 ], [ 0, 0, -1, 0 ], [ 0, 0, 0, -1 ] ], 
  [ [ 1, 0, 0, 0 ], [ 0, 1, 0, 0 ], [ 0, 0, 1, 0 ], [ 0, 0, 0, 1 ] ] ]),BoundaryImage:=rec(ListIFace:=[ 2, 3, 5 ],ListSign:=[ 1, -1, 1 ],ListElt:=[ [ [ 1, 0, 0, 0 ], [ 0, 1, 0, 0 ], [ 0, 0, 1, 0 ], [ 0, 0, 0, 1 ] ], 
  [ [ 1, 0, -1, 0 ], [ 0, 1, 0, -1 ], [ 1, 0, 0, 0 ], [ 0, 1, 0, 0 ] ], 
  [ [ -1, 1, 2, 0 ], [ -10, -1, 0, 2 ], [ 4, 1, 1, -1 ], [ -10, 4, 10, 1 ] ] ])),rec(TheMatrixStab:=Group([ [ [ -1, 0, 0, 0 ], [ 0, -1, 0, 0 ], [ -2, 0, 1, 0 ], [ 0, -2, 0, 1 ] ], 
  [ [ -1, 0, 0, 0 ], [ 0, -1, 0, 0 ], [ 0, 0, -1, 0 ], [ 0, 0, 0, -1 ] ], 
  [ [ -1, 0, 1, 0 ], [ 0, -1, 0, 1 ], [ -2, 0, 1, 0 ], [ 0, -2, 0, 1 ] ], 
  [ [ -1, 0, 1, 0 ], [ 0, -1, 0, 1 ], [ 0, 0, 1, 0 ], [ 0, 0, 0, 1 ] ], 
  [ [ 1, 0, -1, 0 ], [ 0, 1, 0, -1 ], [ 0, 0, -1, 0 ], [ 0, 0, 0, -1 ] ], 
  [ [ 1, 0, -1, 0 ], [ 0, 1, 0, -1 ], [ 2, 0, -1, 0 ], [ 0, 2, 0, -1 ] ], 
  [ [ 1, 0, 0, 0 ], [ 0, 1, 0, 0 ], [ 0, 0, 1, 0 ], [ 0, 0, 0, 1 ] ], 
  [ [ 1, 0, 0, 0 ], [ 0, 1, 0, 0 ], [ 2, 0, -1, 0 ], [ 0, 2, 0, -1 ] ] ]),TheRotSubgroup:=Group([ [ [ -1, 0, 0, 0 ], [ 0, -1, 0, 0 ], [ -2, 0, 1, 0 ], [ 0, -2, 0, 1 ] ], 
  [ [ -1, 0, 0, 0 ], [ 0, -1, 0, 0 ], [ 0, 0, -1, 0 ], [ 0, 0, 0, -1 ] ], 
  [ [ 1, 0, 0, 0 ], [ 0, 1, 0, 0 ], [ 0, 0, 1, 0 ], [ 0, 0, 0, 1 ] ], 
  [ [ 1, 0, 0, 0 ], [ 0, 1, 0, 0 ], [ 2, 0, -1, 0 ], [ 0, 2, 0, -1 ] ] ]),BoundaryImage:=rec(ListIFace:=[ 3, 7, 3, 4, 3, 7, 4, 3 ],ListSign:=[ 1, -1, -1, -1, -1, -1, -1, 1 ],ListElt:=[ [ [ 1, 0, 0, 0 ], [ 0, 1, 0, 0 ], [ 0, 0, 1, 0 ], [ 0, 0, 0, 1 ] ], 
  [ [ 4, 0, -1, -1 ], [ 0, 4, 10, -1 ], [ 5, -1, -4, -1 ], [ 10, 5, 10, -4 ] ]
    , [ [ 1, 0, -1, 0 ], [ 0, 1, 0, -1 ], [ 2, 0, -1, 0 ], [ 0, 2, 0, -1 ] ], 
  [ [ 0, 0, -1, 0 ], [ 0, 0, 0, -1 ], [ -1, 0, 0, 0 ], [ 0, -1, 0, 0 ] ], 
  [ [ 1, 0, -1, 0 ], [ 0, 1, 0, -1 ], [ 0, 0, -1, 0 ], [ 0, 0, 0, -1 ] ], 
  [ [ -4, 0, 1, 1 ], [ 0, -4, -10, 1 ], [ -3, -1, -2, 1 ], 
      [ 10, -3, -10, -2 ] ], 
  [ [ 1, 0, -1, 0 ], [ 0, 1, 0, -1 ], [ 2, 0, -1, 0 ], [ 0, 2, 0, -1 ] ], 
  [ [ -1, 0, 0, 0 ], [ 0, -1, 0, 0 ], [ -2, 0, 1, 0 ], [ 0, -2, 0, 1 ] ] ])),rec(TheMatrixStab:=Group([ [ [ -3, 2, 4, 0 ], [ -20, -3, 0, 4 ], [ 8, 3, 3, -2 ], [ -30, 8, 20, 3 ] ], 
  [ [ -1, 0, 0, 0 ], [ 0, -1, 0, 0 ], [ 0, 0, -1, 0 ], [ 0, 0, 0, -1 ] ], 
  [ [ 1, 0, 0, 0 ], [ 0, 1, 0, 0 ], [ 0, 0, 1, 0 ], [ 0, 0, 0, 1 ] ], 
  [ [ 3, -2, -4, 0 ], [ 20, 3, 0, -4 ], [ -8, -3, -3, 2 ], 
      [ 30, -8, -20, -3 ] ] ]),TheRotSubgroup:=Group([ [ [ -3, 2, 4, 0 ], [ -20, -3, 0, 4 ], [ 8, 3, 3, -2 ], [ -30, 8, 20, 3 ] ], 
  [ [ -1, 0, 0, 0 ], [ 0, -1, 0, 0 ], [ 0, 0, -1, 0 ], [ 0, 0, 0, -1 ] ], 
  [ [ 1, 0, 0, 0 ], [ 0, 1, 0, 0 ], [ 0, 0, 1, 0 ], [ 0, 0, 0, 1 ] ], 
  [ [ 3, -2, -4, 0 ], [ 20, 3, 0, -4 ], [ -8, -3, -3, 2 ], 
      [ 30, -8, -20, -3 ] ] ]),BoundaryImage:=rec(ListIFace:=[ 5, 7, 6, 5, 7, 5, 6, 5 ],ListSign:=[ 1, -1, -1, 1, -1, 1, 1, 1 ],ListElt:=[ [ [ -1, 0, 0, 0 ], [ 0, -1, 0, 0 ], [ 0, 0, -1, 0 ], [ 0, 0, 0, -1 ] ], 
  [ [ 1, 2, 5, -1 ], [ -20, 1, 10, 5 ], [ 10, 1, -1, -3 ], 
      [ -10, 10, 30, -1 ] ], 
  [ [ -1, 0, 0, 0 ], [ 0, -1, 0, 0 ], [ 0, 0, -1, 0 ], [ 0, 0, 0, -1 ] ], 
  [ [ 3, -2, -5, 0 ], [ 20, 3, 0, -5 ], [ -10, -3, -3, 3 ], 
      [ 30, -10, -30, -3 ] ], 
  [ [ 3, 0, -1, -1 ], [ 0, 3, 10, -1 ], [ 2, -2, -7, 0 ], [ 20, 2, 0, -7 ] ], 
  [ [ -3, 2, 4, 0 ], [ -20, -3, 0, 4 ], [ 8, 3, 3, -2 ], [ -30, 8, 20, 3 ] ], 
  [ [ 1, -2, -4, 0 ], [ 20, 1, 0, -4 ], [ -9, -2, -3, 2 ], 
      [ 20, -9, -20, -3 ] ], 
  [ [ -9, 0, 3, 2 ], [ 0, -9, -20, 3 ], [ -6, 4, 11, 0 ], [ -40, -6, 0, 11 ] 
     ] ]))]];