HAP_GCOMPLEX_SETUP:=[false]; 
HAP_GCOMPLEX_LIST:=[[rec(TheMatrixStab:=Group([ [ [ -1, -1, 0, 1 ], [ -2, -1, 2, 0 ], [ -2, -1, 1, 1 ], [ -2, -2, 2, 1 ] ], 
  [ [ -1, -1, 0, 1 ], [ -2, -1, 2, 0 ], [ -1, -1, 1, 0 ], [ -2, -1, 0, 1 ] ], 
  [ [ -1, -1, 2, 0 ], [ -2, -1, 0, 2 ], [ -2, -1, 1, 1 ], [ -2, -2, 2, 1 ] ], 
  [ [ -1, -1, 2, 0 ], [ -2, -1, 0, 2 ], [ -1, -1, 1, 1 ], [ -2, -1, 2, 1 ] ], 
  [ [ -1, 0, 0, 0 ], [ 0, -1, 0, 0 ], [ -1, -1, 1, 0 ], [ -2, -1, 0, 1 ] ], 
  [ [ -1, 0, 0, 0 ], [ 0, -1, 0, 0 ], [ 0, 0, -1, 0 ], [ 0, 0, 0, -1 ] ], 
  [ [ -1, 0, 0, 1 ], [ 0, -1, 2, 0 ], [ -1, -1, 1, 1 ], [ -2, -1, 2, 1 ] ], 
  [ [ -1, 0, 0, 1 ], [ 0, -1, 2, 0 ], [ 0, 0, 1, 0 ], [ 0, 0, 0, 1 ] ], 
  [ [ 1, 0, 0, -1 ], [ 0, 1, -2, 0 ], [ 0, 0, -1, 0 ], [ 0, 0, 0, -1 ] ], 
  [ [ 1, 0, 0, -1 ], [ 0, 1, -2, 0 ], [ 1, 1, -1, -1 ], [ 2, 1, -2, -1 ] ], 
  [ [ 1, 0, 0, 0 ], [ 0, 1, 0, 0 ], [ 0, 0, 1, 0 ], [ 0, 0, 0, 1 ] ], 
  [ [ 1, 0, 0, 0 ], [ 0, 1, 0, 0 ], [ 1, 1, -1, 0 ], [ 2, 1, 0, -1 ] ], 
  [ [ 1, 1, -2, 0 ], [ 2, 1, 0, -2 ], [ 1, 1, -1, -1 ], [ 2, 1, -2, -1 ] ], 
  [ [ 1, 1, -2, 0 ], [ 2, 1, 0, -2 ], [ 2, 1, -1, -1 ], [ 2, 2, -2, -1 ] ], 
  [ [ 1, 1, 0, -1 ], [ 2, 1, -2, 0 ], [ 1, 1, -1, 0 ], [ 2, 1, 0, -1 ] ], 
  [ [ 1, 1, 0, -1 ], [ 2, 1, -2, 0 ], [ 2, 1, -1, -1 ], [ 2, 2, -2, -1 ] ] ]),TheRotSubgroup:=Group([ [ [ -1, -1, 0, 1 ], [ -2, -1, 2, 0 ], [ -2, -1, 1, 1 ], [ -2, -2, 2, 1 ] ], 
  [ [ -1, -1, 0, 1 ], [ -2, -1, 2, 0 ], [ -1, -1, 1, 0 ], [ -2, -1, 0, 1 ] ], 
  [ [ -1, -1, 2, 0 ], [ -2, -1, 0, 2 ], [ -2, -1, 1, 1 ], [ -2, -2, 2, 1 ] ], 
  [ [ -1, -1, 2, 0 ], [ -2, -1, 0, 2 ], [ -1, -1, 1, 1 ], [ -2, -1, 2, 1 ] ], 
  [ [ -1, 0, 0, 0 ], [ 0, -1, 0, 0 ], [ -1, -1, 1, 0 ], [ -2, -1, 0, 1 ] ], 
  [ [ -1, 0, 0, 0 ], [ 0, -1, 0, 0 ], [ 0, 0, -1, 0 ], [ 0, 0, 0, -1 ] ], 
  [ [ -1, 0, 0, 1 ], [ 0, -1, 2, 0 ], [ -1, -1, 1, 1 ], [ -2, -1, 2, 1 ] ], 
  [ [ -1, 0, 0, 1 ], [ 0, -1, 2, 0 ], [ 0, 0, 1, 0 ], [ 0, 0, 0, 1 ] ], 
  [ [ 1, 0, 0, -1 ], [ 0, 1, -2, 0 ], [ 0, 0, -1, 0 ], [ 0, 0, 0, -1 ] ], 
  [ [ 1, 0, 0, -1 ], [ 0, 1, -2, 0 ], [ 1, 1, -1, -1 ], [ 2, 1, -2, -1 ] ], 
  [ [ 1, 0, 0, 0 ], [ 0, 1, 0, 0 ], [ 0, 0, 1, 0 ], [ 0, 0, 0, 1 ] ], 
  [ [ 1, 0, 0, 0 ], [ 0, 1, 0, 0 ], [ 1, 1, -1, 0 ], [ 2, 1, 0, -1 ] ], 
  [ [ 1, 1, -2, 0 ], [ 2, 1, 0, -2 ], [ 1, 1, -1, -1 ], [ 2, 1, -2, -1 ] ], 
  [ [ 1, 1, -2, 0 ], [ 2, 1, 0, -2 ], [ 2, 1, -1, -1 ], [ 2, 2, -2, -1 ] ], 
  [ [ 1, 1, 0, -1 ], [ 2, 1, -2, 0 ], [ 1, 1, -1, 0 ], [ 2, 1, 0, -1 ] ], 
  [ [ 1, 1, 0, -1 ], [ 2, 1, -2, 0 ], [ 2, 1, -1, -1 ], [ 2, 2, -2, -1 ] ] ]),BoundaryImage:=rec(ListIFace:=[  ],ListSign:=[  ],ListElt:=[  ])),rec(TheMatrixStab:=Group([ [ [ -2, 0, -3, 3 ], [ 0, -2, 6, -3 ], [ -1, -1, 1, 0 ], [ -2, -1, 0, 1 ] ], 
  [ [ -2, 0, -3, 3 ], [ 0, -2, 6, -3 ], [ -1, -1, 2, 0 ], [ -2, -1, 0, 2 ] ], 
  [ [ -1, 0, -3, 3 ], [ 0, -1, 6, -3 ], [ -1, -1, 2, 0 ], [ -2, -1, 0, 2 ] ], 
  [ [ -1, 0, -3, 3 ], [ 0, -1, 6, -3 ], [ 0, 0, 1, 0 ], [ 0, 0, 0, 1 ] ], 
  [ [ -1, 0, 0, 0 ], [ 0, -1, 0, 0 ], [ -1, -1, 1, 0 ], [ -2, -1, 0, 1 ] ], 
  [ [ -1, 0, 0, 0 ], [ 0, -1, 0, 0 ], [ 0, 0, -1, 0 ], [ 0, 0, 0, -1 ] ], 
  [ [ 1, 0, 0, 0 ], [ 0, 1, 0, 0 ], [ 0, 0, 1, 0 ], [ 0, 0, 0, 1 ] ], 
  [ [ 1, 0, 0, 0 ], [ 0, 1, 0, 0 ], [ 1, 1, -1, 0 ], [ 2, 1, 0, -1 ] ], 
  [ [ 1, 0, 3, -3 ], [ 0, 1, -6, 3 ], [ 0, 0, -1, 0 ], [ 0, 0, 0, -1 ] ], 
  [ [ 1, 0, 3, -3 ], [ 0, 1, -6, 3 ], [ 1, 1, -2, 0 ], [ 2, 1, 0, -2 ] ], 
  [ [ 2, 0, 3, -3 ], [ 0, 2, -6, 3 ], [ 1, 1, -2, 0 ], [ 2, 1, 0, -2 ] ], 
  [ [ 2, 0, 3, -3 ], [ 0, 2, -6, 3 ], [ 1, 1, -1, 0 ], [ 2, 1, 0, -1 ] ] ]),TheRotSubgroup:=Group([ [ [ -2, 0, -3, 3 ], [ 0, -2, 6, -3 ], [ -1, -1, 1, 0 ], [ -2, -1, 0, 1 ] ], 
  [ [ -2, 0, -3, 3 ], [ 0, -2, 6, -3 ], [ -1, -1, 2, 0 ], [ -2, -1, 0, 2 ] ], 
  [ [ -1, 0, -3, 3 ], [ 0, -1, 6, -3 ], [ -1, -1, 2, 0 ], [ -2, -1, 0, 2 ] ], 
  [ [ -1, 0, -3, 3 ], [ 0, -1, 6, -3 ], [ 0, 0, 1, 0 ], [ 0, 0, 0, 1 ] ], 
  [ [ -1, 0, 0, 0 ], [ 0, -1, 0, 0 ], [ -1, -1, 1, 0 ], [ -2, -1, 0, 1 ] ], 
  [ [ -1, 0, 0, 0 ], [ 0, -1, 0, 0 ], [ 0, 0, -1, 0 ], [ 0, 0, 0, -1 ] ], 
  [ [ 1, 0, 0, 0 ], [ 0, 1, 0, 0 ], [ 0, 0, 1, 0 ], [ 0, 0, 0, 1 ] ], 
  [ [ 1, 0, 0, 0 ], [ 0, 1, 0, 0 ], [ 1, 1, -1, 0 ], [ 2, 1, 0, -1 ] ], 
  [ [ 1, 0, 3, -3 ], [ 0, 1, -6, 3 ], [ 0, 0, -1, 0 ], [ 0, 0, 0, -1 ] ], 
  [ [ 1, 0, 3, -3 ], [ 0, 1, -6, 3 ], [ 1, 1, -2, 0 ], [ 2, 1, 0, -2 ] ], 
  [ [ 2, 0, 3, -3 ], [ 0, 2, -6, 3 ], [ 1, 1, -2, 0 ], [ 2, 1, 0, -2 ] ], 
  [ [ 2, 0, 3, -3 ], [ 0, 2, -6, 3 ], [ 1, 1, -1, 0 ], [ 2, 1, 0, -1 ] ] ]),BoundaryImage:=rec(ListIFace:=[  ],ListSign:=[  ],ListElt:=[  ]))],[rec(TheMatrixStab:=Group([ [ [ -2, -2, 1, 2 ], [ -4, -2, 4, 1 ], [ -3, -2, 2, 2 ], [ -4, -3, 4, 2 ] ], 
  [ [ -1, 0, 0, 0 ], [ 0, -1, 0, 0 ], [ 0, 0, -1, 0 ], [ 0, 0, 0, -1 ] ], 
  [ [ 1, 0, 0, 0 ], [ 0, 1, 0, 0 ], [ 0, 0, 1, 0 ], [ 0, 0, 0, 1 ] ], 
  [ [ 2, 2, -1, -2 ], [ 4, 2, -4, -1 ], [ 3, 2, -2, -2 ], [ 4, 3, -4, -2 ] ] ]),TheRotSubgroup:=Group([ [ [ -1, 0, 0, 0 ], [ 0, -1, 0, 0 ], [ 0, 0, -1, 0 ], [ 0, 0, 0, -1 ] ], 
  [ [ 1, 0, 0, 0 ], [ 0, 1, 0, 0 ], [ 0, 0, 1, 0 ], [ 0, 0, 0, 1 ] ] ]),BoundaryImage:=rec(ListIFace:=[ 1, 1 ],ListSign:=[ -1, 1 ],ListElt:=[ [ [ 1, 0, 0, -1 ], [ 0, 1, -2, 0 ], [ 1, 1, -1, -1 ], [ 2, 1, -2, -1 ] ], 
  [ [ 3, 1, -1, -2 ], [ 2, 3, -4, -1 ], [ 3, 2, -2, -2 ], [ 4, 3, -4, -2 ] ] ])),rec(TheMatrixStab:=Group([ [ [ -1, -1, 0, 1 ], [ -2, -1, 2, 0 ], [ -2, -1, 1, 1 ], [ -2, -2, 2, 1 ] ], 
  [ [ -1, 0, 0, 0 ], [ 0, -1, 0, 0 ], [ 0, 0, -1, 0 ], [ 0, 0, 0, -1 ] ], 
  [ [ 1, 0, 0, 0 ], [ 0, 1, 0, 0 ], [ 0, 0, 1, 0 ], [ 0, 0, 0, 1 ] ], 
  [ [ 1, 1, 0, -1 ], [ 2, 1, -2, 0 ], [ 2, 1, -1, -1 ], [ 2, 2, -2, -1 ] ] ]),TheRotSubgroup:=Group([ [ [ -1, -1, 0, 1 ], [ -2, -1, 2, 0 ], [ -2, -1, 1, 1 ], [ -2, -2, 2, 1 ] ], 
  [ [ -1, 0, 0, 0 ], [ 0, -1, 0, 0 ], [ 0, 0, -1, 0 ], [ 0, 0, 0, -1 ] ], 
  [ [ 1, 0, 0, 0 ], [ 0, 1, 0, 0 ], [ 0, 0, 1, 0 ], [ 0, 0, 0, 1 ] ], 
  [ [ 1, 1, 0, -1 ], [ 2, 1, -2, 0 ], [ 2, 1, -1, -1 ], [ 2, 2, -2, -1 ] ] ]),BoundaryImage:=rec(ListIFace:=[ 1, 1 ],ListSign:=[ -1, 1 ],ListElt:=[ [ [ 1, 0, 0, -1 ], [ 0, 1, -2, 0 ], [ 1, 1, -1, -1 ], [ 2, 1, -2, -1 ] ], 
  [ [ -2, -1, 1, 2 ], [ -2, -2, 4, 1 ], [ -1, -1, 2, 1 ], [ -2, -1, 2, 2 ] ] ])),rec(TheMatrixStab:=Group([ [ [ -1, 0, 0, 0 ], [ 0, -1, 0, 0 ], [ -1, -1, 1, 0 ], [ -2, -1, 0, 1 ] ], 
  [ [ -1, 0, 0, 0 ], [ 0, -1, 0, 0 ], [ 0, 0, -1, 0 ], [ 0, 0, 0, -1 ] ], 
  [ [ 1, 0, 0, 0 ], [ 0, 1, 0, 0 ], [ 0, 0, 1, 0 ], [ 0, 0, 0, 1 ] ], 
  [ [ 1, 0, 0, 0 ], [ 0, 1, 0, 0 ], [ 1, 1, -1, 0 ], [ 2, 1, 0, -1 ] ] ]),TheRotSubgroup:=Group([ [ [ -1, 0, 0, 0 ], [ 0, -1, 0, 0 ], [ -1, -1, 1, 0 ], [ -2, -1, 0, 1 ] ], 
  [ [ -1, 0, 0, 0 ], [ 0, -1, 0, 0 ], [ 0, 0, -1, 0 ], [ 0, 0, 0, -1 ] ], 
  [ [ 1, 0, 0, 0 ], [ 0, 1, 0, 0 ], [ 0, 0, 1, 0 ], [ 0, 0, 0, 1 ] ], 
  [ [ 1, 0, 0, 0 ], [ 0, 1, 0, 0 ], [ 1, 1, -1, 0 ], [ 2, 1, 0, -1 ] ] ]),BoundaryImage:=rec(ListIFace:=[ 1, 2 ],ListSign:=[ -1, 1 ],ListElt:=[ [ [ -1, -1, 2, 0 ], [ -2, -1, 0, 2 ], [ -2, -1, 1, 1 ], [ -2, -2, 2, 1 ] ], 
  [ [ 2, 0, 3, -3 ], [ 0, 2, -6, 3 ], [ 1, 1, -2, 0 ], [ 2, 1, 0, -2 ] ] ])),rec(TheMatrixStab:=Group([ [ [ -1, 0, 0, 0 ], [ 0, -1, 0, 0 ], [ -1, -1, 1, 0 ], [ -2, -1, 0, 1 ] ], 
  [ [ -1, 0, 0, 0 ], [ 0, -1, 0, 0 ], [ 0, 0, -1, 0 ], [ 0, 0, 0, -1 ] ], 
  [ [ 1, 0, 0, 0 ], [ 0, 1, 0, 0 ], [ 0, 0, 1, 0 ], [ 0, 0, 0, 1 ] ], 
  [ [ 1, 0, 0, 0 ], [ 0, 1, 0, 0 ], [ 1, 1, -1, 0 ], [ 2, 1, 0, -1 ] ] ]),TheRotSubgroup:=Group([ [ [ -1, 0, 0, 0 ], [ 0, -1, 0, 0 ], [ -1, -1, 1, 0 ], [ -2, -1, 0, 1 ] ], 
  [ [ -1, 0, 0, 0 ], [ 0, -1, 0, 0 ], [ 0, 0, -1, 0 ], [ 0, 0, 0, -1 ] ], 
  [ [ 1, 0, 0, 0 ], [ 0, 1, 0, 0 ], [ 0, 0, 1, 0 ], [ 0, 0, 0, 1 ] ], 
  [ [ 1, 0, 0, 0 ], [ 0, 1, 0, 0 ], [ 1, 1, -1, 0 ], [ 2, 1, 0, -1 ] ] ]),BoundaryImage:=rec(ListIFace:=[ 1, 2 ],ListSign:=[ -1, 1 ],ListElt:=[ [ [ -1, 0, 0, 0 ], [ 0, -1, 0, 0 ], [ -1, -1, 1, 0 ], [ -2, -1, 0, 1 ] ], 
  [ [ -2, -2, 3, 0 ], [ -4, -2, 0, 3 ], [ -3, -2, 1, 2 ], [ -4, -3, 4, 1 ] ] ]))],[rec(TheMatrixStab:=Group([ [ [ -2, -2, 1, 2 ], [ -4, -2, 4, 1 ], [ -3, -2, 2, 2 ], [ -4, -3, 4, 2 ] ], 
  [ [ -1, 0, 0, 0 ], [ 0, -1, 0, 0 ], [ 0, 0, -1, 0 ], [ 0, 0, 0, -1 ] ], 
  [ [ 1, 0, 0, 0 ], [ 0, 1, 0, 0 ], [ 0, 0, 1, 0 ], [ 0, 0, 0, 1 ] ], 
  [ [ 2, 2, -1, -2 ], [ 4, 2, -4, -1 ], [ 3, 2, -2, -2 ], [ 4, 3, -4, -2 ] ] ]),TheRotSubgroup:=Group([ [ [ -1, 0, 0, 0 ], [ 0, -1, 0, 0 ], [ 0, 0, -1, 0 ], [ 0, 0, 0, -1 ] ], 
  [ [ 1, 0, 0, 0 ], [ 0, 1, 0, 0 ], [ 0, 0, 1, 0 ], [ 0, 0, 0, 1 ] ] ]),BoundaryImage:=rec(ListIFace:=[ 1, 2, 2 ],ListSign:=[ 1, 1, -1 ],ListElt:=[ [ [ 2, 2, -1, -2 ], [ 4, 2, -4, -1 ], [ 3, 2, -2, -2 ], [ 4, 3, -4, -2 ] ], 
  [ [ 1, 1, 0, -1 ], [ 2, 1, -2, 0 ], [ 1, 1, -1, 0 ], [ 2, 1, 0, -1 ] ], 
  [ [ 3, 1, -1, -2 ], [ 2, 3, -4, -1 ], [ 3, 2, -2, -2 ], [ 4, 3, -4, -2 ] ] ])),rec(TheMatrixStab:=Group([ [ [ -2, -2, 1, 2 ], [ -4, -2, 4, 1 ], [ -3, -2, 2, 2 ], [ -4, -3, 4, 2 ] ], 
  [ [ -1, 0, 0, 0 ], [ 0, -1, 0, 0 ], [ 0, 0, -1, 0 ], [ 0, 0, 0, -1 ] ], 
  [ [ 1, 0, 0, 0 ], [ 0, 1, 0, 0 ], [ 0, 0, 1, 0 ], [ 0, 0, 0, 1 ] ], 
  [ [ 2, 2, -1, -2 ], [ 4, 2, -4, -1 ], [ 3, 2, -2, -2 ], [ 4, 3, -4, -2 ] ] ]),TheRotSubgroup:=Group([ [ [ -1, 0, 0, 0 ], [ 0, -1, 0, 0 ], [ 0, 0, -1, 0 ], [ 0, 0, 0, -1 ] ], 
  [ [ 1, 0, 0, 0 ], [ 0, 1, 0, 0 ], [ 0, 0, 1, 0 ], [ 0, 0, 0, 1 ] ] ]),BoundaryImage:=rec(ListIFace:=[ 1, 2, 2 ],ListSign:=[ 1, -1, 1 ],ListElt:=[ [ [ -1, 0, 0, 0 ], [ 0, -1, 0, 0 ], [ 0, 0, -1, 0 ], [ 0, 0, 0, -1 ] ], 
  [ [ 1, -1, 1, -1 ], [ -2, 1, -2, 1 ], [ 0, 0, -1, 0 ], [ 0, 0, 0, -1 ] ], 
  [ [ 0, 1, -3, 1 ], [ 2, 0, 2, -3 ], [ 1, 1, -1, -1 ], [ 2, 1, -2, -1 ] ] ])),rec(TheMatrixStab:=Group([ [ [ -2, -2, 1, 2 ], [ -4, -2, 4, 1 ], [ -3, -2, 2, 2 ], [ -4, -3, 4, 2 ] ], 
  [ [ -1, 0, 0, 0 ], [ 0, -1, 0, 0 ], [ 0, 0, -1, 0 ], [ 0, 0, 0, -1 ] ], 
  [ [ 1, 0, 0, 0 ], [ 0, 1, 0, 0 ], [ 0, 0, 1, 0 ], [ 0, 0, 0, 1 ] ], 
  [ [ 2, 2, -1, -2 ], [ 4, 2, -4, -1 ], [ 3, 2, -2, -2 ], [ 4, 3, -4, -2 ] ] ]),TheRotSubgroup:=Group([ [ [ -1, 0, 0, 0 ], [ 0, -1, 0, 0 ], [ 0, 0, -1, 0 ], [ 0, 0, 0, -1 ] ], 
  [ [ 1, 0, 0, 0 ], [ 0, 1, 0, 0 ], [ 0, 0, 1, 0 ], [ 0, 0, 0, 1 ] ] ]),BoundaryImage:=rec(ListIFace:=[ 1, 2, 2, 3, 3 ],ListSign:=[ 1, -1, 1, -1, 1 ],ListElt:=[ [ [ -1, 0, 0, 0 ], [ 0, -1, 0, 0 ], [ 0, 0, -1, 0 ], [ 0, 0, 0, -1 ] ], 
  [ [ 3, 0, 2, -3 ], [ 0, 3, -6, 2 ], [ 2, 1, -1, -1 ], [ 2, 2, -2, -1 ] ], 
  [ [ 0, 1, -3, 1 ], [ 2, 0, 2, -3 ], [ 1, 0, 0, -1 ], [ 0, 1, -2, 0 ] ], 
  [ [ 2, 0, 1, -2 ], [ 0, 2, -4, 1 ], [ 1, 1, -2, 0 ], [ 2, 1, 0, -2 ] ], 
  [ [ -1, 1, -4, 2 ], [ 2, -1, 4, -4 ], [ 0, 0, -1, 0 ], [ 0, 0, 0, -1 ] ] ])),rec(TheMatrixStab:=Group([ [ [ -1, 0, 0, 0 ], [ 0, -1, 0, 0 ], [ 0, 0, -1, 0 ], [ 0, 0, 0, -1 ] ], 
  [ [ 1, 0, 0, 0 ], [ 0, 1, 0, 0 ], [ 0, 0, 1, 0 ], [ 0, 0, 0, 1 ] ] ]),TheRotSubgroup:=Group([ [ [ -1, 0, 0, 0 ], [ 0, -1, 0, 0 ], [ 0, 0, -1, 0 ], [ 0, 0, 0, -1 ] ], 
  [ [ 1, 0, 0, 0 ], [ 0, 1, 0, 0 ], [ 0, 0, 1, 0 ], [ 0, 0, 0, 1 ] ] ]),BoundaryImage:=rec(ListIFace:=[ 1, 4, 3 ],ListSign:=[ 1, -1, 1 ],ListElt:=[ [ [ -1, 0, 0, 0 ], [ 0, -1, 0, 0 ], [ 0, 0, -1, 0 ], [ 0, 0, 0, -1 ] ], 
  [ [ -1, 0, 0, 0 ], [ 0, -1, 0, 0 ], [ 0, 0, -1, 0 ], [ 0, 0, 0, -1 ] ], 
  [ [ -2, -2, 3, 0 ], [ -4, -2, 0, 3 ], [ -3, -2, 2, 1 ], [ -4, -3, 2, 2 ] ] ])),rec(TheMatrixStab:=Group([ [ [ -2, -2, 1, 2 ], [ -4, -2, 4, 1 ], [ -3, -2, 2, 2 ], [ -4, -3, 4, 2 ] ], 
  [ [ -1, 0, 0, 0 ], [ 0, -1, 0, 0 ], [ 0, 0, -1, 0 ], [ 0, 0, 0, -1 ] ], 
  [ [ 1, 0, 0, 0 ], [ 0, 1, 0, 0 ], [ 0, 0, 1, 0 ], [ 0, 0, 0, 1 ] ], 
  [ [ 2, 2, -1, -2 ], [ 4, 2, -4, -1 ], [ 3, 2, -2, -2 ], [ 4, 3, -4, -2 ] ] ]),TheRotSubgroup:=Group([ [ [ -1, 0, 0, 0 ], [ 0, -1, 0, 0 ], [ 0, 0, -1, 0 ], [ 0, 0, 0, -1 ] ], 
  [ [ 1, 0, 0, 0 ], [ 0, 1, 0, 0 ], [ 0, 0, 1, 0 ], [ 0, 0, 0, 1 ] ] ]),BoundaryImage:=rec(ListIFace:=[ 1, 2, 2, 4, 4 ],ListSign:=[ 1, 1, -1, 1, -1 ],ListElt:=[ [ [ -1, 0, 0, 0 ], [ 0, -1, 0, 0 ], [ 0, 0, -1, 0 ], [ 0, 0, 0, -1 ] ], 
  [ [ -2, -2, 3, 0 ], [ -4, -2, 0, 3 ], [ -3, -2, 2, 1 ], [ -4, -3, 2, 2 ] ], 
  [ [ -1, 0, 0, 1 ], [ 0, -1, 2, 0 ], [ 0, 0, 1, 0 ], [ 0, 0, 0, 1 ] ], 
  [ [ -5, -3, 4, 3 ], [ -6, -5, 6, 4 ], [ -6, -4, 5, 4 ], [ -8, -6, 8, 5 ] ], 
  [ [ 0, 0, -1, 0 ], [ 0, 0, 0, -1 ], [ 1, 1, -2, -1 ], [ 2, 1, -2, -2 ] ] ])),rec(TheMatrixStab:=Group([ [ [ -1, 0, -2, 2 ], [ 0, -1, 4, -2 ], [ -1, -1, 1, 0 ], [ -2, -1, 0, 1 ] ], 
  [ [ -1, 0, -2, 2 ], [ 0, -1, 4, -2 ], [ 0, 0, 1, 0 ], [ 0, 0, 0, 1 ] ], 
  [ [ -1, 0, 0, 0 ], [ 0, -1, 0, 0 ], [ -1, -1, 1, 0 ], [ -2, -1, 0, 1 ] ], 
  [ [ -1, 0, 0, 0 ], [ 0, -1, 0, 0 ], [ 0, 0, -1, 0 ], [ 0, 0, 0, -1 ] ], 
  [ [ 1, 0, 0, 0 ], [ 0, 1, 0, 0 ], [ 0, 0, 1, 0 ], [ 0, 0, 0, 1 ] ], 
  [ [ 1, 0, 0, 0 ], [ 0, 1, 0, 0 ], [ 1, 1, -1, 0 ], [ 2, 1, 0, -1 ] ], 
  [ [ 1, 0, 2, -2 ], [ 0, 1, -4, 2 ], [ 0, 0, -1, 0 ], [ 0, 0, 0, -1 ] ], 
  [ [ 1, 0, 2, -2 ], [ 0, 1, -4, 2 ], [ 1, 1, -1, 0 ], [ 2, 1, 0, -1 ] ] ]),TheRotSubgroup:=Group([ [ [ -1, 0, -2, 2 ], [ 0, -1, 4, -2 ], [ -1, -1, 1, 0 ], [ -2, -1, 0, 1 ] ], 
  [ [ -1, 0, -2, 2 ], [ 0, -1, 4, -2 ], [ 0, 0, 1, 0 ], [ 0, 0, 0, 1 ] ], 
  [ [ -1, 0, 0, 0 ], [ 0, -1, 0, 0 ], [ -1, -1, 1, 0 ], [ -2, -1, 0, 1 ] ], 
  [ [ -1, 0, 0, 0 ], [ 0, -1, 0, 0 ], [ 0, 0, -1, 0 ], [ 0, 0, 0, -1 ] ], 
  [ [ 1, 0, 0, 0 ], [ 0, 1, 0, 0 ], [ 0, 0, 1, 0 ], [ 0, 0, 0, 1 ] ], 
  [ [ 1, 0, 0, 0 ], [ 0, 1, 0, 0 ], [ 1, 1, -1, 0 ], [ 2, 1, 0, -1 ] ], 
  [ [ 1, 0, 2, -2 ], [ 0, 1, -4, 2 ], [ 0, 0, -1, 0 ], [ 0, 0, 0, -1 ] ], 
  [ [ 1, 0, 2, -2 ], [ 0, 1, -4, 2 ], [ 1, 1, -1, 0 ], [ 2, 1, 0, -1 ] ] ]),BoundaryImage:=rec(ListIFace:=[ 3, 4, 4, 3 ],ListSign:=[ 1, -1, -1, 1 ],ListElt:=[ [ [ 1, 0, 0, 0 ], [ 0, 1, 0, 0 ], [ 1, 1, -1, 0 ], [ 2, 1, 0, -1 ] ], 
  [ [ 1, -1, 0, 0 ], [ -2, 1, 0, 0 ], [ -2, -1, 1, 1 ], [ -2, -2, 2, 1 ] ], 
  [ [ 1, 1, -2, 0 ], [ 2, 1, 0, -2 ], [ 2, 1, -1, -1 ], [ 2, 2, -2, -1 ] ], 
  [ [ -1, 0, -2, 2 ], [ 0, -1, 4, -2 ], [ -1, -1, 1, 0 ], [ -2, -1, 0, 1 ] ] ]))],[rec(TheMatrixStab:=Group([ [ [ -1, 0, 0, 0 ], [ 0, -1, 0, 0 ], [ -1, -1, 1, 0 ], [ -2, -1, 0, 1 ] ], 
  [ [ -1, 0, 0, 0 ], [ 0, -1, 0, 0 ], [ 0, 0, -1, 0 ], [ 0, 0, 0, -1 ] ], 
  [ [ 1, 0, 0, 0 ], [ 0, 1, 0, 0 ], [ 0, 0, 1, 0 ], [ 0, 0, 0, 1 ] ], 
  [ [ 1, 0, 0, 0 ], [ 0, 1, 0, 0 ], [ 1, 1, -1, 0 ], [ 2, 1, 0, -1 ] ] ]),TheRotSubgroup:=Group([ [ [ -1, 0, 0, 0 ], [ 0, -1, 0, 0 ], [ 0, 0, -1, 0 ], [ 0, 0, 0, -1 ] ], 
  [ [ 1, 0, 0, 0 ], [ 0, 1, 0, 0 ], [ 0, 0, 1, 0 ], [ 0, 0, 0, 1 ] ] ]),BoundaryImage:=rec(ListIFace:=[ 1, 3, 4, 4, 2, 1 ],ListSign:=[ 1, -1, 1, -1, -1, -1 ],ListElt:=[ [ [ 1, 0, 0, 0 ], [ 0, 1, 0, 0 ], [ 0, 0, 1, 0 ], [ 0, 0, 0, 1 ] ], 
  [ [ 3, 2, -1, -2 ], [ 4, 3, -4, -1 ], [ 3, 2, -2, -1 ], [ 4, 3, -2, -2 ] ], 
  [ [ 1, 0, 0, 0 ], [ 0, 1, 0, 0 ], [ 0, 0, 1, 0 ], [ 0, 0, 0, 1 ] ], 
  [ [ 1, 0, 0, 0 ], [ 0, 1, 0, 0 ], [ 1, 1, -1, 0 ], [ 2, 1, 0, -1 ] ], 
  [ [ -3, -2, 1, 2 ], [ -4, -3, 4, 1 ], [ -4, -3, 3, 2 ], [ -6, -4, 4, 3 ] ], 
  [ [ 1, 0, 0, 0 ], [ 0, 1, 0, 0 ], [ 1, 1, -1, 0 ], [ 2, 1, 0, -1 ] ] ])),rec(TheMatrixStab:=Group([ [ [ -3, -2, 0, 3 ], [ -4, -3, 6, 0 ], [ -4, -3, 3, 2 ], [ -6, -4, 4, 3 ] ], 
  [ [ -3, -2, 4, 0 ], [ -4, -3, 0, 4 ], [ -4, -3, 3, 2 ], [ -6, -4, 4, 3 ] ], 
  [ [ -2, -2, 1, 2 ], [ -4, -2, 4, 1 ], [ -3, -2, 2, 2 ], [ -4, -3, 4, 2 ] ], 
  [ [ -2, -2, 3, 0 ], [ -4, -2, 0, 3 ], [ -3, -2, 2, 1 ], [ -4, -3, 2, 2 ] ], 
  [ [ -2, -1, -1, 2 ], [ -2, -2, 4, -1 ], [ -3, -2, 2, 1 ], [ -4, -3, 2, 2 ] ]
    , 
  [ [ -2, -1, 3, 0 ], [ -2, -2, 0, 3 ], [ -3, -2, 2, 2 ], [ -4, -3, 4, 2 ] ], 
  [ [ -1, 0, 0, 0 ], [ 0, -1, 0, 0 ], [ 0, 0, -1, 0 ], [ 0, 0, 0, -1 ] ], 
  [ [ -1, 0, 0, 1 ], [ 0, -1, 2, 0 ], [ 0, 0, 1, 0 ], [ 0, 0, 0, 1 ] ], 
  [ [ 1, 0, 0, -1 ], [ 0, 1, -2, 0 ], [ 0, 0, -1, 0 ], [ 0, 0, 0, -1 ] ], 
  [ [ 1, 0, 0, 0 ], [ 0, 1, 0, 0 ], [ 0, 0, 1, 0 ], [ 0, 0, 0, 1 ] ], 
  [ [ 2, 1, -3, 0 ], [ 2, 2, 0, -3 ], [ 3, 2, -2, -2 ], [ 4, 3, -4, -2 ] ], 
  [ [ 2, 1, 1, -2 ], [ 2, 2, -4, 1 ], [ 3, 2, -2, -1 ], [ 4, 3, -2, -2 ] ], 
  [ [ 2, 2, -3, 0 ], [ 4, 2, 0, -3 ], [ 3, 2, -2, -1 ], [ 4, 3, -2, -2 ] ], 
  [ [ 2, 2, -1, -2 ], [ 4, 2, -4, -1 ], [ 3, 2, -2, -2 ], [ 4, 3, -4, -2 ] ], 
  [ [ 3, 2, -4, 0 ], [ 4, 3, 0, -4 ], [ 4, 3, -3, -2 ], [ 6, 4, -4, -3 ] ], 
  [ [ 3, 2, 0, -3 ], [ 4, 3, -6, 0 ], [ 4, 3, -3, -2 ], [ 6, 4, -4, -3 ] ] ]),TheRotSubgroup:=Group([ [ [ -3, -2, 0, 3 ], [ -4, -3, 6, 0 ], [ -4, -3, 3, 2 ], [ -6, -4, 4, 3 ] ], 
  [ [ -2, -2, 3, 0 ], [ -4, -2, 0, 3 ], [ -3, -2, 2, 1 ], [ -4, -3, 2, 2 ] ], 
  [ [ -2, -1, 3, 0 ], [ -2, -2, 0, 3 ], [ -3, -2, 2, 2 ], [ -4, -3, 4, 2 ] ], 
  [ [ -1, 0, 0, 0 ], [ 0, -1, 0, 0 ], [ 0, 0, -1, 0 ], [ 0, 0, 0, -1 ] ], 
  [ [ 1, 0, 0, 0 ], [ 0, 1, 0, 0 ], [ 0, 0, 1, 0 ], [ 0, 0, 0, 1 ] ], 
  [ [ 2, 1, -3, 0 ], [ 2, 2, 0, -3 ], [ 3, 2, -2, -2 ], [ 4, 3, -4, -2 ] ], 
  [ [ 2, 2, -3, 0 ], [ 4, 2, 0, -3 ], [ 3, 2, -2, -1 ], [ 4, 3, -2, -2 ] ], 
  [ [ 3, 2, 0, -3 ], [ 4, 3, -6, 0 ], [ 4, 3, -3, -2 ], [ 6, 4, -4, -3 ] ] ]),BoundaryImage:=rec(ListIFace:=[ 1, 2, 2, 2, 1, 2, 1, 1 ],ListSign:=[ 1, 1, 1, -1, -1, 1, 1, 1 ],ListElt:=[ [ [ -1, 0, 0, 0 ], [ 0, -1, 0, 0 ], [ 0, 0, -1, 0 ], [ 0, 0, 0, -1 ] ], 
  [ [ -1, 0, 0, 0 ], [ 0, -1, 0, 0 ], [ 0, 0, -1, 0 ], [ 0, 0, 0, -1 ] ], 
  [ [ -2, -1, 3, 0 ], [ -2, -2, 0, 3 ], [ -3, -2, 2, 2 ], [ -4, -3, 4, 2 ] ], 
  [ [ -2, -1, -1, 2 ], [ -2, -2, 4, -1 ], [ -3, -2, 2, 1 ], [ -4, -3, 2, 2 ] ]
    , 
  [ [ -2, -1, -1, 2 ], [ -2, -2, 4, -1 ], [ -3, -2, 2, 1 ], [ -4, -3, 2, 2 ] ]
    , [ [ 2, 2, -3, 0 ], [ 4, 2, 0, -3 ], [ 3, 2, -2, -1 ], [ 4, 3, -2, -2 ] ]
    , [ [ 2, 2, -3, 0 ], [ 4, 2, 0, -3 ], [ 3, 2, -2, -1 ], [ 4, 3, -2, -2 ] ]
    , 
  [ [ -2, -1, 3, 0 ], [ -2, -2, 0, 3 ], [ -3, -2, 2, 2 ], [ -4, -3, 4, 2 ] ] ])),rec(TheMatrixStab:=Group([ [ [ -3, -2, 0, 4 ], [ -4, -3, 8, 0 ], [ -3, -2, 3, 2 ], [ -4, -3, 4, 3 ] ], 
  [ [ -3, -2, 5, 0 ], [ -4, -3, 0, 5 ], [ -3, -2, 2, 2 ], [ -4, -3, 4, 2 ] ], 
  [ [ -2, -2, 1, 2 ], [ -4, -2, 4, 1 ], [ -3, -2, 2, 2 ], [ -4, -3, 4, 2 ] ], 
  [ [ -2, -2, 5, 0 ], [ -4, -2, 0, 5 ], [ -3, -2, 3, 2 ], [ -4, -3, 4, 3 ] ], 
  [ [ -1, 0, -1, 2 ], [ 0, -1, 4, -1 ], [ 0, 0, 1, 0 ], [ 0, 0, 0, 1 ] ], 
  [ [ -1, 0, 0, 0 ], [ 0, -1, 0, 0 ], [ 0, 0, -1, 0 ], [ 0, 0, 0, -1 ] ], 
  [ [ 1, 0, 0, 0 ], [ 0, 1, 0, 0 ], [ 0, 0, 1, 0 ], [ 0, 0, 0, 1 ] ], 
  [ [ 1, 0, 1, -2 ], [ 0, 1, -4, 1 ], [ 0, 0, -1, 0 ], [ 0, 0, 0, -1 ] ], 
  [ [ 2, 2, -5, 0 ], [ 4, 2, 0, -5 ], [ 3, 2, -3, -2 ], [ 4, 3, -4, -3 ] ], 
  [ [ 2, 2, -1, -2 ], [ 4, 2, -4, -1 ], [ 3, 2, -2, -2 ], [ 4, 3, -4, -2 ] ], 
  [ [ 3, 2, -5, 0 ], [ 4, 3, 0, -5 ], [ 3, 2, -2, -2 ], [ 4, 3, -4, -2 ] ], 
  [ [ 3, 2, 0, -4 ], [ 4, 3, -8, 0 ], [ 3, 2, -3, -2 ], [ 4, 3, -4, -3 ] ] ]),TheRotSubgroup:=Group([ [ [ -3, -2, 5, 0 ], [ -4, -3, 0, 5 ], [ -3, -2, 2, 2 ], [ -4, -3, 4, 2 ] ], 
  [ [ -2, -2, 5, 0 ], [ -4, -2, 0, 5 ], [ -3, -2, 3, 2 ], [ -4, -3, 4, 3 ] ], 
  [ [ -1, 0, 0, 0 ], [ 0, -1, 0, 0 ], [ 0, 0, -1, 0 ], [ 0, 0, 0, -1 ] ], 
  [ [ 1, 0, 0, 0 ], [ 0, 1, 0, 0 ], [ 0, 0, 1, 0 ], [ 0, 0, 0, 1 ] ], 
  [ [ 2, 2, -5, 0 ], [ 4, 2, 0, -5 ], [ 3, 2, -3, -2 ], [ 4, 3, -4, -3 ] ], 
  [ [ 3, 2, -5, 0 ], [ 4, 3, 0, -5 ], [ 3, 2, -2, -2 ], [ 4, 3, -4, -2 ] ] ]),BoundaryImage:=rec(ListIFace:=[ 1, 5, 5, 5, 3, 1, 2, 2, 3, 2, 3, 1 ],ListSign:=[ 1, 1, 1, 1, -1, 1, -1, -1, -1, 1, 1, -1 ],ListElt:=[ [ [ 1, 0, 0, 0 ], [ 0, 1, 0, 0 ], [ 0, 0, 1, 0 ], [ 0, 0, 0, 1 ] ], 
  [ [ 1, 0, 0, -1 ], [ 0, 1, -2, 0 ], [ 1, 1, -1, -1 ], [ 2, 1, -2, -1 ] ], 
  [ [ 3, 3, -1, -3 ], [ 6, 3, -6, -1 ], [ 4, 3, -3, -2 ], [ 6, 4, -4, -3 ] ], 
  [ [ -2, -3, 1, 2 ], [ -6, -2, 4, 1 ], [ -3, -2, 2, 1 ], [ -4, -3, 2, 2 ] ], 
  [ [ 2, 2, -1, -2 ], [ 4, 2, -4, -1 ], [ 3, 2, -2, -2 ], [ 4, 3, -4, -2 ] ], 
  [ [ -3, -2, 5, 0 ], [ -4, -3, 0, 5 ], [ -3, -2, 2, 2 ], [ -4, -3, 4, 2 ] ], 
  [ [ -2, -3, 1, 2 ], [ -6, -2, 4, 1 ], [ -3, -2, 2, 1 ], [ -4, -3, 2, 2 ] ], 
  [ [ 1, 0, 0, -1 ], [ 0, 1, -2, 0 ], [ 1, 1, -1, -1 ], [ 2, 1, -2, -1 ] ], 
  [ [ -1, 0, -1, 2 ], [ 0, -1, 4, -1 ], [ 0, 0, 1, 0 ], [ 0, 0, 0, 1 ] ], 
  [ [ 3, 1, -1, -1 ], [ 2, 3, -2, -1 ], [ 3, 2, -2, -1 ], [ 4, 3, -2, -2 ] ], 
  [ [ 2, 2, -5, 0 ], [ 4, 2, 0, -5 ], [ 3, 2, -3, -2 ], [ 4, 3, -4, -3 ] ], 
  [ [ -3, -2, 0, 4 ], [ -4, -3, 8, 0 ], [ -3, -2, 3, 2 ], [ -4, -3, 4, 3 ] ] ])),rec(TheMatrixStab:=Group([ [ [ -2, -2, 1, 2 ], [ -4, -2, 4, 1 ], [ -3, -2, 2, 2 ], [ -4, -3, 4, 2 ] ], 
  [ [ -1, 0, 0, 0 ], [ 0, -1, 0, 0 ], [ 0, 0, -1, 0 ], [ 0, 0, 0, -1 ] ], 
  [ [ 1, 0, 0, 0 ], [ 0, 1, 0, 0 ], [ 0, 0, 1, 0 ], [ 0, 0, 0, 1 ] ], 
  [ [ 2, 2, -1, -2 ], [ 4, 2, -4, -1 ], [ 3, 2, -2, -2 ], [ 4, 3, -4, -2 ] ] ]),TheRotSubgroup:=Group([ [ [ -1, 0, 0, 0 ], [ 0, -1, 0, 0 ], [ 0, 0, -1, 0 ], [ 0, 0, 0, -1 ] ], 
  [ [ 1, 0, 0, 0 ], [ 0, 1, 0, 0 ], [ 0, 0, 1, 0 ], [ 0, 0, 0, 1 ] ] ]),BoundaryImage:=rec(ListIFace:=[ 1, 5, 2, 4, 2, 4 ],ListSign:=[ 1, -1, -1, 1, 1, -1 ],ListElt:=[ [ [ 1, 0, 0, 0 ], [ 0, 1, 0, 0 ], [ 0, 0, 1, 0 ], [ 0, 0, 0, 1 ] ], 
  [ [ 2, 2, -1, -2 ], [ 4, 2, -4, -1 ], [ 3, 2, -2, -2 ], [ 4, 3, -4, -2 ] ], 
  [ [ -3, -2, 3, 1 ], [ -4, -3, 2, 3 ], [ -4, -3, 3, 2 ], [ -6, -4, 4, 3 ] ], 
  [ [ -5, -4, 4, 3 ], [ -8, -5, 6, 4 ], [ -7, -5, 5, 4 ], [ -10, -7, 8, 5 ] ],
  [ [ -2, -1, 1, 0 ], [ -2, -2, 0, 1 ], [ -3, -2, 1, 1 ], [ -4, -3, 2, 1 ] ], 
  [ [ 1, 1, -1, 0 ], [ 2, 1, 0, -1 ], [ 3, 2, -2, -1 ], [ 4, 3, -2, -2 ] ] ])),rec(TheMatrixStab:=Group([ [ [ -5, -4, 4, 4 ], [ -8, -5, 8, 4 ], [ -6, -4, 5, 4 ], [ -8, -6, 8, 5 ] ], 
  [ [ -1, 0, 0, 0 ], [ 0, -1, 0, 0 ], [ 0, 0, -1, 0 ], [ 0, 0, 0, -1 ] ], 
  [ [ 1, 0, 0, 0 ], [ 0, 1, 0, 0 ], [ 0, 0, 1, 0 ], [ 0, 0, 0, 1 ] ], 
  [ [ 5, 4, -4, -4 ], [ 8, 5, -8, -4 ], [ 6, 4, -5, -4 ], [ 8, 6, -8, -5 ] ] ]),TheRotSubgroup:=Group([ [ [ -5, -4, 4, 4 ], [ -8, -5, 8, 4 ], [ -6, -4, 5, 4 ], [ -8, -6, 8, 5 ] ], 
  [ [ -1, 0, 0, 0 ], [ 0, -1, 0, 0 ], [ 0, 0, -1, 0 ], [ 0, 0, 0, -1 ] ], 
  [ [ 1, 0, 0, 0 ], [ 0, 1, 0, 0 ], [ 0, 0, 1, 0 ], [ 0, 0, 0, 1 ] ], 
  [ [ 5, 4, -4, -4 ], [ 8, 5, -8, -4 ], [ 6, 4, -5, -4 ], [ 8, 6, -8, -5 ] ] ]),BoundaryImage:=rec(ListIFace:=[ 3, 4, 4, 6, 4, 3, 4, 6, 5, 5 ],ListSign:=[ 1, 1, 1, -1, 1, -1, 1, -1, -1, -1 ],ListElt:=[ [ [ -2, -2, 1, 2 ], [ -4, -2, 4, 1 ], [ -3, -2, 2, 2 ], [ -4, -3, 4, 2 ] ], 
  [ [ 4, 1, -3, -1 ], [ 2, 4, -2, -3 ], [ 3, 2, -2, -2 ], [ 4, 3, -4, -2 ] ], 
  [ [ 1, 0, 0, 0 ], [ 0, 1, 0, 0 ], [ 0, 0, 1, 0 ], [ 0, 0, 0, 1 ] ], 
  [ [ 1, 1, -3, 2 ], [ 2, 1, 4, -3 ], [ 1, 1, 0, 0 ], [ 2, 1, 0, 0 ] ], 
  [ [ 0, -1, -1, 1 ], [ -2, 0, 2, -1 ], [ -1, 0, 0, 0 ], [ 0, -1, 0, 0 ] ], 
  [ [ 5, 4, -4, -4 ], [ 8, 5, -8, -4 ], [ 6, 4, -5, -4 ], [ 8, 6, -8, -5 ] ], 
  [ [ 5, 4, -4, -4 ], [ 8, 5, -8, -4 ], [ 6, 4, -5, -4 ], [ 8, 6, -8, -5 ] ], 
  [ [ -1, -1, -1, 0 ], [ -2, -1, 0, -1 ], [ -1, -1, 0, -1 ], 
      [ -2, -1, -2, 0 ] ], 
  [ [ 0, -1, -1, 1 ], [ -2, 0, 2, -1 ], [ -1, 0, 0, 0 ], [ 0, -1, 0, 0 ] ], 
  [ [ 4, 1, -3, -1 ], [ 2, 4, -2, -3 ], [ 3, 2, -2, -2 ], [ 4, 3, -4, -2 ] ] ]))],[rec(TheMatrixStab:=Group([ [ [ -7, -4, 4, 4 ], [ -8, -7, 8, 4 ], [ -8, -6, 7, 4 ], [ -12, -8, 8, 7 ] ],
  [ [ -6, -5, 7, 2 ], [ -10, -6, 4, 7 ], [ -9, -6, 6, 5 ], [ -12, -9, 10, 6 ] 
     ], 
  [ [ -2, -1, -1, 2 ], [ -2, -2, 4, -1 ], [ -3, -2, 2, 1 ], [ -4, -3, 2, 2 ] ]
    , [ [ -1, 0, 0, 0 ], [ 0, -1, 0, 0 ], [ 0, 0, -1, 0 ], [ 0, 0, 0, -1 ] ], 
  [ [ 1, 0, 0, 0 ], [ 0, 1, 0, 0 ], [ 0, 0, 1, 0 ], [ 0, 0, 0, 1 ] ], 
  [ [ 2, 1, 1, -2 ], [ 2, 2, -4, 1 ], [ 3, 2, -2, -1 ], [ 4, 3, -2, -2 ] ], 
  [ [ 6, 5, -7, -2 ], [ 10, 6, -4, -7 ], [ 9, 6, -6, -5 ], [ 12, 9, -10, -6 ] 
     ], 
  [ [ 7, 4, -4, -4 ], [ 8, 7, -8, -4 ], [ 8, 6, -7, -4 ], [ 12, 8, -8, -7 ] ] 
 ]),TheRotSubgroup:=Group([ [ [ -7, -4, 4, 4 ], [ -8, -7, 8, 4 ], [ -8, -6, 7, 4 ], [ -12, -8, 8, 7 ] ],
  [ [ -1, 0, 0, 0 ], [ 0, -1, 0, 0 ], [ 0, 0, -1, 0 ], [ 0, 0, 0, -1 ] ], 
  [ [ 1, 0, 0, 0 ], [ 0, 1, 0, 0 ], [ 0, 0, 1, 0 ], [ 0, 0, 0, 1 ] ], 
  [ [ 7, 4, -4, -4 ], [ 8, 7, -8, -4 ], [ 8, 6, -7, -4 ], [ 12, 8, -8, -7 ] ] 
 ]),BoundaryImage:=rec(ListIFace:=[ 1, 5, 4, 4, 5, 1, 2, 4, 3, 1, 1, 4, 5, 5, 3, 1, 1, 4, 2, 4 ],ListSign:=[ 1, -1, 1, 1, 1, 1, 1, -1, -1, 1, 1, 1, 1, -1, 1, -1, 1, 1, 1, -1 ],ListElt:=[ [ [ 1, 0, 0, 0 ], [ 0, 1, 0, 0 ], [ 0, 0, 1, 0 ], [ 0, 0, 0, 1 ] ], 
  [ [ 3, 2, -1, -2 ], [ 4, 3, -4, -1 ], [ 3, 2, -2, -1 ], [ 4, 3, -2, -2 ] ], 
  [ [ -4, -1, 3, 1 ], [ -2, -4, 2, 3 ], [ -3, -3, 3, 2 ], [ -6, -3, 4, 3 ] ], 
  [ [ 2, 1, -3, 0 ], [ 2, 2, 0, -3 ], [ 3, 2, -2, -2 ], [ 4, 3, -4, -2 ] ], 
  [ [ -5, -4, 4, 4 ], [ -8, -5, 8, 4 ], [ -7, -5, 7, 4 ], [ -10, -7, 8, 7 ] ],
  [ [ 1, -1, 1, -1 ], [ -2, 1, -2, 1 ], [ 0, 0, -1, 0 ], [ 0, 0, 0, -1 ] ], 
  [ [ 3, 2, -4, 0 ], [ 4, 3, 0, -4 ], [ 4, 3, -3, -2 ], [ 6, 4, -4, -3 ] ], 
  [ [ 1, -1, 1, -1 ], [ -2, 1, -2, 1 ], [ 0, 0, -1, 0 ], [ 0, 0, 0, -1 ] ], 
  [ [ -5, -4, 7, 2 ], [ -8, -5, 4, 7 ], [ -7, -5, 6, 5 ], [ -10, -7, 10, 6 ] ]
    , 
  [ [ -7, -4, 4, 4 ], [ -8, -7, 8, 4 ], [ -8, -6, 7, 4 ], [ -12, -8, 8, 7 ] ],
  [ [ -1, -3, 3, 1 ], [ -6, -1, 2, 3 ], [ -4, -2, 3, 2 ], [ -4, -4, 4, 3 ] ], 
  [ [ 0, -1, -1, 1 ], [ -2, 0, 2, -1 ], [ -1, -1, 1, 0 ], [ -2, -1, 0, 1 ] ], 
  [ [ 5, 3, -4, -2 ], [ 6, 5, -4, -4 ], [ 7, 5, -5, -4 ], [ 10, 7, -8, -5 ] ],
  [ [ -5, -4, 7, 2 ], [ -8, -5, 4, 7 ], [ -7, -5, 6, 5 ], [ -10, -7, 10, 6 ] ]
    , 
  [ [ -3, -2, 5, 0 ], [ -4, -3, 0, 5 ], [ -4, -3, 3, 3 ], [ -6, -4, 6, 3 ] ], 
  [ [ -2, -1, -1, 2 ], [ -2, -2, 4, -1 ], [ -3, -2, 2, 1 ], [ -4, -3, 2, 2 ] ]
    , 
  [ [ -5, -4, 7, 2 ], [ -8, -5, 4, 7 ], [ -7, -5, 6, 5 ], [ -10, -7, 10, 6 ] ]
    , 
  [ [ -6, -5, 3, 4 ], [ -10, -6, 8, 3 ], [ -9, -6, 6, 4 ], [ -12, -9, 8, 6 ] ]
    , 
  [ [ -2, -2, -1, 2 ], [ -4, -2, 4, -1 ], [ -3, -2, 2, 0 ], [ -4, -3, 0, 2 ] ]
    , 
  [ [ -1, -3, 3, 1 ], [ -6, -1, 2, 3 ], [ -4, -2, 3, 2 ], [ -4, -4, 4, 3 ] ] ]))]];