HAP_GCOMPLEX_SETUP:=[false]; 
HAP_GCOMPLEX_LIST:=[[rec(TheMatrixStab:=Group([ [ [ -2, 0, 1, 0 ], [ 0, -2, 0, 3 ], [ -3, 0, 1, 0 ], [ 0, -1, 0, 1 ] ], 
  [ [ -1, 0, 0, 0 ], [ 0, -1, 0, 0 ], [ 0, 0, -1, 0 ], [ 0, 0, 0, -1 ] ], 
  [ [ -1, 0, 1, 0 ], [ 0, -1, 0, 3 ], [ -3, 0, 2, 0 ], [ 0, -1, 0, 2 ] ], 
  [ [ 1, 0, -1, 0 ], [ 0, 1, 0, -3 ], [ 3, 0, -2, 0 ], [ 0, 1, 0, -2 ] ], 
  [ [ 1, 0, 0, 0 ], [ 0, 1, 0, 0 ], [ 0, 0, 1, 0 ], [ 0, 0, 0, 1 ] ], 
  [ [ 2, 0, -1, 0 ], [ 0, 2, 0, -3 ], [ 3, 0, -1, 0 ], [ 0, 1, 0, -1 ] ] ]),TheRotSubgroup:=Group([ [ [ -2, 0, 1, 0 ], [ 0, -2, 0, 3 ], [ -3, 0, 1, 0 ], [ 0, -1, 0, 1 ] ], 
  [ [ -1, 0, 0, 0 ], [ 0, -1, 0, 0 ], [ 0, 0, -1, 0 ], [ 0, 0, 0, -1 ] ], 
  [ [ -1, 0, 1, 0 ], [ 0, -1, 0, 3 ], [ -3, 0, 2, 0 ], [ 0, -1, 0, 2 ] ], 
  [ [ 1, 0, -1, 0 ], [ 0, 1, 0, -3 ], [ 3, 0, -2, 0 ], [ 0, 1, 0, -2 ] ], 
  [ [ 1, 0, 0, 0 ], [ 0, 1, 0, 0 ], [ 0, 0, 1, 0 ], [ 0, 0, 0, 1 ] ], 
  [ [ 2, 0, -1, 0 ], [ 0, 2, 0, -3 ], [ 3, 0, -1, 0 ], [ 0, 1, 0, -1 ] ] ]),BoundaryImage:=rec(ListIFace:=[  ],ListSign:=[  ],ListElt:=[  ])),rec(TheMatrixStab:=Group([ [ [ -6, 1, 5, -1 ], [ -21, -6, 7, 15 ], [ -6, 2, 6, -3 ], [ -14, -2, 7, 6 ] 
     ], [ [ -1, 0, 0, 0 ], [ 0, -1, 0, 0 ], [ 0, 0, -1, 0 ], [ 0, 0, 0, -1 ] ]
    , [ [ 1, 0, 0, 0 ], [ 0, 1, 0, 0 ], [ 0, 0, 1, 0 ], [ 0, 0, 0, 1 ] ], 
  [ [ 6, -1, -5, 1 ], [ 21, 6, -7, -15 ], [ 6, -2, -6, 3 ], [ 14, 2, -7, -6 ] 
     ] ]),TheRotSubgroup:=Group([ [ [ -6, 1, 5, -1 ], [ -21, -6, 7, 15 ], [ -6, 2, 6, -3 ], [ -14, -2, 7, 6 ] 
     ], [ [ -1, 0, 0, 0 ], [ 0, -1, 0, 0 ], [ 0, 0, -1, 0 ], [ 0, 0, 0, -1 ] ]
    , [ [ 1, 0, 0, 0 ], [ 0, 1, 0, 0 ], [ 0, 0, 1, 0 ], [ 0, 0, 0, 1 ] ], 
  [ [ 6, -1, -5, 1 ], [ 21, 6, -7, -15 ], [ 6, -2, -6, 3 ], [ 14, 2, -7, -6 ] 
     ] ]),BoundaryImage:=rec(ListIFace:=[  ],ListSign:=[  ],ListElt:=[  ])),rec(TheMatrixStab:=Group([ [ [ -64, 1, 38, 10 ], [ -21, -64, -70, 114 ], [ -87, 11, 64, -3 ], 
      [ -77, -29, 7, 64 ] ], 
  [ [ -38, -6, 14, 17 ], [ 126, -38, -119, 42 ], [ -72, -3, 37, 18 ], 
      [ 21, -24, -42, 37 ] ], 
  [ [ -37, -6, 14, 17 ], [ 126, -37, -119, 42 ], [ -72, -3, 38, 18 ], 
      [ 21, -24, -42, 38 ] ], 
  [ [ -33, 8, 29, -8 ], [ -168, -33, 56, 87 ], [ -21, 16, 32, -24 ], 
      [ -112, -7, 56, 32 ] ], 
  [ [ -32, -7, 9, 18 ], [ 147, -32, -126, 27 ], [ -66, -5, 31, 21 ], 
      [ 35, -22, -49, 31 ] ], 
  [ [ -32, 8, 29, -8 ], [ -168, -32, 56, 87 ], [ -21, 16, 33, -24 ], 
      [ -112, -7, 56, 33 ] ], 
  [ [ -31, -7, 9, 18 ], [ 147, -31, -126, 27 ], [ -66, -5, 32, 21 ], 
      [ 35, -22, -49, 32 ] ], 
  [ [ -27, 7, 24, -7 ], [ -147, -27, 49, 72 ], [ -15, 14, 26, -21 ], 
      [ -98, -5, 49, 26 ] ], 
  [ [ -26, 7, 24, -7 ], [ -147, -26, 49, 72 ], [ -15, 14, 27, -21 ], 
      [ -98, -5, 49, 27 ] ], 
  [ [ -6, 1, 5, -1 ], [ -21, -6, 7, 15 ], [ -6, 2, 6, -3 ], [ -14, -2, 7, 6 ] 
     ], [ [ -5, -14, -15, 25 ], [ 294, -5, -175, -45 ], [ -51, -19, 5, 42 ], 
      [ 133, -17, -98, 5 ] ], 
  [ [ -1, 0, 0, 0 ], [ 0, -1, 0, 0 ], [ 0, 0, -1, 0 ], [ 0, 0, 0, -1 ] ], 
  [ [ 1, 0, 0, 0 ], [ 0, 1, 0, 0 ], [ 0, 0, 1, 0 ], [ 0, 0, 0, 1 ] ], 
  [ [ 5, 14, 15, -25 ], [ -294, 5, 175, 45 ], [ 51, 19, -5, -42 ], 
      [ -133, 17, 98, -5 ] ], 
  [ [ 6, -1, -5, 1 ], [ 21, 6, -7, -15 ], [ 6, -2, -6, 3 ], [ 14, 2, -7, -6 ] 
     ], [ [ 26, -7, -24, 7 ], [ 147, 26, -49, -72 ], [ 15, -14, -27, 21 ], 
      [ 98, 5, -49, -27 ] ], 
  [ [ 27, -7, -24, 7 ], [ 147, 27, -49, -72 ], [ 15, -14, -26, 21 ], 
      [ 98, 5, -49, -26 ] ], 
  [ [ 31, 7, -9, -18 ], [ -147, 31, 126, -27 ], [ 66, 5, -32, -21 ], 
      [ -35, 22, 49, -32 ] ], 
  [ [ 32, -8, -29, 8 ], [ 168, 32, -56, -87 ], [ 21, -16, -33, 24 ], 
      [ 112, 7, -56, -33 ] ], 
  [ [ 32, 7, -9, -18 ], [ -147, 32, 126, -27 ], [ 66, 5, -31, -21 ], 
      [ -35, 22, 49, -31 ] ], 
  [ [ 33, -8, -29, 8 ], [ 168, 33, -56, -87 ], [ 21, -16, -32, 24 ], 
      [ 112, 7, -56, -32 ] ], 
  [ [ 37, 6, -14, -17 ], [ -126, 37, 119, -42 ], [ 72, 3, -38, -18 ], 
      [ -21, 24, 42, -38 ] ], 
  [ [ 38, 6, -14, -17 ], [ -126, 38, 119, -42 ], [ 72, 3, -37, -18 ], 
      [ -21, 24, 42, -37 ] ], 
  [ [ 64, -1, -38, -10 ], [ 21, 64, 70, -114 ], [ 87, -11, -64, 3 ], 
      [ 77, 29, -7, -64 ] ] ]),TheRotSubgroup:=Group([ [ [ -64, 1, 38, 10 ], [ -21, -64, -70, 114 ], [ -87, 11, 64, -3 ], 
      [ -77, -29, 7, 64 ] ], 
  [ [ -38, -6, 14, 17 ], [ 126, -38, -119, 42 ], [ -72, -3, 37, 18 ], 
      [ 21, -24, -42, 37 ] ], 
  [ [ -37, -6, 14, 17 ], [ 126, -37, -119, 42 ], [ -72, -3, 38, 18 ], 
      [ 21, -24, -42, 38 ] ], 
  [ [ -33, 8, 29, -8 ], [ -168, -33, 56, 87 ], [ -21, 16, 32, -24 ], 
      [ -112, -7, 56, 32 ] ], 
  [ [ -32, -7, 9, 18 ], [ 147, -32, -126, 27 ], [ -66, -5, 31, 21 ], 
      [ 35, -22, -49, 31 ] ], 
  [ [ -32, 8, 29, -8 ], [ -168, -32, 56, 87 ], [ -21, 16, 33, -24 ], 
      [ -112, -7, 56, 33 ] ], 
  [ [ -31, -7, 9, 18 ], [ 147, -31, -126, 27 ], [ -66, -5, 32, 21 ], 
      [ 35, -22, -49, 32 ] ], 
  [ [ -27, 7, 24, -7 ], [ -147, -27, 49, 72 ], [ -15, 14, 26, -21 ], 
      [ -98, -5, 49, 26 ] ], 
  [ [ -26, 7, 24, -7 ], [ -147, -26, 49, 72 ], [ -15, 14, 27, -21 ], 
      [ -98, -5, 49, 27 ] ], 
  [ [ -6, 1, 5, -1 ], [ -21, -6, 7, 15 ], [ -6, 2, 6, -3 ], [ -14, -2, 7, 6 ] 
     ], [ [ -5, -14, -15, 25 ], [ 294, -5, -175, -45 ], [ -51, -19, 5, 42 ], 
      [ 133, -17, -98, 5 ] ], 
  [ [ -1, 0, 0, 0 ], [ 0, -1, 0, 0 ], [ 0, 0, -1, 0 ], [ 0, 0, 0, -1 ] ], 
  [ [ 1, 0, 0, 0 ], [ 0, 1, 0, 0 ], [ 0, 0, 1, 0 ], [ 0, 0, 0, 1 ] ], 
  [ [ 5, 14, 15, -25 ], [ -294, 5, 175, 45 ], [ 51, 19, -5, -42 ], 
      [ -133, 17, 98, -5 ] ], 
  [ [ 6, -1, -5, 1 ], [ 21, 6, -7, -15 ], [ 6, -2, -6, 3 ], [ 14, 2, -7, -6 ] 
     ], [ [ 26, -7, -24, 7 ], [ 147, 26, -49, -72 ], [ 15, -14, -27, 21 ], 
      [ 98, 5, -49, -27 ] ], 
  [ [ 27, -7, -24, 7 ], [ 147, 27, -49, -72 ], [ 15, -14, -26, 21 ], 
      [ 98, 5, -49, -26 ] ], 
  [ [ 31, 7, -9, -18 ], [ -147, 31, 126, -27 ], [ 66, 5, -32, -21 ], 
      [ -35, 22, 49, -32 ] ], 
  [ [ 32, -8, -29, 8 ], [ 168, 32, -56, -87 ], [ 21, -16, -33, 24 ], 
      [ 112, 7, -56, -33 ] ], 
  [ [ 32, 7, -9, -18 ], [ -147, 32, 126, -27 ], [ 66, 5, -31, -21 ], 
      [ -35, 22, 49, -31 ] ], 
  [ [ 33, -8, -29, 8 ], [ 168, 33, -56, -87 ], [ 21, -16, -32, 24 ], 
      [ 112, 7, -56, -32 ] ], 
  [ [ 37, 6, -14, -17 ], [ -126, 37, 119, -42 ], [ 72, 3, -38, -18 ], 
      [ -21, 24, 42, -38 ] ], 
  [ [ 38, 6, -14, -17 ], [ -126, 38, 119, -42 ], [ 72, 3, -37, -18 ], 
      [ -21, 24, 42, -37 ] ], 
  [ [ 64, -1, -38, -10 ], [ 21, 64, 70, -114 ], [ 87, -11, -64, 3 ], 
      [ 77, 29, -7, -64 ] ] ]),BoundaryImage:=rec(ListIFace:=[  ],ListSign:=[  ],ListElt:=[  ])),rec(TheMatrixStab:=Group([ [ [ -23, -2, 15, 7 ], [ 42, -23, -49, 45 ], [ -33, -1, 23, 6 ], 
      [ 7, -11, -14, 23 ] ], 
  [ [ -19, 2, 15, -2 ], [ -42, -19, 14, 45 ], [ -21, 4, 18, -6 ], 
      [ -28, -7, 14, 18 ] ], 
  [ [ -18, 2, 15, -2 ], [ -42, -18, 14, 45 ], [ -21, 4, 19, -6 ], 
      [ -28, -7, 14, 19 ] ], 
  [ [ -13, 1, 10, -1 ], [ -21, -13, 7, 30 ], [ -15, 2, 12, -3 ], 
      [ -14, -5, 7, 12 ] ], 
  [ [ -12, 1, 10, -1 ], [ -21, -12, 7, 30 ], [ -15, 2, 13, -3 ], 
      [ -14, -5, 7, 13 ] ], 
  [ [ -11, -3, 5, 8 ], [ 63, -11, -56, 15 ], [ -18, -3, 10, 9 ], 
      [ 21, -6, -21, 10 ] ], 
  [ [ -10, -3, 5, 8 ], [ 63, -10, -56, 15 ], [ -18, -3, 11, 9 ], 
      [ 21, -6, -21, 11 ] ], 
  [ [ -8, 5, 10, -10 ], [ -105, -8, 70, 30 ], [ -3, 7, 8, -15 ], 
      [ -49, -1, 35, 8 ] ], 
  [ [ -6, 1, 5, -1 ], [ -21, -6, 7, 15 ], [ -6, 2, 6, -3 ], [ -14, -2, 7, 6 ] 
     ], 
  [ [ -5, -4, 0, 9 ], [ 84, -5, -63, 0 ], [ -12, -5, 4, 12 ], 
      [ 35, -4, -28, 4 ] ], 
  [ [ -4, -4, 0, 9 ], [ 84, -4, -63, 0 ], [ -12, -5, 5, 12 ], 
      [ 35, -4, -28, 5 ] ], 
  [ [ -1, 0, 0, 0 ], [ 0, -1, 0, 0 ], [ 0, 0, -1, 0 ], [ 0, 0, 0, -1 ] ], 
  [ [ 1, 0, 0, 0 ], [ 0, 1, 0, 0 ], [ 0, 0, 1, 0 ], [ 0, 0, 0, 1 ] ], 
  [ [ 4, 4, 0, -9 ], [ -84, 4, 63, 0 ], [ 12, 5, -5, -12 ], 
      [ -35, 4, 28, -5 ] ], 
  [ [ 5, 4, 0, -9 ], [ -84, 5, 63, 0 ], [ 12, 5, -4, -12 ], 
      [ -35, 4, 28, -4 ] ], 
  [ [ 6, -1, -5, 1 ], [ 21, 6, -7, -15 ], [ 6, -2, -6, 3 ], [ 14, 2, -7, -6 ] 
     ], 
  [ [ 8, -5, -10, 10 ], [ 105, 8, -70, -30 ], [ 3, -7, -8, 15 ], 
      [ 49, 1, -35, -8 ] ], 
  [ [ 10, 3, -5, -8 ], [ -63, 10, 56, -15 ], [ 18, 3, -11, -9 ], 
      [ -21, 6, 21, -11 ] ], 
  [ [ 11, 3, -5, -8 ], [ -63, 11, 56, -15 ], [ 18, 3, -10, -9 ], 
      [ -21, 6, 21, -10 ] ], 
  [ [ 12, -1, -10, 1 ], [ 21, 12, -7, -30 ], [ 15, -2, -13, 3 ], 
      [ 14, 5, -7, -13 ] ], 
  [ [ 13, -1, -10, 1 ], [ 21, 13, -7, -30 ], [ 15, -2, -12, 3 ], 
      [ 14, 5, -7, -12 ] ], 
  [ [ 18, -2, -15, 2 ], [ 42, 18, -14, -45 ], [ 21, -4, -19, 6 ], 
      [ 28, 7, -14, -19 ] ], 
  [ [ 19, -2, -15, 2 ], [ 42, 19, -14, -45 ], [ 21, -4, -18, 6 ], 
      [ 28, 7, -14, -18 ] ], 
  [ [ 23, 2, -15, -7 ], [ -42, 23, 49, -45 ], [ 33, 1, -23, -6 ], 
      [ -7, 11, 14, -23 ] ] ]),TheRotSubgroup:=Group([ [ [ -23, -2, 15, 7 ], [ 42, -23, -49, 45 ], [ -33, -1, 23, 6 ], 
      [ 7, -11, -14, 23 ] ], 
  [ [ -19, 2, 15, -2 ], [ -42, -19, 14, 45 ], [ -21, 4, 18, -6 ], 
      [ -28, -7, 14, 18 ] ], 
  [ [ -18, 2, 15, -2 ], [ -42, -18, 14, 45 ], [ -21, 4, 19, -6 ], 
      [ -28, -7, 14, 19 ] ], 
  [ [ -13, 1, 10, -1 ], [ -21, -13, 7, 30 ], [ -15, 2, 12, -3 ], 
      [ -14, -5, 7, 12 ] ], 
  [ [ -12, 1, 10, -1 ], [ -21, -12, 7, 30 ], [ -15, 2, 13, -3 ], 
      [ -14, -5, 7, 13 ] ], 
  [ [ -11, -3, 5, 8 ], [ 63, -11, -56, 15 ], [ -18, -3, 10, 9 ], 
      [ 21, -6, -21, 10 ] ], 
  [ [ -10, -3, 5, 8 ], [ 63, -10, -56, 15 ], [ -18, -3, 11, 9 ], 
      [ 21, -6, -21, 11 ] ], 
  [ [ -8, 5, 10, -10 ], [ -105, -8, 70, 30 ], [ -3, 7, 8, -15 ], 
      [ -49, -1, 35, 8 ] ], 
  [ [ -6, 1, 5, -1 ], [ -21, -6, 7, 15 ], [ -6, 2, 6, -3 ], [ -14, -2, 7, 6 ] 
     ], 
  [ [ -5, -4, 0, 9 ], [ 84, -5, -63, 0 ], [ -12, -5, 4, 12 ], 
      [ 35, -4, -28, 4 ] ], 
  [ [ -4, -4, 0, 9 ], [ 84, -4, -63, 0 ], [ -12, -5, 5, 12 ], 
      [ 35, -4, -28, 5 ] ], 
  [ [ -1, 0, 0, 0 ], [ 0, -1, 0, 0 ], [ 0, 0, -1, 0 ], [ 0, 0, 0, -1 ] ], 
  [ [ 1, 0, 0, 0 ], [ 0, 1, 0, 0 ], [ 0, 0, 1, 0 ], [ 0, 0, 0, 1 ] ], 
  [ [ 4, 4, 0, -9 ], [ -84, 4, 63, 0 ], [ 12, 5, -5, -12 ], 
      [ -35, 4, 28, -5 ] ], 
  [ [ 5, 4, 0, -9 ], [ -84, 5, 63, 0 ], [ 12, 5, -4, -12 ], 
      [ -35, 4, 28, -4 ] ], 
  [ [ 6, -1, -5, 1 ], [ 21, 6, -7, -15 ], [ 6, -2, -6, 3 ], [ 14, 2, -7, -6 ] 
     ], 
  [ [ 8, -5, -10, 10 ], [ 105, 8, -70, -30 ], [ 3, -7, -8, 15 ], 
      [ 49, 1, -35, -8 ] ], 
  [ [ 10, 3, -5, -8 ], [ -63, 10, 56, -15 ], [ 18, 3, -11, -9 ], 
      [ -21, 6, 21, -11 ] ], 
  [ [ 11, 3, -5, -8 ], [ -63, 11, 56, -15 ], [ 18, 3, -10, -9 ], 
      [ -21, 6, 21, -10 ] ], 
  [ [ 12, -1, -10, 1 ], [ 21, 12, -7, -30 ], [ 15, -2, -13, 3 ], 
      [ 14, 5, -7, -13 ] ], 
  [ [ 13, -1, -10, 1 ], [ 21, 13, -7, -30 ], [ 15, -2, -12, 3 ], 
      [ 14, 5, -7, -12 ] ], 
  [ [ 18, -2, -15, 2 ], [ 42, 18, -14, -45 ], [ 21, -4, -19, 6 ], 
      [ 28, 7, -14, -19 ] ], 
  [ [ 19, -2, -15, 2 ], [ 42, 19, -14, -45 ], [ 21, -4, -18, 6 ], 
      [ 28, 7, -14, -18 ] ], 
  [ [ 23, 2, -15, -7 ], [ -42, 23, 49, -45 ], [ 33, 1, -23, -6 ], 
      [ -7, 11, 14, -23 ] ] ]),BoundaryImage:=rec(ListIFace:=[  ],ListSign:=[  ],ListElt:=[  ]))],[rec(TheMatrixStab:=Group([ [ [ -16, 0, 8, 3 ], [ 0, -16, -21, 24 ], [ -24, 3, 16, 0 ], 
      [ -21, -8, 0, 16 ] ], 
  [ [ -8, -3, 0, 6 ], [ 63, -8, -42, 0 ], [ -24, -3, 8, 9 ], 
      [ 21, -8, -21, 8 ] ], 
  [ [ -8, 3, 8, -3 ], [ -63, -8, 21, 24 ], [ 0, 6, 8, -9 ], [ -42, 0, 21, 8 ] 
     ], [ [ -2, 0, 1, 0 ], [ 0, -2, 0, 3 ], [ -3, 0, 1, 0 ], [ 0, -1, 0, 1 ] ]
    , [ [ -1, 0, 0, 0 ], [ 0, -1, 0, 0 ], [ 0, 0, -1, 0 ], [ 0, 0, 0, -1 ] ], 
  [ [ -1, 0, 1, 0 ], [ 0, -1, 0, 3 ], [ -3, 0, 2, 0 ], [ 0, -1, 0, 2 ] ], 
  [ [ 1, 0, -1, 0 ], [ 0, 1, 0, -3 ], [ 3, 0, -2, 0 ], [ 0, 1, 0, -2 ] ], 
  [ [ 1, 0, 0, 0 ], [ 0, 1, 0, 0 ], [ 0, 0, 1, 0 ], [ 0, 0, 0, 1 ] ], 
  [ [ 2, 0, -1, 0 ], [ 0, 2, 0, -3 ], [ 3, 0, -1, 0 ], [ 0, 1, 0, -1 ] ], 
  [ [ 8, -3, -8, 3 ], [ 63, 8, -21, -24 ], [ 0, -6, -8, 9 ], 
      [ 42, 0, -21, -8 ] ], 
  [ [ 8, 3, 0, -6 ], [ -63, 8, 42, 0 ], [ 24, 3, -8, -9 ], [ -21, 8, 21, -8 ] 
     ], 
  [ [ 16, 0, -8, -3 ], [ 0, 16, 21, -24 ], [ 24, -3, -16, 0 ], 
      [ 21, 8, 0, -16 ] ] ]),TheRotSubgroup:=Group([ [ [ -2, 0, 1, 0 ], [ 0, -2, 0, 3 ], [ -3, 0, 1, 0 ], [ 0, -1, 0, 1 ] ], 
  [ [ -1, 0, 0, 0 ], [ 0, -1, 0, 0 ], [ 0, 0, -1, 0 ], [ 0, 0, 0, -1 ] ], 
  [ [ -1, 0, 1, 0 ], [ 0, -1, 0, 3 ], [ -3, 0, 2, 0 ], [ 0, -1, 0, 2 ] ], 
  [ [ 1, 0, -1, 0 ], [ 0, 1, 0, -3 ], [ 3, 0, -2, 0 ], [ 0, 1, 0, -2 ] ], 
  [ [ 1, 0, 0, 0 ], [ 0, 1, 0, 0 ], [ 0, 0, 1, 0 ], [ 0, 0, 0, 1 ] ], 
  [ [ 2, 0, -1, 0 ], [ 0, 2, 0, -3 ], [ 3, 0, -1, 0 ], [ 0, 1, 0, -1 ] ] ]),BoundaryImage:=rec(ListIFace:=[ 1, 1 ],ListSign:=[ -1, 1 ],ListElt:=[ [ [ 1, 0, 0, 0 ], [ 0, 1, 0, 0 ], [ 0, 0, 1, 0 ], [ 0, 0, 0, 1 ] ], 
  [ [ -16, 0, 8, 3 ], [ 0, -16, -21, 24 ], [ -24, 3, 16, 0 ], 
      [ -21, -8, 0, 16 ] ] ])),rec(TheMatrixStab:=Group([ [ [ -1, 0, 0, 0 ], [ 0, -1, 0, 0 ], [ 0, 0, -1, 0 ], [ 0, 0, 0, -1 ] ], 
  [ [ 1, 0, 0, 0 ], [ 0, 1, 0, 0 ], [ 0, 0, 1, 0 ], [ 0, 0, 0, 1 ] ] ]),TheRotSubgroup:=Group([ [ [ -1, 0, 0, 0 ], [ 0, -1, 0, 0 ], [ 0, 0, -1, 0 ], [ 0, 0, 0, -1 ] ], 
  [ [ 1, 0, 0, 0 ], [ 0, 1, 0, 0 ], [ 0, 0, 1, 0 ], [ 0, 0, 0, 1 ] ] ]),BoundaryImage:=rec(ListIFace:=[ 1, 2 ],ListSign:=[ -1, 1 ],ListElt:=[ [ [ 2, 0, -1, 0 ], [ 0, 2, 0, -3 ], [ 3, 0, -1, 0 ], [ 0, 1, 0, -1 ] ], 
  [ [ -1, 0, 0, 0 ], [ 0, -1, 0, 0 ], [ 0, 0, -1, 0 ], [ 0, 0, 0, -1 ] ] ])),rec(TheMatrixStab:=Group([ [ [ -1, 0, 0, 0 ], [ 0, -1, 0, 0 ], [ 0, 0, -1, 0 ], [ 0, 0, 0, -1 ] ], 
  [ [ 1, 0, 0, 0 ], [ 0, 1, 0, 0 ], [ 0, 0, 1, 0 ], [ 0, 0, 0, 1 ] ] ]),TheRotSubgroup:=Group([ [ [ -1, 0, 0, 0 ], [ 0, -1, 0, 0 ], [ 0, 0, -1, 0 ], [ 0, 0, 0, -1 ] ], 
  [ [ 1, 0, 0, 0 ], [ 0, 1, 0, 0 ], [ 0, 0, 1, 0 ], [ 0, 0, 0, 1 ] ] ]),BoundaryImage:=rec(ListIFace:=[ 1, 2 ],ListSign:=[ -1, 1 ],ListElt:=[ [ [ 2, 0, -1, 0 ], [ 0, 2, 0, -3 ], [ 3, 0, -1, 0 ], [ 0, 1, 0, -1 ] ], 
  [ [ -5, 1, 4, -1 ], [ -21, -5, 7, 12 ], [ -3, 2, 4, -3 ], [ -14, -1, 7, 4 ] 
     ] ])),rec(TheMatrixStab:=Group([ [ [ -2, 0, 1, 0 ], [ 0, -2, 0, 3 ], [ -3, 0, 1, 0 ], [ 0, -1, 0, 1 ] ], 
  [ [ -2, 0, 1, 0 ], [ 0, -2, 0, 3 ], [ -3, 0, 2, 0 ], [ 0, -1, 0, 2 ] ], 
  [ [ -1, 0, 0, 0 ], [ 0, -1, 0, 0 ], [ -3, 0, 1, 0 ], [ 0, -1, 0, 1 ] ], 
  [ [ -1, 0, 0, 0 ], [ 0, -1, 0, 0 ], [ 0, 0, -1, 0 ], [ 0, 0, 0, -1 ] ], 
  [ [ -1, 0, 1, 0 ], [ 0, -1, 0, 3 ], [ -3, 0, 2, 0 ], [ 0, -1, 0, 2 ] ], 
  [ [ -1, 0, 1, 0 ], [ 0, -1, 0, 3 ], [ 0, 0, 1, 0 ], [ 0, 0, 0, 1 ] ], 
  [ [ 1, 0, -1, 0 ], [ 0, 1, 0, -3 ], [ 0, 0, -1, 0 ], [ 0, 0, 0, -1 ] ], 
  [ [ 1, 0, -1, 0 ], [ 0, 1, 0, -3 ], [ 3, 0, -2, 0 ], [ 0, 1, 0, -2 ] ], 
  [ [ 1, 0, 0, 0 ], [ 0, 1, 0, 0 ], [ 0, 0, 1, 0 ], [ 0, 0, 0, 1 ] ], 
  [ [ 1, 0, 0, 0 ], [ 0, 1, 0, 0 ], [ 3, 0, -1, 0 ], [ 0, 1, 0, -1 ] ], 
  [ [ 2, 0, -1, 0 ], [ 0, 2, 0, -3 ], [ 3, 0, -2, 0 ], [ 0, 1, 0, -2 ] ], 
  [ [ 2, 0, -1, 0 ], [ 0, 2, 0, -3 ], [ 3, 0, -1, 0 ], [ 0, 1, 0, -1 ] ] ]),TheRotSubgroup:=Group([ [ [ -2, 0, 1, 0 ], [ 0, -2, 0, 3 ], [ -3, 0, 1, 0 ], [ 0, -1, 0, 1 ] ], 
  [ [ -1, 0, 0, 0 ], [ 0, -1, 0, 0 ], [ 0, 0, -1, 0 ], [ 0, 0, 0, -1 ] ], 
  [ [ -1, 0, 1, 0 ], [ 0, -1, 0, 3 ], [ -3, 0, 2, 0 ], [ 0, -1, 0, 2 ] ], 
  [ [ 1, 0, -1, 0 ], [ 0, 1, 0, -3 ], [ 3, 0, -2, 0 ], [ 0, 1, 0, -2 ] ], 
  [ [ 1, 0, 0, 0 ], [ 0, 1, 0, 0 ], [ 0, 0, 1, 0 ], [ 0, 0, 0, 1 ] ], 
  [ [ 2, 0, -1, 0 ], [ 0, 2, 0, -3 ], [ 3, 0, -1, 0 ], [ 0, 1, 0, -1 ] ] ]),BoundaryImage:=rec(ListIFace:=[ 1, 1 ],ListSign:=[ -1, 1 ],ListElt:=[ [ [ -1, 0, 0, 0 ], [ 0, -1, 0, 0 ], [ -3, 0, 1, 0 ], [ 0, -1, 0, 1 ] ], 
  [ [ -1, 0, 1, 0 ], [ 0, -1, 0, 3 ], [ -3, 0, 2, 0 ], [ 0, -1, 0, 2 ] ] ])),rec(TheMatrixStab:=Group([ [ [ -1, 0, 0, 0 ], [ 0, -1, 0, 0 ], [ 0, 0, -1, 0 ], [ 0, 0, 0, -1 ] ], 
  [ [ 1, 0, 0, 0 ], [ 0, 1, 0, 0 ], [ 0, 0, 1, 0 ], [ 0, 0, 0, 1 ] ] ]),TheRotSubgroup:=Group([ [ [ -1, 0, 0, 0 ], [ 0, -1, 0, 0 ], [ 0, 0, -1, 0 ], [ 0, 0, 0, -1 ] ], 
  [ [ 1, 0, 0, 0 ], [ 0, 1, 0, 0 ], [ 0, 0, 1, 0 ], [ 0, 0, 0, 1 ] ] ]),BoundaryImage:=rec(ListIFace:=[ 2, 2 ],ListSign:=[ -1, 1 ],ListElt:=[ [ [ -1, 0, 0, 0 ], [ 0, -1, 0, 0 ], [ 0, 0, -1, 0 ], [ 0, 0, 0, -1 ] ], 
  [ [ -8, 0, 4, 1 ], [ 0, -8, -7, 12 ], [ -12, 1, 7, 0 ], [ -7, -4, 0, 7 ] ] ])),rec(TheMatrixStab:=Group([ [ [ -6, 1, 5, -1 ], [ -21, -6, 7, 15 ], [ -6, 2, 6, -3 ], [ -14, -2, 7, 6 ] 
     ], [ [ -1, 0, 0, 0 ], [ 0, -1, 0, 0 ], [ 0, 0, -1, 0 ], [ 0, 0, 0, -1 ] ]
    , [ [ 1, 0, 0, 0 ], [ 0, 1, 0, 0 ], [ 0, 0, 1, 0 ], [ 0, 0, 0, 1 ] ], 
  [ [ 6, -1, -5, 1 ], [ 21, 6, -7, -15 ], [ 6, -2, -6, 3 ], [ 14, 2, -7, -6 ] 
     ] ]),TheRotSubgroup:=Group([ [ [ -6, 1, 5, -1 ], [ -21, -6, 7, 15 ], [ -6, 2, 6, -3 ], [ -14, -2, 7, 6 ] 
     ], [ [ -1, 0, 0, 0 ], [ 0, -1, 0, 0 ], [ 0, 0, -1, 0 ], [ 0, 0, 0, -1 ] ]
    , [ [ 1, 0, 0, 0 ], [ 0, 1, 0, 0 ], [ 0, 0, 1, 0 ], [ 0, 0, 0, 1 ] ], 
  [ [ 6, -1, -5, 1 ], [ 21, 6, -7, -15 ], [ 6, -2, -6, 3 ], [ 14, 2, -7, -6 ] 
     ] ]),BoundaryImage:=rec(ListIFace:=[ 2, 3 ],ListSign:=[ -1, 1 ],ListElt:=[ [ [ 1, 0, 0, 0 ], [ 0, 1, 0, 0 ], [ 0, 0, 1, 0 ], [ 0, 0, 0, 1 ] ], 
  [ [ 32, -8, -29, 8 ], [ 168, 32, -56, -87 ], [ 21, -16, -33, 24 ], 
      [ 112, 7, -56, -33 ] ] ])),rec(TheMatrixStab:=Group([ [ [ -6, 1, 5, -1 ], [ -21, -6, 7, 15 ], [ -6, 2, 6, -3 ], [ -14, -2, 7, 6 ] 
     ], [ [ -1, 0, 0, 0 ], [ 0, -1, 0, 0 ], [ 0, 0, -1, 0 ], [ 0, 0, 0, -1 ] ]
    , [ [ 1, 0, 0, 0 ], [ 0, 1, 0, 0 ], [ 0, 0, 1, 0 ], [ 0, 0, 0, 1 ] ], 
  [ [ 6, -1, -5, 1 ], [ 21, 6, -7, -15 ], [ 6, -2, -6, 3 ], [ 14, 2, -7, -6 ] 
     ] ]),TheRotSubgroup:=Group([ [ [ -6, 1, 5, -1 ], [ -21, -6, 7, 15 ], [ -6, 2, 6, -3 ], [ -14, -2, 7, 6 ] 
     ], [ [ -1, 0, 0, 0 ], [ 0, -1, 0, 0 ], [ 0, 0, -1, 0 ], [ 0, 0, 0, -1 ] ]
    , [ [ 1, 0, 0, 0 ], [ 0, 1, 0, 0 ], [ 0, 0, 1, 0 ], [ 0, 0, 0, 1 ] ], 
  [ [ 6, -1, -5, 1 ], [ 21, 6, -7, -15 ], [ 6, -2, -6, 3 ], [ 14, 2, -7, -6 ] 
     ] ]),BoundaryImage:=rec(ListIFace:=[ 2, 4 ],ListSign:=[ -1, 1 ],ListElt:=[ [ [ -6, 1, 5, -1 ], [ -21, -6, 7, 15 ], [ -6, 2, 6, -3 ], [ -14, -2, 7, 6 ] 
     ], 
  [ [ 4, 4, 0, -9 ], [ -84, 4, 63, 0 ], [ 12, 5, -5, -12 ], 
      [ -35, 4, 28, -5 ] ] ])),rec(TheMatrixStab:=Group([ [ [ -1, 0, 0, 0 ], [ 0, -1, 0, 0 ], [ 0, 0, -1, 0 ], [ 0, 0, 0, -1 ] ], 
  [ [ 1, 0, 0, 0 ], [ 0, 1, 0, 0 ], [ 0, 0, 1, 0 ], [ 0, 0, 0, 1 ] ] ]),TheRotSubgroup:=Group([ [ [ -1, 0, 0, 0 ], [ 0, -1, 0, 0 ], [ 0, 0, -1, 0 ], [ 0, 0, 0, -1 ] ], 
  [ [ 1, 0, 0, 0 ], [ 0, 1, 0, 0 ], [ 0, 0, 1, 0 ], [ 0, 0, 0, 1 ] ] ]),BoundaryImage:=rec(ListIFace:=[ 3, 4 ],ListSign:=[ -1, 1 ],ListElt:=[ [ [ -33, 8, 29, -8 ], [ -168, -33, 56, 87 ], [ -21, 16, 32, -24 ], 
      [ -112, -7, 56, 32 ] ], 
  [ [ 0, 29, 22, -61 ], [ -609, 0, 427, 66 ], [ 90, 41, -32, -96 ], 
      [ -287, 30, 224, -32 ] ] ])),rec(TheMatrixStab:=Group([ [ [ -38, -6, 14, 17 ], [ 126, -38, -119, 42 ], [ -72, -3, 37, 18 ], 
      [ 21, -24, -42, 37 ] ], 
  [ [ -37, -6, 14, 17 ], [ 126, -37, -119, 42 ], [ -72, -3, 38, 18 ], 
      [ 21, -24, -42, 38 ] ], 
  [ [ -1, 0, 0, 0 ], [ 0, -1, 0, 0 ], [ 0, 0, -1, 0 ], [ 0, 0, 0, -1 ] ], 
  [ [ 1, 0, 0, 0 ], [ 0, 1, 0, 0 ], [ 0, 0, 1, 0 ], [ 0, 0, 0, 1 ] ], 
  [ [ 37, 6, -14, -17 ], [ -126, 37, 119, -42 ], [ 72, 3, -38, -18 ], 
      [ -21, 24, 42, -38 ] ], 
  [ [ 38, 6, -14, -17 ], [ -126, 38, 119, -42 ], [ 72, 3, -37, -18 ], 
      [ -21, 24, 42, -37 ] ] ]),TheRotSubgroup:=Group([ [ [ -38, -6, 14, 17 ], [ 126, -38, -119, 42 ], [ -72, -3, 37, 18 ], 
      [ 21, -24, -42, 37 ] ], 
  [ [ -37, -6, 14, 17 ], [ 126, -37, -119, 42 ], [ -72, -3, 38, 18 ], 
      [ 21, -24, -42, 38 ] ], 
  [ [ -1, 0, 0, 0 ], [ 0, -1, 0, 0 ], [ 0, 0, -1, 0 ], [ 0, 0, 0, -1 ] ], 
  [ [ 1, 0, 0, 0 ], [ 0, 1, 0, 0 ], [ 0, 0, 1, 0 ], [ 0, 0, 0, 1 ] ], 
  [ [ 37, 6, -14, -17 ], [ -126, 37, 119, -42 ], [ 72, 3, -38, -18 ], 
      [ -21, 24, 42, -38 ] ], 
  [ [ 38, 6, -14, -17 ], [ -126, 38, 119, -42 ], [ 72, 3, -37, -18 ], 
      [ -21, 24, 42, -37 ] ] ]),BoundaryImage:=rec(ListIFace:=[ 3, 4 ],ListSign:=[ -1, 1 ],ListElt:=[ [ [ -64, 1, 38, 10 ], [ -21, -64, -70, 114 ], [ -87, 11, 64, -3 ], 
      [ -77, -29, 7, 64 ] ], 
  [ [ 69, -4, -50, 1 ], [ 84, 69, -7, -150 ], [ 84, -16, -69, 24 ], 
      [ 112, 28, -56, -69 ] ] ])),rec(TheMatrixStab:=Group([ [ [ -32, -7, 9, 18 ], [ 147, -32, -126, 27 ], [ -66, -5, 31, 21 ], 
      [ 35, -22, -49, 31 ] ], 
  [ [ -31, -7, 9, 18 ], [ 147, -31, -126, 27 ], [ -66, -5, 32, 21 ], 
      [ 35, -22, -49, 32 ] ], 
  [ [ -1, 0, 0, 0 ], [ 0, -1, 0, 0 ], [ 0, 0, -1, 0 ], [ 0, 0, 0, -1 ] ], 
  [ [ 1, 0, 0, 0 ], [ 0, 1, 0, 0 ], [ 0, 0, 1, 0 ], [ 0, 0, 0, 1 ] ], 
  [ [ 31, 7, -9, -18 ], [ -147, 31, 126, -27 ], [ 66, 5, -32, -21 ], 
      [ -35, 22, 49, -32 ] ], 
  [ [ 32, 7, -9, -18 ], [ -147, 32, 126, -27 ], [ 66, 5, -31, -21 ], 
      [ -35, 22, 49, -31 ] ] ]),TheRotSubgroup:=Group([ [ [ -32, -7, 9, 18 ], [ 147, -32, -126, 27 ], [ -66, -5, 31, 21 ], 
      [ 35, -22, -49, 31 ] ], 
  [ [ -31, -7, 9, 18 ], [ 147, -31, -126, 27 ], [ -66, -5, 32, 21 ], 
      [ 35, -22, -49, 32 ] ], 
  [ [ -1, 0, 0, 0 ], [ 0, -1, 0, 0 ], [ 0, 0, -1, 0 ], [ 0, 0, 0, -1 ] ], 
  [ [ 1, 0, 0, 0 ], [ 0, 1, 0, 0 ], [ 0, 0, 1, 0 ], [ 0, 0, 0, 1 ] ], 
  [ [ 31, 7, -9, -18 ], [ -147, 31, 126, -27 ], [ 66, 5, -32, -21 ], 
      [ -35, 22, 49, -32 ] ], 
  [ [ 32, 7, -9, -18 ], [ -147, 32, 126, -27 ], [ 66, 5, -31, -21 ], 
      [ -35, 22, 49, -31 ] ] ]),BoundaryImage:=rec(ListIFace:=[ 3, 4 ],ListSign:=[ -1, 1 ],ListElt:=[ [ [ 37, 6, -14, -17 ], [ -126, 37, 119, -42 ], [ 72, 3, -38, -18 ], 
      [ -21, 24, 42, -38 ] ], 
  [ [ 15, -13, -21, 26 ], [ 273, 15, -182, -63 ], [ -21, -20, -1, 45 ], 
      [ 140, -7, -105, -1 ] ] ]))],[rec(TheMatrixStab:=Group([ [ [ -19, 6, 18, -6 ], [ -126, -19, 42, 54 ], [ -6, 12, 19, -18 ], 
      [ -84, -2, 42, 19 ] ], 
  [ [ -1, 0, 0, 0 ], [ 0, -1, 0, 0 ], [ 0, 0, -1, 0 ], [ 0, 0, 0, -1 ] ], 
  [ [ 1, 0, 0, 0 ], [ 0, 1, 0, 0 ], [ 0, 0, 1, 0 ], [ 0, 0, 0, 1 ] ], 
  [ [ 19, -6, -18, 6 ], [ 126, 19, -42, -54 ], [ 6, -12, -19, 18 ], 
      [ 84, 2, -42, -19 ] ] ]),TheRotSubgroup:=Group([ [ [ -19, 6, 18, -6 ], [ -126, -19, 42, 54 ], [ -6, 12, 19, -18 ], 
      [ -84, -2, 42, 19 ] ], 
  [ [ -1, 0, 0, 0 ], [ 0, -1, 0, 0 ], [ 0, 0, -1, 0 ], [ 0, 0, 0, -1 ] ], 
  [ [ 1, 0, 0, 0 ], [ 0, 1, 0, 0 ], [ 0, 0, 1, 0 ], [ 0, 0, 0, 1 ] ], 
  [ [ 19, -6, -18, 6 ], [ 126, 19, -42, -54 ], [ 6, -12, -19, 18 ], 
      [ 84, 2, -42, -19 ] ] ]),BoundaryImage:=rec(ListIFace:=[ 1, 2, 6, 3, 7, 9, 9, 7, 6, 3, 2, 1 ],ListSign:=[ 1, 1, 1, -1, -1, 1, 1, -1, 1, -1, 1, -1 ],ListElt:=[ [ [ -8, 3, 8, -3 ], [ -63, -8, 21, 24 ], [ 0, 6, 8, -9 ], [ -42, 0, 21, 8 ] 
     ], [ [ 1, 0, 0, 0 ], [ 0, 1, 0, 0 ], [ 0, 0, 1, 0 ], [ 0, 0, 0, 1 ] ], 
  [ [ -6, 1, 5, -1 ], [ -21, -6, 7, 15 ], [ -6, 2, 6, -3 ], [ -14, -2, 7, 6 ] 
     ], 
  [ [ 16, 0, -8, -3 ], [ 0, 16, 21, -24 ], [ 24, -3, -16, 0 ], 
      [ 21, 8, 0, -16 ] ], 
  [ [ -11, 2, 11, -2 ], [ -42, -11, 14, 33 ], [ -9, 5, 14, -9 ], 
      [ -35, -3, 21, 14 ] ], 
  [ [ 106, 14, -43, -44 ], [ -294, 106, 308, -129 ], [ 207, 2, -117, -42 ], 
      [ -14, 69, 98, -117 ] ], 
  [ [ -32, -7, 9, 18 ], [ 147, -32, -126, 27 ], [ -66, -5, 31, 21 ], 
      [ 35, -22, -49, 31 ] ], 
  [ [ 20, 3, -11, -8 ], [ -63, 20, 56, -33 ], [ 39, 1, -25, -6 ], 
      [ -7, 13, 14, -25 ] ], 
  [ [ -19, 6, 18, -6 ], [ -126, -19, 42, 54 ], [ -6, 12, 19, -18 ], 
      [ -84, -2, 42, 19 ] ], 
  [ [ -2, 6, 10, -9 ], [ -126, -2, 63, 30 ], [ 18, 9, 4, -18 ], 
      [ -63, 6, 42, 4 ] ], 
  [ [ -19, 6, 18, -6 ], [ -126, -19, 42, 54 ], [ -6, 12, 19, -18 ], 
      [ -84, -2, 42, 19 ] ], 
  [ [ -35, 0, 17, 6 ], [ 0, -35, -42, 51 ], [ -51, 6, 32, 0 ], 
      [ -42, -17, 0, 32 ] ] ])),rec(TheMatrixStab:=Group([ [ [ -1, 0, 0, 0 ], [ 0, -1, 0, 0 ], [ 0, 0, -1, 0 ], [ 0, 0, 0, -1 ] ], 
  [ [ 1, 0, 0, 0 ], [ 0, 1, 0, 0 ], [ 0, 0, 1, 0 ], [ 0, 0, 0, 1 ] ] ]),TheRotSubgroup:=Group([ [ [ -1, 0, 0, 0 ], [ 0, -1, 0, 0 ], [ 0, 0, -1, 0 ], [ 0, 0, 0, -1 ] ], 
  [ [ 1, 0, 0, 0 ], [ 0, 1, 0, 0 ], [ 0, 0, 1, 0 ], [ 0, 0, 0, 1 ] ] ]),BoundaryImage:=rec(ListIFace:=[ 2, 3, 5 ],ListSign:=[ 1, -1, 1 ],ListElt:=[ [ [ -1, 0, 0, 0 ], [ 0, -1, 0, 0 ], [ 0, 0, -1, 0 ], [ 0, 0, 0, -1 ] ], 
  [ [ -1, 0, 0, 0 ], [ 0, -1, 0, 0 ], [ 0, 0, -1, 0 ], [ 0, 0, 0, -1 ] ], 
  [ [ -6, 1, 5, -1 ], [ -21, -6, 7, 15 ], [ -6, 2, 6, -3 ], [ -14, -2, 7, 6 ] 
     ] ])),rec(TheMatrixStab:=Group([ [ [ -5, 0, 4, 0 ], [ 0, -5, 0, 12 ], [ -6, 0, 5, 0 ], [ 0, -2, 0, 5 ] ], 
  [ [ -1, 0, 0, 0 ], [ 0, -1, 0, 0 ], [ 0, 0, -1, 0 ], [ 0, 0, 0, -1 ] ], 
  [ [ 1, 0, 0, 0 ], [ 0, 1, 0, 0 ], [ 0, 0, 1, 0 ], [ 0, 0, 0, 1 ] ], 
  [ [ 5, 0, -4, 0 ], [ 0, 5, 0, -12 ], [ 6, 0, -5, 0 ], [ 0, 2, 0, -5 ] ] ]),TheRotSubgroup:=Group([ [ [ -5, 0, 4, 0 ], [ 0, -5, 0, 12 ], [ -6, 0, 5, 0 ], [ 0, -2, 0, 5 ] ], 
  [ [ -1, 0, 0, 0 ], [ 0, -1, 0, 0 ], [ 0, 0, -1, 0 ], [ 0, 0, 0, -1 ] ], 
  [ [ 1, 0, 0, 0 ], [ 0, 1, 0, 0 ], [ 0, 0, 1, 0 ], [ 0, 0, 0, 1 ] ], 
  [ [ 5, 0, -4, 0 ], [ 0, 5, 0, -12 ], [ 6, 0, -5, 0 ], [ 0, 2, 0, -5 ] ] ]),BoundaryImage:=rec(ListIFace:=[ 2, 4, 3, 6, 10, 7, 10, 7, 6, 3, 2, 4 ],ListSign:=[ 1, -1, -1, -1, -1, 1, -1, 1, -1, -1, 1, 1 ],ListElt:=[ [ [ 1, 0, 0, 0 ], [ 0, 1, 0, 0 ], [ 0, 0, 1, 0 ], [ 0, 0, 0, 1 ] ], 
  [ [ 1, 0, -1, 0 ], [ 0, 1, 0, -3 ], [ 0, 0, -1, 0 ], [ 0, 0, 0, -1 ] ], 
  [ [ -2, 0, 1, 0 ], [ 0, -2, 0, 3 ], [ -3, 0, 2, 0 ], [ 0, -1, 0, 2 ] ], 
  [ [ 4, -1, -4, 1 ], [ 21, 4, -7, -12 ], [ 9, -1, -7, 0 ], [ 7, 3, 0, -7 ] ],
  [ [ 24, 2, -11, -8 ], [ -42, 24, 56, -33 ], [ 27, 4, -10, -12 ], 
      [ -28, 9, 28, -10 ] ], 
  [ [ 1, 0, 0, 0 ], [ 0, 1, 0, 0 ], [ 0, 0, 1, 0 ], [ 0, 0, 0, 1 ] ], 
  [ [ 16, 1, -8, -5 ], [ -21, 16, 35, -24 ], [ 21, 1, -11, -6 ], 
      [ -7, 7, 14, -11 ] ], 
  [ [ -5, 0, 4, 0 ], [ 0, -5, 0, 12 ], [ -6, 0, 5, 0 ], [ 0, -2, 0, 5 ] ], 
  [ [ 16, 1, -8, -5 ], [ -21, 16, 35, -24 ], [ 21, 1, -11, -6 ], 
      [ -7, 7, 14, -11 ] ], 
  [ [ -2, 0, 3, 0 ], [ 0, -2, 0, 9 ], [ -3, 0, 4, 0 ], [ 0, -1, 0, 4 ] ], 
  [ [ -5, 0, 4, 0 ], [ 0, -5, 0, 12 ], [ -6, 0, 5, 0 ], [ 0, -2, 0, 5 ] ], 
  [ [ -5, 0, 4, 0 ], [ 0, -5, 0, 12 ], [ -6, 0, 5, 0 ], [ 0, -2, 0, 5 ] ] ])),rec(TheMatrixStab:=Group([ [ [ -1, 0, 0, 0 ], [ 0, -1, 0, 0 ], [ 0, 0, -1, 0 ], [ 0, 0, 0, -1 ] ], 
  [ [ 1, 0, 0, 0 ], [ 0, 1, 0, 0 ], [ 0, 0, 1, 0 ], [ 0, 0, 0, 1 ] ] ]),TheRotSubgroup:=Group([ [ [ -1, 0, 0, 0 ], [ 0, -1, 0, 0 ], [ 0, 0, -1, 0 ], [ 0, 0, 0, -1 ] ], 
  [ [ 1, 0, 0, 0 ], [ 0, 1, 0, 0 ], [ 0, 0, 1, 0 ], [ 0, 0, 0, 1 ] ] ]),BoundaryImage:=rec(ListIFace:=[ 2, 3, 5 ],ListSign:=[ 1, -1, -1 ],ListElt:=[ [ [ 1, 0, 0, 0 ], [ 0, 1, 0, 0 ], [ 0, 0, 1, 0 ], [ 0, 0, 0, 1 ] ], 
  [ [ -2, 0, 1, 0 ], [ 0, -2, 0, 3 ], [ -3, 0, 1, 0 ], [ 0, -1, 0, 1 ] ], 
  [ [ 7, 0, -4, -1 ], [ 0, 7, 7, -12 ], [ 12, -1, -8, 0 ], [ 7, 4, 0, -8 ] ] ])),rec(TheMatrixStab:=Group([ [ [ -50, 3, 33, 3 ], [ -63, -50, -21, 99 ], [ -63, 11, 50, -9 ], 
      [ -77, -21, 21, 50 ] ], 
  [ [ -1, 0, 0, 0 ], [ 0, -1, 0, 0 ], [ 0, 0, -1, 0 ], [ 0, 0, 0, -1 ] ], 
  [ [ 1, 0, 0, 0 ], [ 0, 1, 0, 0 ], [ 0, 0, 1, 0 ], [ 0, 0, 0, 1 ] ], 
  [ [ 50, -3, -33, -3 ], [ 63, 50, 21, -99 ], [ 63, -11, -50, 9 ], 
      [ 77, 21, -21, -50 ] ] ]),TheRotSubgroup:=Group([ [ [ -50, 3, 33, 3 ], [ -63, -50, -21, 99 ], [ -63, 11, 50, -9 ], 
      [ -77, -21, 21, 50 ] ], 
  [ [ -1, 0, 0, 0 ], [ 0, -1, 0, 0 ], [ 0, 0, -1, 0 ], [ 0, 0, 0, -1 ] ], 
  [ [ 1, 0, 0, 0 ], [ 0, 1, 0, 0 ], [ 0, 0, 1, 0 ], [ 0, 0, 0, 1 ] ], 
  [ [ 50, -3, -33, -3 ], [ 63, 50, 21, -99 ], [ 63, -11, -50, 9 ], 
      [ 77, 21, -21, -50 ] ] ]),BoundaryImage:=rec(ListIFace:=[ 5, 6, 7, 8, 8, 7, 5, 6 ],ListSign:=[ 1, -1, 1, -1, -1, 1, 1, -1 ],ListElt:=[ [ [ -1, 0, 0, 0 ], [ 0, -1, 0, 0 ], [ 0, 0, -1, 0 ], [ 0, 0, 0, -1 ] ], 
  [ [ 6, -1, -5, 1 ], [ 21, 6, -7, -15 ], [ 6, -2, -6, 3 ], [ 14, 2, -7, -6 ] 
     ], 
  [ [ 8, 0, -4, -1 ], [ 0, 8, 7, -12 ], [ 12, -1, -7, 0 ], [ 7, 4, 0, -7 ] ], 
  [ [ 64, -1, -38, -10 ], [ 21, 64, 70, -114 ], [ 87, -11, -64, 3 ], 
      [ 77, 29, -7, -64 ] ], 
  [ [ -35, -34, -23, 65 ], [ 714, -35, -455, -69 ], [ -144, -44, 27, 102 ], 
      [ 308, -48, -238, 27 ] ], 
  [ [ 17, 3, -10, -7 ], [ -63, 17, 49, -30 ], [ 33, 2, -21, -6 ], 
      [ -14, 11, 14, -21 ] ], 
  [ [ 50, -3, -33, -3 ], [ 63, 50, 21, -99 ], [ 63, -11, -50, 9 ], 
      [ 77, 21, -21, -50 ] ], 
  [ [ 50, -3, -33, -3 ], [ 63, 50, 21, -99 ], [ 63, -11, -50, 9 ], 
      [ 77, 21, -21, -50 ] ] ])),rec(TheMatrixStab:=Group([ [ [ -22, 5, 19, -7 ], [ -105, -22, 49, 57 ], [ -21, 9, 22, -15 ], 
      [ -63, -7, 35, 22 ] ], 
  [ [ -1, 0, 0, 0 ], [ 0, -1, 0, 0 ], [ 0, 0, -1, 0 ], [ 0, 0, 0, -1 ] ], 
  [ [ 1, 0, 0, 0 ], [ 0, 1, 0, 0 ], [ 0, 0, 1, 0 ], [ 0, 0, 0, 1 ] ], 
  [ [ 22, -5, -19, 7 ], [ 105, 22, -49, -57 ], [ 21, -9, -22, 15 ], 
      [ 63, 7, -35, -22 ] ] ]),TheRotSubgroup:=Group([ [ [ -22, 5, 19, -7 ], [ -105, -22, 49, 57 ], [ -21, 9, 22, -15 ], 
      [ -63, -7, 35, 22 ] ], 
  [ [ -1, 0, 0, 0 ], [ 0, -1, 0, 0 ], [ 0, 0, -1, 0 ], [ 0, 0, 0, -1 ] ], 
  [ [ 1, 0, 0, 0 ], [ 0, 1, 0, 0 ], [ 0, 0, 1, 0 ], [ 0, 0, 0, 1 ] ], 
  [ [ 22, -5, -19, 7 ], [ 105, 22, -49, -57 ], [ 21, -9, -22, 15 ], 
      [ 63, 7, -35, -22 ] ] ]),BoundaryImage:=rec(ListIFace:=[ 5, 6, 7, 8, 8, 6, 7, 5 ],ListSign:=[ 1, 1, -1, 1, 1, 1, -1, 1 ],ListElt:=[ [ [ -1, 0, 0, 0 ], [ 0, -1, 0, 0 ], [ 0, 0, -1, 0 ], [ 0, 0, 0, -1 ] ], 
  [ [ 10, -2, -9, 2 ], [ 42, 10, -14, -27 ], [ 9, -4, -11, 6 ], 
      [ 28, 3, -14, -11 ] ], 
  [ [ -1, 0, 0, 0 ], [ 0, -1, 0, 0 ], [ 0, 0, -1, 0 ], [ 0, 0, 0, -1 ] ], 
  [ [ -68, 7, 48, 0 ], [ -147, -68, 0, 144 ], [ -81, 17, 68, -15 ], 
      [ -119, -27, 35, 68 ] ], 
  [ [ -55, -18, 9, 41 ], [ 378, -55, -287, 27 ], [ -108, -20, 37, 54 ], 
      [ 140, -36, -126, 37 ] ], 
  [ [ 3, -7, -10, 11 ], [ 147, 3, -77, -30 ], [ -9, -10, -7, 18 ], 
      [ 70, -3, -42, -7 ] ], 
  [ [ -22, 5, 19, -7 ], [ -105, -22, 49, 57 ], [ -21, 9, 22, -15 ], 
      [ -63, -7, 35, 22 ] ], 
  [ [ -22, 5, 19, -7 ], [ -105, -22, 49, 57 ], [ -21, 9, 22, -15 ], 
      [ -63, -7, 35, 22 ] ] ])),rec(TheMatrixStab:=Group([ [ [ -7, -77, -93, 134 ], [ 1617, -7, -938, -279 ], [ -249, -108, 7, 231 ], 
      [ 756, -83, -539, 7 ] ], 
  [ [ -1, 0, 0, 0 ], [ 0, -1, 0, 0 ], [ 0, 0, -1, 0 ], [ 0, 0, 0, -1 ] ], 
  [ [ 1, 0, 0, 0 ], [ 0, 1, 0, 0 ], [ 0, 0, 1, 0 ], [ 0, 0, 0, 1 ] ], 
  [ [ 7, 77, 93, -134 ], [ -1617, 7, 938, 279 ], [ 249, 108, -7, -231 ], 
      [ -756, 83, 539, -7 ] ] ]),TheRotSubgroup:=Group([ [ [ -7, -77, -93, 134 ], [ 1617, -7, -938, -279 ], [ -249, -108, 7, 231 ], 
      [ 756, -83, -539, 7 ] ], 
  [ [ -1, 0, 0, 0 ], [ 0, -1, 0, 0 ], [ 0, 0, -1, 0 ], [ 0, 0, 0, -1 ] ], 
  [ [ 1, 0, 0, 0 ], [ 0, 1, 0, 0 ], [ 0, 0, 1, 0 ], [ 0, 0, 0, 1 ] ], 
  [ [ 7, 77, 93, -134 ], [ -1617, 7, 938, 279 ], [ 249, 108, -7, -231 ], 
      [ -756, 83, 539, -7 ] ] ]),BoundaryImage:=rec(ListIFace:=[ 8, 9, 9, 8 ],ListSign:=[ 1, -1, -1, 1 ],ListElt:=[ [ [ 1, 0, 0, 0 ], [ 0, 1, 0, 0 ], [ 0, 0, 1, 0 ], [ 0, 0, 0, 1 ] ], 
  [ [ -112, -59, -13, 123 ], [ 1239, -112, -861, -39 ], 
      [ -342, -67, 109, 180 ], [ 469, -114, -420, 109 ] ], 
  [ [ -6, 1, 5, -1 ], [ -21, -6, 7, 15 ], [ -6, 2, 6, -3 ], [ -14, -2, 7, 6 ] 
     ], 
  [ [ 7, 77, 93, -134 ], [ -1617, 7, 938, 279 ], [ 249, 108, -7, -231 ], 
      [ -756, 83, 539, -7 ] ] ])),rec(TheMatrixStab:=Group([ [ [ -65, -77, -60, 145 ], [ 1617, -65, -1015, -180 ], 
      [ -330, -99, 65, 231 ], [ 693, -110, -539, 65 ] ], 
  [ [ -1, 0, 0, 0 ], [ 0, -1, 0, 0 ], [ 0, 0, -1, 0 ], [ 0, 0, 0, -1 ] ], 
  [ [ 1, 0, 0, 0 ], [ 0, 1, 0, 0 ], [ 0, 0, 1, 0 ], [ 0, 0, 0, 1 ] ], 
  [ [ 65, 77, 60, -145 ], [ -1617, 65, 1015, 180 ], [ 330, 99, -65, -231 ], 
      [ -693, 110, 539, -65 ] ] ]),TheRotSubgroup:=Group([ [ [ -65, -77, -60, 145 ], [ 1617, -65, -1015, -180 ], 
      [ -330, -99, 65, 231 ], [ 693, -110, -539, 65 ] ], 
  [ [ -1, 0, 0, 0 ], [ 0, -1, 0, 0 ], [ 0, 0, -1, 0 ], [ 0, 0, 0, -1 ] ], 
  [ [ 1, 0, 0, 0 ], [ 0, 1, 0, 0 ], [ 0, 0, 1, 0 ], [ 0, 0, 0, 1 ] ], 
  [ [ 65, 77, 60, -145 ], [ -1617, 65, 1015, 180 ], [ 330, 99, -65, -231 ], 
      [ -693, 110, 539, -65 ] ] ]),BoundaryImage:=rec(ListIFace:=[ 8, 10, 10, 8 ],ListSign:=[ 1, -1, -1, 1 ],ListElt:=[ [ [ -1, 0, 0, 0 ], [ 0, -1, 0, 0 ], [ 0, 0, -1, 0 ], [ 0, 0, 0, -1 ] ], 
  [ [ 33, -8, -29, 8 ], [ 168, 33, -56, -87 ], [ 21, -16, -32, 24 ], 
      [ 112, 7, -56, -32 ] ], 
  [ [ 133, 16, -57, -54 ], [ -336, 133, 378, -171 ], [ 237, 3, -136, -51 ], 
      [ -21, 79, 119, -136 ] ], 
  [ [ 65, 77, 60, -145 ], [ -1617, 65, 1015, 180 ], [ 330, 99, -65, -231 ], 
      [ -693, 110, 539, -65 ] ] ]))]];