HAP_GCOMPLEX_SETUP:=[false]; 
HAP_GCOMPLEX_LIST:=[[rec(TheMatrixStab:=Group([ [ [ -4, 0, 2, 1 ], [ 0, -4, -1, 8 ], [ -8, 1, 4, 0 ], [ -1, -2, 0, 4 ] ], 
  [ [ -2, 0, 1, 0 ], [ 0, -2, 2, 5 ], [ -5, 0, 2, 0 ], [ 2, -1, 0, 2 ] ], 
  [ [ -1, 0, 0, 0 ], [ 0, -1, 0, 0 ], [ 0, 0, -1, 0 ], [ 0, 0, 0, -1 ] ], 
  [ [ 0, -1, 0, 2 ], [ 21, 0, -10, -4 ], [ -4, -2, 2, 5 ], [ 10, 0, -5, -2 ] ]
    , 
  [ [ 0, 1, 0, -2 ], [ -21, 0, 10, 4 ], [ 4, 2, -2, -5 ], [ -10, 0, 5, 2 ] ], 
  [ [ 1, 0, 0, 0 ], [ 0, 1, 0, 0 ], [ 0, 0, 1, 0 ], [ 0, 0, 0, 1 ] ], 
  [ [ 2, 0, -1, 0 ], [ 0, 2, -2, -5 ], [ 5, 0, -2, 0 ], [ -2, 1, 0, -2 ] ], 
  [ [ 4, 0, -2, -1 ], [ 0, 4, 1, -8 ], [ 8, -1, -4, 0 ], [ 1, 2, 0, -4 ] ] ]),TheRotSubgroup:=Group([ [ [ -4, 0, 2, 1 ], [ 0, -4, -1, 8 ], [ -8, 1, 4, 0 ], [ -1, -2, 0, 4 ] ], 
  [ [ -2, 0, 1, 0 ], [ 0, -2, 2, 5 ], [ -5, 0, 2, 0 ], [ 2, -1, 0, 2 ] ], 
  [ [ -1, 0, 0, 0 ], [ 0, -1, 0, 0 ], [ 0, 0, -1, 0 ], [ 0, 0, 0, -1 ] ], 
  [ [ 0, -1, 0, 2 ], [ 21, 0, -10, -4 ], [ -4, -2, 2, 5 ], [ 10, 0, -5, -2 ] ]
    , 
  [ [ 0, 1, 0, -2 ], [ -21, 0, 10, 4 ], [ 4, 2, -2, -5 ], [ -10, 0, 5, 2 ] ], 
  [ [ 1, 0, 0, 0 ], [ 0, 1, 0, 0 ], [ 0, 0, 1, 0 ], [ 0, 0, 0, 1 ] ], 
  [ [ 2, 0, -1, 0 ], [ 0, 2, -2, -5 ], [ 5, 0, -2, 0 ], [ -2, 1, 0, -2 ] ], 
  [ [ 4, 0, -2, -1 ], [ 0, 4, 1, -8 ], [ 8, -1, -4, 0 ], [ 1, 2, 0, -4 ] ] ]),BoundaryImage:=rec(ListIFace:=[  ],ListSign:=[  ],ListElt:=[  ])),rec(TheMatrixStab:=Group([ [ [ -2, 0, 1, 0 ], [ 0, -2, 2, 5 ], [ -5, 0, 2, 0 ], [ 2, -1, 0, 2 ] ], 
  [ [ -1, 0, 0, 0 ], [ 0, -1, 0, 0 ], [ 0, 0, -1, 0 ], [ 0, 0, 0, -1 ] ], 
  [ [ 1, 0, 0, 0 ], [ 0, 1, 0, 0 ], [ 0, 0, 1, 0 ], [ 0, 0, 0, 1 ] ], 
  [ [ 2, 0, -1, 0 ], [ 0, 2, -2, -5 ], [ 5, 0, -2, 0 ], [ -2, 1, 0, -2 ] ] ]),TheRotSubgroup:=Group([ [ [ -2, 0, 1, 0 ], [ 0, -2, 2, 5 ], [ -5, 0, 2, 0 ], [ 2, -1, 0, 2 ] ], 
  [ [ -1, 0, 0, 0 ], [ 0, -1, 0, 0 ], [ 0, 0, -1, 0 ], [ 0, 0, 0, -1 ] ], 
  [ [ 1, 0, 0, 0 ], [ 0, 1, 0, 0 ], [ 0, 0, 1, 0 ], [ 0, 0, 0, 1 ] ], 
  [ [ 2, 0, -1, 0 ], [ 0, 2, -2, -5 ], [ 5, 0, -2, 0 ], [ -2, 1, 0, -2 ] ] ]),BoundaryImage:=rec(ListIFace:=[  ],ListSign:=[  ],ListElt:=[  ])),rec(TheMatrixStab:=Group([ [ [ -82, 0, 40, 15 ], [ 0, -82, 5, 170 ], [ -170, 15, 82, 0 ], 
      [ 5, -40, 0, 82 ] ], 
  [ [ -80, 0, 39, 14 ], [ 0, -80, 8, 167 ], [ -167, 14, 80, 0 ], 
      [ 8, -39, 0, 80 ] ], 
  [ [ -1, 0, 0, 0 ], [ 0, -1, 0, 0 ], [ 0, 0, -1, 0 ], [ 0, 0, 0, -1 ] ], 
  [ [ 0, -25, 2, 52 ], [ 525, 0, -256, -94 ], [ -94, -52, 50, 125 ], 
      [ 256, 2, -125, -50 ] ], 
  [ [ 0, 25, -2, -52 ], [ -525, 0, 256, 94 ], [ 94, 52, -50, -125 ], 
      [ -256, -2, 125, 50 ] ], 
  [ [ 1, 0, 0, 0 ], [ 0, 1, 0, 0 ], [ 0, 0, 1, 0 ], [ 0, 0, 0, 1 ] ], 
  [ [ 80, 0, -39, -14 ], [ 0, 80, -8, -167 ], [ 167, -14, -80, 0 ], 
      [ -8, 39, 0, -80 ] ], 
  [ [ 82, 0, -40, -15 ], [ 0, 82, -5, -170 ], [ 170, -15, -82, 0 ], 
      [ -5, 40, 0, -82 ] ] ]),TheRotSubgroup:=Group([ [ [ -82, 0, 40, 15 ], [ 0, -82, 5, 170 ], [ -170, 15, 82, 0 ], 
      [ 5, -40, 0, 82 ] ], 
  [ [ -80, 0, 39, 14 ], [ 0, -80, 8, 167 ], [ -167, 14, 80, 0 ], 
      [ 8, -39, 0, 80 ] ], 
  [ [ -1, 0, 0, 0 ], [ 0, -1, 0, 0 ], [ 0, 0, -1, 0 ], [ 0, 0, 0, -1 ] ], 
  [ [ 0, -25, 2, 52 ], [ 525, 0, -256, -94 ], [ -94, -52, 50, 125 ], 
      [ 256, 2, -125, -50 ] ], 
  [ [ 0, 25, -2, -52 ], [ -525, 0, 256, 94 ], [ 94, 52, -50, -125 ], 
      [ -256, -2, 125, 50 ] ], 
  [ [ 1, 0, 0, 0 ], [ 0, 1, 0, 0 ], [ 0, 0, 1, 0 ], [ 0, 0, 0, 1 ] ], 
  [ [ 80, 0, -39, -14 ], [ 0, 80, -8, -167 ], [ 167, -14, -80, 0 ], 
      [ -8, 39, 0, -80 ] ], 
  [ [ 82, 0, -40, -15 ], [ 0, 82, -5, -170 ], [ 170, -15, -82, 0 ], 
      [ -5, 40, 0, -82 ] ] ]),BoundaryImage:=rec(ListIFace:=[  ],ListSign:=[  ],ListElt:=[  ])),rec(TheMatrixStab:=Group([ [ [ -4, 0, 2, 1 ], [ 0, -4, -1, 8 ], [ -8, 1, 4, 0 ], [ -1, -2, 0, 4 ] ], 
  [ [ -1, 0, 0, 0 ], [ 0, -1, 0, 0 ], [ 0, 0, -1, 0 ], [ 0, 0, 0, -1 ] ], 
  [ [ 1, 0, 0, 0 ], [ 0, 1, 0, 0 ], [ 0, 0, 1, 0 ], [ 0, 0, 0, 1 ] ], 
  [ [ 4, 0, -2, -1 ], [ 0, 4, 1, -8 ], [ 8, -1, -4, 0 ], [ 1, 2, 0, -4 ] ] ]),TheRotSubgroup:=Group([ [ [ -4, 0, 2, 1 ], [ 0, -4, -1, 8 ], [ -8, 1, 4, 0 ], [ -1, -2, 0, 4 ] ], 
  [ [ -1, 0, 0, 0 ], [ 0, -1, 0, 0 ], [ 0, 0, -1, 0 ], [ 0, 0, 0, -1 ] ], 
  [ [ 1, 0, 0, 0 ], [ 0, 1, 0, 0 ], [ 0, 0, 1, 0 ], [ 0, 0, 0, 1 ] ], 
  [ [ 4, 0, -2, -1 ], [ 0, 4, 1, -8 ], [ 8, -1, -4, 0 ], [ 1, 2, 0, -4 ] ] ]),BoundaryImage:=rec(ListIFace:=[  ],ListSign:=[  ],ListElt:=[  ])),rec(TheMatrixStab:=Group([ [ [ -1, 0, 0, 0 ], [ 0, -1, 0, 0 ], [ 0, 0, -1, 0 ], [ 0, 0, 0, -1 ] ], 
  [ [ 0, -1, 0, 2 ], [ 21, 0, -10, -4 ], [ -4, -2, 2, 5 ], [ 10, 0, -5, -2 ] ]
    , 
  [ [ 0, 1, 0, -2 ], [ -21, 0, 10, 4 ], [ 4, 2, -2, -5 ], [ -10, 0, 5, 2 ] ], 
  [ [ 1, 0, 0, 0 ], [ 0, 1, 0, 0 ], [ 0, 0, 1, 0 ], [ 0, 0, 0, 1 ] ] ]),TheRotSubgroup:=Group([ [ [ -1, 0, 0, 0 ], [ 0, -1, 0, 0 ], [ 0, 0, -1, 0 ], [ 0, 0, 0, -1 ] ], 
  [ [ 0, -1, 0, 2 ], [ 21, 0, -10, -4 ], [ -4, -2, 2, 5 ], [ 10, 0, -5, -2 ] ]
    , 
  [ [ 0, 1, 0, -2 ], [ -21, 0, 10, 4 ], [ 4, 2, -2, -5 ], [ -10, 0, 5, 2 ] ], 
  [ [ 1, 0, 0, 0 ], [ 0, 1, 0, 0 ], [ 0, 0, 1, 0 ], [ 0, 0, 0, 1 ] ] ]),BoundaryImage:=rec(ListIFace:=[  ],ListSign:=[  ],ListElt:=[  ]))],[rec(TheMatrixStab:=Group([ [ [ -2, 0, 1, 0 ], [ 0, -2, 2, 5 ], [ -5, 0, 2, 0 ], [ 2, -1, 0, 2 ] ], 
  [ [ -1, 0, 0, 0 ], [ 0, -1, 0, 0 ], [ 0, 0, -1, 0 ], [ 0, 0, 0, -1 ] ], 
  [ [ 1, 0, 0, 0 ], [ 0, 1, 0, 0 ], [ 0, 0, 1, 0 ], [ 0, 0, 0, 1 ] ], 
  [ [ 2, 0, -1, 0 ], [ 0, 2, -2, -5 ], [ 5, 0, -2, 0 ], [ -2, 1, 0, -2 ] ] ]),TheRotSubgroup:=Group([ [ [ -2, 0, 1, 0 ], [ 0, -2, 2, 5 ], [ -5, 0, 2, 0 ], [ 2, -1, 0, 2 ] ], 
  [ [ -1, 0, 0, 0 ], [ 0, -1, 0, 0 ], [ 0, 0, -1, 0 ], [ 0, 0, 0, -1 ] ], 
  [ [ 1, 0, 0, 0 ], [ 0, 1, 0, 0 ], [ 0, 0, 1, 0 ], [ 0, 0, 0, 1 ] ], 
  [ [ 2, 0, -1, 0 ], [ 0, 2, -2, -5 ], [ 5, 0, -2, 0 ], [ -2, 1, 0, -2 ] ] ]),BoundaryImage:=rec(ListIFace:=[ 1, 2 ],ListSign:=[ -1, 1 ],ListElt:=[ [ [ 1, 0, 0, 0 ], [ 0, 1, 0, 0 ], [ 0, 0, 1, 0 ], [ 0, 0, 0, 1 ] ], 
  [ [ 1, 0, 0, 0 ], [ 0, 1, 0, 0 ], [ 0, 0, 1, 0 ], [ 0, 0, 0, 1 ] ] ])),rec(TheMatrixStab:=Group([ [ [ -1, 0, 0, 0 ], [ 0, -1, 0, 0 ], [ 0, 0, -1, 0 ], [ 0, 0, 0, -1 ] ], 
  [ [ 1, 0, 0, 0 ], [ 0, 1, 0, 0 ], [ 0, 0, 1, 0 ], [ 0, 0, 0, 1 ] ] ]),TheRotSubgroup:=Group([ [ [ -1, 0, 0, 0 ], [ 0, -1, 0, 0 ], [ 0, 0, -1, 0 ], [ 0, 0, 0, -1 ] ], 
  [ [ 1, 0, 0, 0 ], [ 0, 1, 0, 0 ], [ 0, 0, 1, 0 ], [ 0, 0, 0, 1 ] ] ]),BoundaryImage:=rec(ListIFace:=[ 1, 3 ],ListSign:=[ -1, 1 ],ListElt:=[ [ [ -1, 0, 0, 0 ], [ 0, -1, 0, 0 ], [ 0, 0, -1, 0 ], [ 0, 0, 0, -1 ] ], 
  [ [ -1, 0, 0, 0 ], [ 0, -1, 0, 0 ], [ 0, 0, -1, 0 ], [ 0, 0, 0, -1 ] ] ])),rec(TheMatrixStab:=Group([ [ [ -4, 0, 2, 1 ], [ 0, -4, -1, 8 ], [ -8, 1, 4, 0 ], [ -1, -2, 0, 4 ] ], 
  [ [ -1, 0, 0, 0 ], [ 0, -1, 0, 0 ], [ 0, 0, -1, 0 ], [ 0, 0, 0, -1 ] ], 
  [ [ 1, 0, 0, 0 ], [ 0, 1, 0, 0 ], [ 0, 0, 1, 0 ], [ 0, 0, 0, 1 ] ], 
  [ [ 4, 0, -2, -1 ], [ 0, 4, 1, -8 ], [ 8, -1, -4, 0 ], [ 1, 2, 0, -4 ] ] ]),TheRotSubgroup:=Group([ [ [ -4, 0, 2, 1 ], [ 0, -4, -1, 8 ], [ -8, 1, 4, 0 ], [ -1, -2, 0, 4 ] ], 
  [ [ -1, 0, 0, 0 ], [ 0, -1, 0, 0 ], [ 0, 0, -1, 0 ], [ 0, 0, 0, -1 ] ], 
  [ [ 1, 0, 0, 0 ], [ 0, 1, 0, 0 ], [ 0, 0, 1, 0 ], [ 0, 0, 0, 1 ] ], 
  [ [ 4, 0, -2, -1 ], [ 0, 4, 1, -8 ], [ 8, -1, -4, 0 ], [ 1, 2, 0, -4 ] ] ]),BoundaryImage:=rec(ListIFace:=[ 1, 4 ],ListSign:=[ -1, 1 ],ListElt:=[ [ [ 0, 1, 0, -2 ], [ -21, 0, 10, 4 ], [ 4, 2, -2, -5 ], [ -10, 0, 5, 2 ] ], 
  [ [ 1, 0, 0, 0 ], [ 0, 1, 0, 0 ], [ 0, 0, 1, 0 ], [ 0, 0, 0, 1 ] ] ])),rec(TheMatrixStab:=Group([ [ [ -1, 0, 0, 0 ], [ 0, -1, 0, 0 ], [ 0, 0, -1, 0 ], [ 0, 0, 0, -1 ] ], 
  [ [ 0, -1, 0, 2 ], [ 21, 0, -10, -4 ], [ -4, -2, 2, 5 ], [ 10, 0, -5, -2 ] ]
    , 
  [ [ 0, 1, 0, -2 ], [ -21, 0, 10, 4 ], [ 4, 2, -2, -5 ], [ -10, 0, 5, 2 ] ], 
  [ [ 1, 0, 0, 0 ], [ 0, 1, 0, 0 ], [ 0, 0, 1, 0 ], [ 0, 0, 0, 1 ] ] ]),TheRotSubgroup:=Group([ [ [ -1, 0, 0, 0 ], [ 0, -1, 0, 0 ], [ 0, 0, -1, 0 ], [ 0, 0, 0, -1 ] ], 
  [ [ 0, -1, 0, 2 ], [ 21, 0, -10, -4 ], [ -4, -2, 2, 5 ], [ 10, 0, -5, -2 ] ]
    , 
  [ [ 0, 1, 0, -2 ], [ -21, 0, 10, 4 ], [ 4, 2, -2, -5 ], [ -10, 0, 5, 2 ] ], 
  [ [ 1, 0, 0, 0 ], [ 0, 1, 0, 0 ], [ 0, 0, 1, 0 ], [ 0, 0, 0, 1 ] ] ]),BoundaryImage:=rec(ListIFace:=[ 1, 5 ],ListSign:=[ -1, 1 ],ListElt:=[ [ [ -1, 0, 0, 0 ], [ 0, -1, 0, 0 ], [ 0, 0, -1, 0 ], [ 0, 0, 0, -1 ] ], 
  [ [ -1, 0, 0, 0 ], [ 0, -1, 0, 0 ], [ 0, 0, -1, 0 ], [ 0, 0, 0, -1 ] ] ])),rec(TheMatrixStab:=Group([ [ [ -2, 0, 1, 0 ], [ 0, -2, 2, 5 ], [ -5, 0, 2, 0 ], [ 2, -1, 0, 2 ] ], 
  [ [ -1, 0, 0, 0 ], [ 0, -1, 0, 0 ], [ 0, 0, -1, 0 ], [ 0, 0, 0, -1 ] ], 
  [ [ 1, 0, 0, 0 ], [ 0, 1, 0, 0 ], [ 0, 0, 1, 0 ], [ 0, 0, 0, 1 ] ], 
  [ [ 2, 0, -1, 0 ], [ 0, 2, -2, -5 ], [ 5, 0, -2, 0 ], [ -2, 1, 0, -2 ] ] ]),TheRotSubgroup:=Group([ [ [ -2, 0, 1, 0 ], [ 0, -2, 2, 5 ], [ -5, 0, 2, 0 ], [ 2, -1, 0, 2 ] ], 
  [ [ -1, 0, 0, 0 ], [ 0, -1, 0, 0 ], [ 0, 0, -1, 0 ], [ 0, 0, 0, -1 ] ], 
  [ [ 1, 0, 0, 0 ], [ 0, 1, 0, 0 ], [ 0, 0, 1, 0 ], [ 0, 0, 0, 1 ] ], 
  [ [ 2, 0, -1, 0 ], [ 0, 2, -2, -5 ], [ 5, 0, -2, 0 ], [ -2, 1, 0, -2 ] ] ]),BoundaryImage:=rec(ListIFace:=[ 2, 3 ],ListSign:=[ -1, 1 ],ListElt:=[ [ [ -1, 0, 0, 0 ], [ 0, -1, 0, 0 ], [ 0, 0, -1, 0 ], [ 0, 0, 0, -1 ] ], 
  [ [ -9, 47, 1, -96 ], [ -987, -9, 482, 197 ], [ 197, 96, -103, -235 ], 
      [ -482, 1, 235, 85 ] ] ])),rec(TheMatrixStab:=Group([ [ [ -1, 0, 0, 0 ], [ 0, -1, 0, 0 ], [ 0, 0, -1, 0 ], [ 0, 0, 0, -1 ] ], 
  [ [ 1, 0, 0, 0 ], [ 0, 1, 0, 0 ], [ 0, 0, 1, 0 ], [ 0, 0, 0, 1 ] ] ]),TheRotSubgroup:=Group([ [ [ -1, 0, 0, 0 ], [ 0, -1, 0, 0 ], [ 0, 0, -1, 0 ], [ 0, 0, 0, -1 ] ], 
  [ [ 1, 0, 0, 0 ], [ 0, 1, 0, 0 ], [ 0, 0, 1, 0 ], [ 0, 0, 0, 1 ] ] ]),BoundaryImage:=rec(ListIFace:=[ 2, 4 ],ListSign:=[ -1, 1 ],ListElt:=[ [ [ 1, 0, 0, 0 ], [ 0, 1, 0, 0 ], [ 0, 0, 1, 0 ], [ 0, 0, 0, 1 ] ], 
  [ [ -5, 10, -1, -21 ], [ -210, -5, 103, 37 ], [ 37, 21, -25, -50 ], 
      [ -103, -1, 50, 15 ] ] ])),rec(TheMatrixStab:=Group([ [ [ -1, 0, 0, 0 ], [ 0, -1, 0, 0 ], [ 0, 0, -1, 0 ], [ 0, 0, 0, -1 ] ], 
  [ [ 1, 0, 0, 0 ], [ 0, 1, 0, 0 ], [ 0, 0, 1, 0 ], [ 0, 0, 0, 1 ] ] ]),TheRotSubgroup:=Group([ [ [ -1, 0, 0, 0 ], [ 0, -1, 0, 0 ], [ 0, 0, -1, 0 ], [ 0, 0, 0, -1 ] ], 
  [ [ 1, 0, 0, 0 ], [ 0, 1, 0, 0 ], [ 0, 0, 1, 0 ], [ 0, 0, 0, 1 ] ] ]),BoundaryImage:=rec(ListIFace:=[ 2, 5 ],ListSign:=[ -1, 1 ],ListElt:=[ [ [ 1, 0, 0, 0 ], [ 0, 1, 0, 0 ], [ 0, 0, 1, 0 ], [ 0, 0, 0, 1 ] ], 
  [ [ 0, -1, 2, 3 ], [ 21, 0, -11, 4 ], [ -4, -2, 6, 5 ], [ 10, 0, -5, 2 ] ] ])),rec(TheMatrixStab:=Group([ [ [ -82, 0, 40, 15 ], [ 0, -82, 5, 170 ], [ -170, 15, 82, 0 ], 
      [ 5, -40, 0, 82 ] ], 
  [ [ -1, 0, 0, 0 ], [ 0, -1, 0, 0 ], [ 0, 0, -1, 0 ], [ 0, 0, 0, -1 ] ], 
  [ [ 1, 0, 0, 0 ], [ 0, 1, 0, 0 ], [ 0, 0, 1, 0 ], [ 0, 0, 0, 1 ] ], 
  [ [ 82, 0, -40, -15 ], [ 0, 82, -5, -170 ], [ 170, -15, -82, 0 ], 
      [ -5, 40, 0, -82 ] ] ]),TheRotSubgroup:=Group([ [ [ -82, 0, 40, 15 ], [ 0, -82, 5, 170 ], [ -170, 15, 82, 0 ], 
      [ 5, -40, 0, 82 ] ], 
  [ [ -1, 0, 0, 0 ], [ 0, -1, 0, 0 ], [ 0, 0, -1, 0 ], [ 0, 0, 0, -1 ] ], 
  [ [ 1, 0, 0, 0 ], [ 0, 1, 0, 0 ], [ 0, 0, 1, 0 ], [ 0, 0, 0, 1 ] ], 
  [ [ 82, 0, -40, -15 ], [ 0, 82, -5, -170 ], [ 170, -15, -82, 0 ], 
      [ -5, 40, 0, -82 ] ] ]),BoundaryImage:=rec(ListIFace:=[ 3, 4 ],ListSign:=[ -1, 1 ],ListElt:=[ [ [ -80, 0, 39, 14 ], [ 0, -80, 8, 167 ], [ -167, 14, 80, 0 ], 
      [ 8, -39, 0, 80 ] ], 
  [ [ -9, 41, -8, -87 ], [ -861, -9, 419, 134 ], [ 134, 87, -91, -205 ], 
      [ -419, -8, 205, 73 ] ] ])),rec(TheMatrixStab:=Group([ [ [ -1, 0, 0, 0 ], [ 0, -1, 0, 0 ], [ 0, 0, -1, 0 ], [ 0, 0, 0, -1 ] ], 
  [ [ 0, -25, 2, 52 ], [ 525, 0, -256, -94 ], [ -94, -52, 50, 125 ], 
      [ 256, 2, -125, -50 ] ], 
  [ [ 0, 25, -2, -52 ], [ -525, 0, 256, 94 ], [ 94, 52, -50, -125 ], 
      [ -256, -2, 125, 50 ] ], 
  [ [ 1, 0, 0, 0 ], [ 0, 1, 0, 0 ], [ 0, 0, 1, 0 ], [ 0, 0, 0, 1 ] ] ]),TheRotSubgroup:=Group([ [ [ -1, 0, 0, 0 ], [ 0, -1, 0, 0 ], [ 0, 0, -1, 0 ], [ 0, 0, 0, -1 ] ], 
  [ [ 0, -25, 2, 52 ], [ 525, 0, -256, -94 ], [ -94, -52, 50, 125 ], 
      [ 256, 2, -125, -50 ] ], 
  [ [ 0, 25, -2, -52 ], [ -525, 0, 256, 94 ], [ 94, 52, -50, -125 ], 
      [ -256, -2, 125, 50 ] ], 
  [ [ 1, 0, 0, 0 ], [ 0, 1, 0, 0 ], [ 0, 0, 1, 0 ], [ 0, 0, 0, 1 ] ] ]),BoundaryImage:=rec(ListIFace:=[ 3, 5 ],ListSign:=[ -1, 1 ],ListElt:=[ [ [ 0, 25, -2, -52 ], [ -525, 0, 256, 94 ], [ 94, 52, -50, -125 ], 
      [ -256, -2, 125, 50 ] ], 
  [ [ 16, -3, -9, 5 ], [ 63, 16, -43, -55 ], [ 22, -9, -11, 20 ], 
      [ 29, 8, -20, -27 ] ] ])),rec(TheMatrixStab:=Group([ [ [ -1, 0, 0, 0 ], [ 0, -1, 0, 0 ], [ 0, 0, -1, 0 ], [ 0, 0, 0, -1 ] ], 
  [ [ 1, 0, 0, 0 ], [ 0, 1, 0, 0 ], [ 0, 0, 1, 0 ], [ 0, 0, 0, 1 ] ] ]),TheRotSubgroup:=Group([ [ [ -1, 0, 0, 0 ], [ 0, -1, 0, 0 ], [ 0, 0, -1, 0 ], [ 0, 0, 0, -1 ] ], 
  [ [ 1, 0, 0, 0 ], [ 0, 1, 0, 0 ], [ 0, 0, 1, 0 ], [ 0, 0, 0, 1 ] ] ]),BoundaryImage:=rec(ListIFace:=[ 4, 5 ],ListSign:=[ -1, 1 ],ListElt:=[ [ [ 1, 0, 0, 0 ], [ 0, 1, 0, 0 ], [ 0, 0, 1, 0 ], [ 0, 0, 0, 1 ] ], 
  [ [ -14, 0, 7, 2 ], [ 0, -14, 4, 31 ], [ -31, 2, 15, 0 ], [ 4, -7, 0, 15 ] 
     ] ])),rec(TheMatrixStab:=Group([ [ [ -1, 0, 0, 0 ], [ 0, -1, 0, 0 ], [ 0, 0, -1, 0 ], [ 0, 0, 0, -1 ] ], 
  [ [ 1, 0, 0, 0 ], [ 0, 1, 0, 0 ], [ 0, 0, 1, 0 ], [ 0, 0, 0, 1 ] ] ]),TheRotSubgroup:=Group([ [ [ -1, 0, 0, 0 ], [ 0, -1, 0, 0 ], [ 0, 0, -1, 0 ], [ 0, 0, 0, -1 ] ], 
  [ [ 1, 0, 0, 0 ], [ 0, 1, 0, 0 ], [ 0, 0, 1, 0 ], [ 0, 0, 0, 1 ] ] ]),BoundaryImage:=rec(ListIFace:=[ 5, 5 ],ListSign:=[ -1, 1 ],ListElt:=[ [ [ 5, 2, -4, -6 ], [ -42, 5, 22, -8 ], [ 16, 3, -11, -10 ], 
      [ -19, 2, 10, -3 ] ], 
  [ [ 0, -1, 0, 2 ], [ 21, 0, -10, -4 ], [ -4, -2, 2, 5 ], [ 10, 0, -5, -2 ] 
     ] ]))],[rec(TheMatrixStab:=Group([ [ [ -41, 0, 20, 8 ], [ 0, -41, 0, 84 ], [ -84, 8, 41, 0 ], 
      [ 0, -20, 0, 41 ] ], 
  [ [ -1, 0, 0, 0 ], [ 0, -1, 0, 0 ], [ 0, 0, -1, 0 ], [ 0, 0, 0, -1 ] ], 
  [ [ 1, 0, 0, 0 ], [ 0, 1, 0, 0 ], [ 0, 0, 1, 0 ], [ 0, 0, 0, 1 ] ], 
  [ [ 41, 0, -20, -8 ], [ 0, 41, 0, -84 ], [ 84, -8, -41, 0 ], 
      [ 0, 20, 0, -41 ] ] ]),TheRotSubgroup:=Group([ [ [ -41, 0, 20, 8 ], [ 0, -41, 0, 84 ], [ -84, 8, 41, 0 ], 
      [ 0, -20, 0, 41 ] ], 
  [ [ -1, 0, 0, 0 ], [ 0, -1, 0, 0 ], [ 0, 0, -1, 0 ], [ 0, 0, 0, -1 ] ], 
  [ [ 1, 0, 0, 0 ], [ 0, 1, 0, 0 ], [ 0, 0, 1, 0 ], [ 0, 0, 0, 1 ] ], 
  [ [ 41, 0, -20, -8 ], [ 0, 41, 0, -84 ], [ 84, -8, -41, 0 ], 
      [ 0, 20, 0, -41 ] ] ]),BoundaryImage:=rec(ListIFace:=[ 1, 2, 6, 8, 8, 6, 1, 2 ],ListSign:=[ 1, -1, 1, -1, -1, 1, 1, -1 ],ListElt:=[ [ [ -1, 0, 0, 0 ], [ 0, -1, 0, 0 ], [ 0, 0, -1, 0 ], [ 0, 0, 0, -1 ] ], 
  [ [ -1, 0, 0, 0 ], [ 0, -1, 0, 0 ], [ 0, 0, -1, 0 ], [ 0, 0, 0, -1 ] ], 
  [ [ 2, 0, -1, 0 ], [ 0, 2, -2, -5 ], [ 5, 0, -2, 0 ], [ -2, 1, 0, -2 ] ], 
  [ [ 4, -32, 1, 66 ], [ 672, 4, -328, -127 ], [ -127, -66, 68, 160 ], 
      [ 328, 1, -160, -60 ] ], 
  [ [ 0, -25, 2, 52 ], [ 525, 0, -256, -94 ], [ -94, -52, 50, 125 ], 
      [ 256, 2, -125, -50 ] ], 
  [ [ -2, -8, -1, 16 ], [ 168, -2, -82, -37 ], [ -37, -16, 14, 40 ], 
      [ 82, -1, -40, -18 ] ], 
  [ [ -41, 0, 20, 8 ], [ 0, -41, 0, 84 ], [ -84, 8, 41, 0 ], 
      [ 0, -20, 0, 41 ] ], 
  [ [ -41, 0, 20, 8 ], [ 0, -41, 0, 84 ], [ -84, 8, 41, 0 ], 
      [ 0, -20, 0, 41 ] ] ])),rec(TheMatrixStab:=Group([ [ [ -1, 0, 0, 0 ], [ 0, -1, 0, 0 ], [ 0, 0, -1, 0 ], [ 0, 0, 0, -1 ] ], 
  [ [ -1, 4, 1, -8 ], [ -84, -1, 42, 21 ], [ 16, 8, -7, -20 ], 
      [ -40, 0, 20, 9 ] ], 
  [ [ 1, -4, -1, 8 ], [ 84, 1, -42, -21 ], [ -16, -8, 7, 20 ], 
      [ 40, 0, -20, -9 ] ], 
  [ [ 1, 0, 0, 0 ], [ 0, 1, 0, 0 ], [ 0, 0, 1, 0 ], [ 0, 0, 0, 1 ] ] ]),TheRotSubgroup:=Group([ [ [ -1, 0, 0, 0 ], [ 0, -1, 0, 0 ], [ 0, 0, -1, 0 ], [ 0, 0, 0, -1 ] ], 
  [ [ -1, 4, 1, -8 ], [ -84, -1, 42, 21 ], [ 16, 8, -7, -20 ], 
      [ -40, 0, 20, 9 ] ], 
  [ [ 1, -4, -1, 8 ], [ 84, 1, -42, -21 ], [ -16, -8, 7, 20 ], 
      [ 40, 0, -20, -9 ] ], 
  [ [ 1, 0, 0, 0 ], [ 0, 1, 0, 0 ], [ 0, 0, 1, 0 ], [ 0, 0, 0, 1 ] ] ]),BoundaryImage:=rec(ListIFace:=[ 1, 4, 7, 4, 7, 1 ],ListSign:=[ 1, -1, 1, -1, 1, 1 ],ListElt:=[ [ [ 2, 0, -1, 0 ], [ 0, 2, -2, -5 ], [ 5, 0, -2, 0 ], [ -2, 1, 0, -2 ] ], 
  [ [ 0, 1, 0, -2 ], [ -21, 0, 10, 4 ], [ 4, 2, -2, -5 ], [ -10, 0, 5, 2 ] ], 
  [ [ 1, 0, 0, 0 ], [ 0, 1, 0, 0 ], [ 0, 0, 1, 0 ], [ 0, 0, 0, 1 ] ], 
  [ [ 0, -1, 2, 3 ], [ 21, 0, -11, 4 ], [ -4, -2, 6, 5 ], [ 10, 0, -5, 2 ] ], 
  [ [ 1, -4, -1, 8 ], [ 84, 1, -42, -21 ], [ -16, -8, 7, 20 ], 
      [ 40, 0, -20, -9 ] ], 
  [ [ 19, 0, -9, -4 ], [ 0, 19, 2, -37 ], [ 37, -4, -18, 0 ], 
      [ 2, 9, 0, -18 ] ] ])),rec(TheMatrixStab:=Group([ [ [ -37, 0, 18, 6 ], [ 0, -37, 6, 78 ], [ -78, 6, 37, 0 ], 
      [ 6, -18, 0, 37 ] ], 
  [ [ -1, 0, 0, 0 ], [ 0, -1, 0, 0 ], [ 0, 0, -1, 0 ], [ 0, 0, 0, -1 ] ], 
  [ [ 1, 0, 0, 0 ], [ 0, 1, 0, 0 ], [ 0, 0, 1, 0 ], [ 0, 0, 0, 1 ] ], 
  [ [ 37, 0, -18, -6 ], [ 0, 37, -6, -78 ], [ 78, -6, -37, 0 ], 
      [ -6, 18, 0, -37 ] ] ]),TheRotSubgroup:=Group([ [ [ -37, 0, 18, 6 ], [ 0, -37, 6, 78 ], [ -78, 6, 37, 0 ], 
      [ 6, -18, 0, 37 ] ], 
  [ [ -1, 0, 0, 0 ], [ 0, -1, 0, 0 ], [ 0, 0, -1, 0 ], [ 0, 0, 0, -1 ] ], 
  [ [ 1, 0, 0, 0 ], [ 0, 1, 0, 0 ], [ 0, 0, 1, 0 ], [ 0, 0, 0, 1 ] ], 
  [ [ 37, 0, -18, -6 ], [ 0, 37, -6, -78 ], [ 78, -6, -37, 0 ], 
      [ -6, 18, 0, -37 ] ] ]),BoundaryImage:=rec(ListIFace:=[ 2, 5, 6, 3, 3, 6, 2, 5 ],ListSign:=[ 1, -1, 1, -1, -1, 1, 1, -1 ],ListElt:=[ [ [ 1, 0, 0, 0 ], [ 0, 1, 0, 0 ], [ 0, 0, 1, 0 ], [ 0, 0, 0, 1 ] ], 
  [ [ 5, 19, 0, -39 ], [ -399, 5, 195, 78 ], [ 78, 39, -33, -95 ], 
      [ -195, 0, 95, 43 ] ], 
  [ [ 5, 19, 0, -39 ], [ -399, 5, 195, 78 ], [ 78, 39, -33, -95 ], 
      [ -195, 0, 95, 43 ] ], 
  [ [ -4, 0, 2, 1 ], [ 0, -4, -1, 8 ], [ -8, 1, 4, 0 ], [ -1, -2, 0, 4 ] ], 
  [ [ 37, 0, -18, -6 ], [ 0, 37, -6, -78 ], [ 78, -6, -37, 0 ], 
      [ -6, 18, 0, -37 ] ], 
  [ [ 49, -1, -24, -9 ], [ 21, 49, -3, -102 ], [ 102, -9, -51, -5 ], 
      [ -3, 24, 5, -47 ] ], 
  [ [ 37, 0, -18, -6 ], [ 0, 37, -6, -78 ], [ 78, -6, -37, 0 ], 
      [ -6, 18, 0, -37 ] ], 
  [ [ -4, -11, 1, 23 ], [ 231, -4, -113, -41 ], [ -41, -23, 18, 55 ], 
      [ 113, 1, -55, -26 ] ] ])),rec(TheMatrixStab:=Group([ [ [ -1, -6, 1, 13 ], [ 126, -1, -63, -21 ], [ -24, -12, 13, 30 ], 
      [ 60, 0, -30, -11 ] ], 
  [ [ -1, 0, 0, 0 ], [ 0, -1, 0, 0 ], [ 0, 0, -1, 0 ], [ 0, 0, 0, -1 ] ], 
  [ [ 1, 0, 0, 0 ], [ 0, 1, 0, 0 ], [ 0, 0, 1, 0 ], [ 0, 0, 0, 1 ] ], 
  [ [ 1, 6, -1, -13 ], [ -126, 1, 63, 21 ], [ 24, 12, -13, -30 ], 
      [ -60, 0, 30, 11 ] ] ]),TheRotSubgroup:=Group([ [ [ -1, -6, 1, 13 ], [ 126, -1, -63, -21 ], [ -24, -12, 13, 30 ], 
      [ 60, 0, -30, -11 ] ], 
  [ [ -1, 0, 0, 0 ], [ 0, -1, 0, 0 ], [ 0, 0, -1, 0 ], [ 0, 0, 0, -1 ] ], 
  [ [ 1, 0, 0, 0 ], [ 0, 1, 0, 0 ], [ 0, 0, 1, 0 ], [ 0, 0, 0, 1 ] ], 
  [ [ 1, 6, -1, -13 ], [ -126, 1, 63, 21 ], [ 24, 12, -13, -30 ], 
      [ -60, 0, 30, 11 ] ] ]),BoundaryImage:=rec(ListIFace:=[ 2, 4, 11, 9, 9, 2, 11, 4 ],ListSign:=[ 1, -1, 1, 1, 1, 1, 1, -1 ],ListElt:=[ [ [ -1, 0, 0, 0 ], [ 0, -1, 0, 0 ], [ 0, 0, -1, 0 ], [ 0, 0, 0, -1 ] ], 
  [ [ -1, 0, 0, 0 ], [ 0, -1, 0, 0 ], [ 0, 0, -1, 0 ], [ 0, 0, 0, -1 ] ], 
  [ [ -1, 0, 0, 0 ], [ 0, -1, 0, 0 ], [ 0, 0, -1, 0 ], [ 0, 0, 0, -1 ] ], 
  [ [ -1, 0, 0, 0 ], [ 0, -1, 0, 0 ], [ 0, 0, -1, 0 ], [ 0, 0, 0, -1 ] ], 
  [ [ 1, 6, -1, -13 ], [ -126, 1, 63, 21 ], [ 24, 12, -13, -30 ], 
      [ -60, 0, 30, 11 ] ], 
  [ [ 1, 6, -1, -13 ], [ -126, 1, 63, 21 ], [ 24, 12, -13, -30 ], 
      [ -60, 0, 30, 11 ] ], 
  [ [ 1, 6, -1, -13 ], [ -126, 1, 63, 21 ], [ 24, 12, -13, -30 ], 
      [ -60, 0, 30, 11 ] ], 
  [ [ 0, -1, -3, 1 ], [ 21, 0, -11, -17 ], [ -4, -2, -4, 5 ], 
      [ 10, 0, -5, -8 ] ] ])),rec(TheMatrixStab:=Group([ [ [ -1, 0, 0, 0 ], [ 0, -1, 0, 0 ], [ 0, 0, -1, 0 ], [ 0, 0, 0, -1 ] ], 
  [ [ -1, 6, 0, -12 ], [ -126, -1, 60, 24 ], [ 21, 13, -11, -30 ], 
      [ -63, -1, 30, 13 ] ], 
  [ [ 1, -6, 0, 12 ], [ 126, 1, -60, -24 ], [ -21, -13, 11, 30 ], 
      [ 63, 1, -30, -13 ] ], 
  [ [ 1, 0, 0, 0 ], [ 0, 1, 0, 0 ], [ 0, 0, 1, 0 ], [ 0, 0, 0, 1 ] ] ]),TheRotSubgroup:=Group([ [ [ -1, 0, 0, 0 ], [ 0, -1, 0, 0 ], [ 0, 0, -1, 0 ], [ 0, 0, 0, -1 ] ], 
  [ [ -1, 6, 0, -12 ], [ -126, -1, 60, 24 ], [ 21, 13, -11, -30 ], 
      [ -63, -1, 30, 13 ] ], 
  [ [ 1, -6, 0, 12 ], [ 126, 1, -60, -24 ], [ -21, -13, 11, 30 ], 
      [ 63, 1, -30, -13 ] ], 
  [ [ 1, 0, 0, 0 ], [ 0, 1, 0, 0 ], [ 0, 0, 1, 0 ], [ 0, 0, 0, 1 ] ] ]),BoundaryImage:=rec(ListIFace:=[ 2, 4, 9, 11, 11, 9, 4, 2 ],ListSign:=[ 1, -1, 1, -1, -1, 1, -1, 1 ],ListElt:=[ [ [ -1, 0, 0, 0 ], [ 0, -1, 0, 0 ], [ 0, 0, -1, 0 ], [ 0, 0, 0, -1 ] ], 
  [ [ 4, 0, -2, -1 ], [ 0, 4, 1, -8 ], [ 8, -1, -4, 0 ], [ 1, 2, 0, -4 ] ], 
  [ [ -80, 0, 39, 14 ], [ 0, -80, 8, 167 ], [ -167, 14, 80, 0 ], 
      [ 8, -39, 0, 80 ] ], 
  [ [ -3, -6, 2, 15 ], [ 126, -3, -71, -20 ], [ -29, -12, 17, 35 ], 
      [ 62, -1, -35, -11 ] ], 
  [ [ -15, 0, 8, 3 ], [ 0, -15, 1, 34 ], [ -34, 3, 18, 0 ], [ 1, -8, 0, 18 ] ]
    , [ [ 16, 12, -9, -28 ], [ -252, 16, 122, 11 ], [ 83, 24, -43, -65 ], 
      [ -134, 7, 65, 9 ] ], 
  [ [ -22, 0, 11, 6 ], [ 0, -22, -8, 43 ], [ -47, 4, 25, 5 ], 
      [ 2, -11, -5, 21 ] ], 
  [ [ 1, -6, 0, 12 ], [ 126, 1, -60, -24 ], [ -21, -13, 11, 30 ], 
      [ 63, 1, -30, -13 ] ] ])),rec(TheMatrixStab:=Group([ [ [ -2, -3, 2, 7 ], [ 63, -2, -31, -4 ], [ -12, -6, 8, 15 ], 
      [ 30, 0, -15, -4 ] ], 
  [ [ -1, 0, 0, 0 ], [ 0, -1, 0, 0 ], [ 0, 0, -1, 0 ], [ 0, 0, 0, -1 ] ], 
  [ [ 1, 0, 0, 0 ], [ 0, 1, 0, 0 ], [ 0, 0, 1, 0 ], [ 0, 0, 0, 1 ] ], 
  [ [ 2, 3, -2, -7 ], [ -63, 2, 31, 4 ], [ 12, 6, -8, -15 ], 
      [ -30, 0, 15, 4 ] ] ]),TheRotSubgroup:=Group([ [ [ -2, -3, 2, 7 ], [ 63, -2, -31, -4 ], [ -12, -6, 8, 15 ], 
      [ 30, 0, -15, -4 ] ], 
  [ [ -1, 0, 0, 0 ], [ 0, -1, 0, 0 ], [ 0, 0, -1, 0 ], [ 0, 0, 0, -1 ] ], 
  [ [ 1, 0, 0, 0 ], [ 0, 1, 0, 0 ], [ 0, 0, 1, 0 ], [ 0, 0, 0, 1 ] ], 
  [ [ 2, 3, -2, -7 ], [ -63, 2, 31, 4 ], [ 12, 6, -8, -15 ], 
      [ -30, 0, 15, 4 ] ] ]),BoundaryImage:=rec(ListIFace:=[ 3, 10, 4, 10, 4, 3 ],ListSign:=[ 1, 1, -1, 1, -1, 1 ],ListElt:=[ [ [ 1, 0, 0, 0 ], [ 0, 1, 0, 0 ], [ 0, 0, 1, 0 ], [ 0, 0, 0, 1 ] ], 
  [ [ -4, 0, 2, 1 ], [ 0, -4, -1, 8 ], [ -8, 1, 4, 0 ], [ -1, -2, 0, 4 ] ], 
  [ [ 0, -1, 0, 2 ], [ 21, 0, -10, -4 ], [ -4, -2, 2, 5 ], [ 10, 0, -5, -2 ] ]
    , 
  [ [ 15, 0, -7, -2 ], [ 0, 15, -4, -31 ], [ 31, -2, -14, 0 ], 
      [ -4, 7, 0, -14 ] ], 
  [ [ -1, -2, -1, 4 ], [ 42, -1, -22, -13 ], [ -8, -4, 1, 10 ], 
      [ 20, 0, -10, -7 ] ], 
  [ [ -2, -3, 2, 7 ], [ 63, -2, -31, -4 ], [ -12, -6, 8, 15 ], 
      [ 30, 0, -15, -4 ] ] ])),rec(TheMatrixStab:=Group([ [ [ -1, 0, 0, 0 ], [ 0, -1, 0, 0 ], [ 0, 0, -1, 0 ], [ 0, 0, 0, -1 ] ], 
  [ [ -1, 30, 4, -60 ], [ -630, -1, 308, 140 ], [ 135, 60, -59, -150 ], 
      [ -306, 3, 150, 61 ] ], 
  [ [ 1, -30, -4, 60 ], [ 630, 1, -308, -140 ], [ -135, -60, 59, 150 ], 
      [ 306, -3, -150, -61 ] ], 
  [ [ 1, 0, 0, 0 ], [ 0, 1, 0, 0 ], [ 0, 0, 1, 0 ], [ 0, 0, 0, 1 ] ] ]),TheRotSubgroup:=Group([ [ [ -1, 0, 0, 0 ], [ 0, -1, 0, 0 ], [ 0, 0, -1, 0 ], [ 0, 0, 0, -1 ] ], 
  [ [ -1, 30, 4, -60 ], [ -630, -1, 308, 140 ], [ 135, 60, -59, -150 ], 
      [ -306, 3, 150, 61 ] ], 
  [ [ 1, -30, -4, 60 ], [ 630, 1, -308, -140 ], [ -135, -60, 59, 150 ], 
      [ 306, -3, -150, -61 ] ], 
  [ [ 1, 0, 0, 0 ], [ 0, 1, 0, 0 ], [ 0, 0, 1, 0 ], [ 0, 0, 0, 1 ] ] ]),BoundaryImage:=rec(ListIFace:=[ 5, 9, 7, 7, 5, 9 ],ListSign:=[ 1, 1, -1, -1, 1, 1 ],ListElt:=[ [ [ -2, 0, 1, 0 ], [ 0, -2, 2, 5 ], [ -5, 0, 2, 0 ], [ 2, -1, 0, 2 ] ], 
  [ [ 5, -19, 0, 39 ], [ 399, 5, -195, -78 ], [ -78, -39, 43, 95 ], 
      [ 195, 0, -95, -33 ] ], 
  [ [ 1, -30, -4, 60 ], [ 630, 1, -308, -140 ], [ -135, -60, 59, 150 ], 
      [ 306, -3, -150, -61 ] ], 
  [ [ -1, 0, 0, 0 ], [ 0, -1, 0, 0 ], [ 0, 0, -1, 0 ], [ 0, 0, 0, -1 ] ], 
  [ [ -138, 0, 67, 30 ], [ 0, -138, -16, 275 ], [ -275, 30, 137, 0 ], 
      [ -16, -67, 0, 137 ] ], 
  [ [ 107, 7, -53, -34 ], [ -147, 107, 64, -197 ], [ 242, -9, -118, -25 ], 
      [ -59, 52, 25, -98 ] ] ])),rec(TheMatrixStab:=Group([ [ [ -1, 0, 0, 0 ], [ 0, -1, 0, 0 ], [ 0, 0, -1, 0 ], [ 0, 0, 0, -1 ] ], 
  [ [ 1, 0, 0, 0 ], [ 0, 1, 0, 0 ], [ 0, 0, 1, 0 ], [ 0, 0, 0, 1 ] ] ]),TheRotSubgroup:=Group([ [ [ -1, 0, 0, 0 ], [ 0, -1, 0, 0 ], [ 0, 0, -1, 0 ], [ 0, 0, 0, -1 ] ], 
  [ [ 1, 0, 0, 0 ], [ 0, 1, 0, 0 ], [ 0, 0, 1, 0 ], [ 0, 0, 0, 1 ] ] ]),BoundaryImage:=rec(ListIFace:=[ 6, 10, 7, 11 ],ListSign:=[ 1, 1, -1, -1 ],ListElt:=[ [ [ 1, 0, 0, 0 ], [ 0, 1, 0, 0 ], [ 0, 0, 1, 0 ], [ 0, 0, 0, 1 ] ], 
  [ [ -5, 10, -1, -21 ], [ -210, -5, 103, 37 ], [ 37, 21, -25, -50 ], 
      [ -103, -1, 50, 15 ] ], 
  [ [ 1, 0, 0, 0 ], [ 0, 1, 0, 0 ], [ 0, 0, 1, 0 ], [ 0, 0, 0, 1 ] ], 
  [ [ 17, 5, -10, -15 ], [ -105, 17, 55, -20 ], [ 57, 6, -32, -25 ], 
      [ -48, 9, 25, -12 ] ] ])),rec(TheMatrixStab:=Group([ [ [ -1, 0, 0, 0 ], [ 0, -1, 0, 0 ], [ 0, 0, -1, 0 ], [ 0, 0, 0, -1 ] ], 
  [ [ 1, 0, 0, 0 ], [ 0, 1, 0, 0 ], [ 0, 0, 1, 0 ], [ 0, 0, 0, 1 ] ] ]),TheRotSubgroup:=Group([ [ [ -1, 0, 0, 0 ], [ 0, -1, 0, 0 ], [ 0, 0, -1, 0 ], [ 0, 0, 0, -1 ] ], 
  [ [ 1, 0, 0, 0 ], [ 0, 1, 0, 0 ], [ 0, 0, 1, 0 ], [ 0, 0, 0, 1 ] ] ]),BoundaryImage:=rec(ListIFace:=[ 6, 7, 11, 10 ],ListSign:=[ 1, -1, 1, 1 ],ListElt:=[ [ [ 1, 0, 0, 0 ], [ 0, 1, 0, 0 ], [ 0, 0, 1, 0 ], [ 0, 0, 0, 1 ] ], 
  [ [ 2, 0, -1, 0 ], [ 0, 2, -2, -5 ], [ 5, 0, -2, 0 ], [ -2, 1, 0, -2 ] ], 
  [ [ 18, 0, -9, -4 ], [ 0, 18, 2, -37 ], [ 37, -4, -19, 0 ], 
      [ 2, 9, 0, -19 ] ], 
  [ [ 49, 1, -24, -9 ], [ -21, 49, -3, -102 ], [ 102, -9, -47, 5 ], 
      [ -3, 24, -5, -51 ] ] ])),rec(TheMatrixStab:=Group([ [ [ -41, -90, 28, 195 ], [ 1890, -41, -919, -250 ], 
      [ -420, -180, 221, 450 ], [ 924, -12, -450, -139 ] ], 
  [ [ -1, 0, 0, 0 ], [ 0, -1, 0, 0 ], [ 0, 0, -1, 0 ], [ 0, 0, 0, -1 ] ], 
  [ [ 1, 0, 0, 0 ], [ 0, 1, 0, 0 ], [ 0, 0, 1, 0 ], [ 0, 0, 0, 1 ] ], 
  [ [ 41, 90, -28, -195 ], [ -1890, 41, 919, 250 ], [ 420, 180, -221, -450 ], 
      [ -924, 12, 450, 139 ] ] ]),TheRotSubgroup:=Group([ [ [ -41, -90, 28, 195 ], [ 1890, -41, -919, -250 ], 
      [ -420, -180, 221, 450 ], [ 924, -12, -450, -139 ] ], 
  [ [ -1, 0, 0, 0 ], [ 0, -1, 0, 0 ], [ 0, 0, -1, 0 ], [ 0, 0, 0, -1 ] ], 
  [ [ 1, 0, 0, 0 ], [ 0, 1, 0, 0 ], [ 0, 0, 1, 0 ], [ 0, 0, 0, 1 ] ], 
  [ [ 41, 90, -28, -195 ], [ -1890, 41, 919, 250 ], [ 420, 180, -221, -450 ], 
      [ -924, 12, 450, 139 ] ] ]),BoundaryImage:=rec(ListIFace:=[ 8, 10, 9, 9, 10, 8 ],ListSign:=[ 1, 1, -1, -1, 1, 1 ],ListElt:=[ [ [ 1, 0, 0, 0 ], [ 0, 1, 0, 0 ], [ 0, 0, 1, 0 ], [ 0, 0, 0, 1 ] ], 
  [ [ -187, -2, 91, 29 ], [ 42, -187, 37, 397 ], [ -397, 29, 183, -10 ], 
      [ 37, -91, 10, 191 ] ], 
  [ [ -1, 0, 0, 0 ], [ 0, -1, 0, 0 ], [ 0, 0, -1, 0 ], [ 0, 0, 0, -1 ] ], 
  [ [ -38, 41, 17, -78 ], [ -861, -38, 424, 241 ], [ 74, 92, -40, -205 ], 
      [ -416, -22, 205, 124 ] ], 
  [ [ -14, -21, 13, 46 ], [ 441, -14, -204, -27 ], [ -107, -41, 63, 100 ], 
      [ 215, -5, -100, -17 ] ], 
  [ [ -41, -90, 28, 195 ], [ 1890, -41, -919, -250 ], 
      [ -420, -180, 221, 450 ], [ 924, -12, -450, -139 ] ] ]))]];