HAP_GCOMPLEX_SETUP:=[false]; 
HAP_GCOMPLEX_LIST:=[[rec(TheMatrixStab:=Group([ [ [ -1, 0, 0, 0 ], [ 0, -1, 0, 0 ], [ 0, 0, -1, 0 ], [ 0, 0, 0, -1 ] ], 
  [ [ -1, 0, 1, 0 ], [ 0, -1, 0, 1 ], [ -1, 0, 0, 0 ], [ 0, -1, 0, 0 ] ], 
  [ [ 0, 0, -1, 0 ], [ 0, 0, 0, -1 ], [ 1, 0, -1, 0 ], [ 0, 1, 0, -1 ] ], 
  [ [ 0, 0, 1, 0 ], [ 0, 0, 0, 1 ], [ -1, 0, 1, 0 ], [ 0, -1, 0, 1 ] ], 
  [ [ 1, 0, -1, 0 ], [ 0, 1, 0, -1 ], [ 1, 0, 0, 0 ], [ 0, 1, 0, 0 ] ], 
  [ [ 1, 0, 0, 0 ], [ 0, 1, 0, 0 ], [ 0, 0, 1, 0 ], [ 0, 0, 0, 1 ] ] ]),TheRotSubgroup:=Group([ [ [ -1, 0, 0, 0 ], [ 0, -1, 0, 0 ], [ 0, 0, -1, 0 ], [ 0, 0, 0, -1 ] ], 
  [ [ -1, 0, 1, 0 ], [ 0, -1, 0, 1 ], [ -1, 0, 0, 0 ], [ 0, -1, 0, 0 ] ], 
  [ [ 0, 0, -1, 0 ], [ 0, 0, 0, -1 ], [ 1, 0, -1, 0 ], [ 0, 1, 0, -1 ] ], 
  [ [ 0, 0, 1, 0 ], [ 0, 0, 0, 1 ], [ -1, 0, 1, 0 ], [ 0, -1, 0, 1 ] ], 
  [ [ 1, 0, -1, 0 ], [ 0, 1, 0, -1 ], [ 1, 0, 0, 0 ], [ 0, 1, 0, 0 ] ], 
  [ [ 1, 0, 0, 0 ], [ 0, 1, 0, 0 ], [ 0, 0, 1, 0 ], [ 0, 0, 0, 1 ] ] ]),BoundaryImage:=rec(ListIFace:=[  ],ListSign:=[  ],ListElt:=[  ])),rec(TheMatrixStab:=Group([ [ [ -1, 0, 0, 0 ], [ 0, -1, 0, 0 ], [ 0, 0, -1, 0 ], [ 0, 0, 0, -1 ] ], 
  [ [ -1, 0, 1, 0 ], [ 0, -1, 0, 1 ], [ -1, 0, 0, 0 ], [ 0, -1, 0, 0 ] ], 
  [ [ 0, 0, -1, 0 ], [ 0, 0, 0, -1 ], [ 1, 0, -1, 0 ], [ 0, 1, 0, -1 ] ], 
  [ [ 0, 0, 1, 0 ], [ 0, 0, 0, 1 ], [ -1, 0, 1, 0 ], [ 0, -1, 0, 1 ] ], 
  [ [ 1, 0, -1, 0 ], [ 0, 1, 0, -1 ], [ 1, 0, 0, 0 ], [ 0, 1, 0, 0 ] ], 
  [ [ 1, 0, 0, 0 ], [ 0, 1, 0, 0 ], [ 0, 0, 1, 0 ], [ 0, 0, 0, 1 ] ] ]),TheRotSubgroup:=Group([ [ [ -1, 0, 0, 0 ], [ 0, -1, 0, 0 ], [ 0, 0, -1, 0 ], [ 0, 0, 0, -1 ] ], 
  [ [ -1, 0, 1, 0 ], [ 0, -1, 0, 1 ], [ -1, 0, 0, 0 ], [ 0, -1, 0, 0 ] ], 
  [ [ 0, 0, -1, 0 ], [ 0, 0, 0, -1 ], [ 1, 0, -1, 0 ], [ 0, 1, 0, -1 ] ], 
  [ [ 0, 0, 1, 0 ], [ 0, 0, 0, 1 ], [ -1, 0, 1, 0 ], [ 0, -1, 0, 1 ] ], 
  [ [ 1, 0, -1, 0 ], [ 0, 1, 0, -1 ], [ 1, 0, 0, 0 ], [ 0, 1, 0, 0 ] ], 
  [ [ 1, 0, 0, 0 ], [ 0, 1, 0, 0 ], [ 0, 0, 1, 0 ], [ 0, 0, 0, 1 ] ] ]),BoundaryImage:=rec(ListIFace:=[  ],ListSign:=[  ],ListElt:=[  ])),rec(TheMatrixStab:=Group([ [ [ -7, 0, 2, 1 ], [ 0, -7, -21, 2 ], [ -4, 2, 7, 0 ], [ -42, -4, 0, 7 ] ], 
  [ [ -5, -1, -2, 1 ], [ 21, -5, -21, -2 ], [ -8, 1, 5, 1 ], 
      [ -21, -8, -21, 5 ] ], 
  [ [ -2, 1, 3, 0 ], [ -21, -2, 0, 3 ], [ 6, 1, 1, -1 ], [ -21, 6, 21, 1 ] ], 
  [ [ -2, 1, 4, 0 ], [ -21, -2, 0, 4 ], [ 4, 1, 2, -1 ], [ -21, 4, 21, 2 ] ], 
  [ [ -1, 0, 0, 0 ], [ 0, -1, 0, 0 ], [ 0, 0, -1, 0 ], [ 0, 0, 0, -1 ] ], 
  [ [ -1, 1, 3, 0 ], [ -21, -1, 0, 3 ], [ 6, 1, 2, -1 ], [ -21, 6, 21, 2 ] ], 
  [ [ 1, -1, -3, 0 ], [ 21, 1, 0, -3 ], [ -6, -1, -2, 1 ], 
      [ 21, -6, -21, -2 ] ], 
  [ [ 1, 0, 0, 0 ], [ 0, 1, 0, 0 ], [ 0, 0, 1, 0 ], [ 0, 0, 0, 1 ] ], 
  [ [ 2, -1, -4, 0 ], [ 21, 2, 0, -4 ], [ -4, -1, -2, 1 ], 
      [ 21, -4, -21, -2 ] ], 
  [ [ 2, -1, -3, 0 ], [ 21, 2, 0, -3 ], [ -6, -1, -1, 1 ], 
      [ 21, -6, -21, -1 ] ], 
  [ [ 5, 1, 2, -1 ], [ -21, 5, 21, 2 ], [ 8, -1, -5, -1 ], [ 21, 8, 21, -5 ] ]
    , 
  [ [ 7, 0, -2, -1 ], [ 0, 7, 21, -2 ], [ 4, -2, -7, 0 ], [ 42, 4, 0, -7 ] ] ]),TheRotSubgroup:=Group([ [ [ -7, 0, 2, 1 ], [ 0, -7, -21, 2 ], [ -4, 2, 7, 0 ], [ -42, -4, 0, 7 ] ], 
  [ [ -5, -1, -2, 1 ], [ 21, -5, -21, -2 ], [ -8, 1, 5, 1 ], 
      [ -21, -8, -21, 5 ] ], 
  [ [ -2, 1, 3, 0 ], [ -21, -2, 0, 3 ], [ 6, 1, 1, -1 ], [ -21, 6, 21, 1 ] ], 
  [ [ -2, 1, 4, 0 ], [ -21, -2, 0, 4 ], [ 4, 1, 2, -1 ], [ -21, 4, 21, 2 ] ], 
  [ [ -1, 0, 0, 0 ], [ 0, -1, 0, 0 ], [ 0, 0, -1, 0 ], [ 0, 0, 0, -1 ] ], 
  [ [ -1, 1, 3, 0 ], [ -21, -1, 0, 3 ], [ 6, 1, 2, -1 ], [ -21, 6, 21, 2 ] ], 
  [ [ 1, -1, -3, 0 ], [ 21, 1, 0, -3 ], [ -6, -1, -2, 1 ], 
      [ 21, -6, -21, -2 ] ], 
  [ [ 1, 0, 0, 0 ], [ 0, 1, 0, 0 ], [ 0, 0, 1, 0 ], [ 0, 0, 0, 1 ] ], 
  [ [ 2, -1, -4, 0 ], [ 21, 2, 0, -4 ], [ -4, -1, -2, 1 ], 
      [ 21, -4, -21, -2 ] ], 
  [ [ 2, -1, -3, 0 ], [ 21, 2, 0, -3 ], [ -6, -1, -1, 1 ], 
      [ 21, -6, -21, -1 ] ], 
  [ [ 5, 1, 2, -1 ], [ -21, 5, 21, 2 ], [ 8, -1, -5, -1 ], [ 21, 8, 21, -5 ] ]
    , 
  [ [ 7, 0, -2, -1 ], [ 0, 7, 21, -2 ], [ 4, -2, -7, 0 ], [ 42, 4, 0, -7 ] ] ]),BoundaryImage:=rec(ListIFace:=[  ],ListSign:=[  ],ListElt:=[  ])),rec(TheMatrixStab:=Group([ [ [ -92, 0, 48, 17 ], [ 0, -92, -357, 48 ], [ -48, 17, 91, 0 ], 
      [ -357, -48, 0, 91 ] ], 
  [ [ -91, 0, 48, 17 ], [ 0, -91, -357, 48 ], [ -48, 17, 92, 0 ], 
      [ -357, -48, 0, 92 ] ], 
  [ [ -6, 0, 4, 1 ], [ 0, -6, -21, 4 ], [ -4, 1, 6, 0 ], [ -21, -4, 0, 6 ] ], 
  [ [ -3, -20, -76, 11 ], [ 420, -3, -231, -76 ], [ -80, -10, 3, 20 ], 
      [ 210, -80, -420, 3 ] ], 
  [ [ -3, 20, 80, -10 ], [ -420, -3, 210, 80 ], [ 76, 11, 3, -20 ], 
      [ -231, 76, 420, 3 ] ], 
  [ [ -1, 0, 0, 0 ], [ 0, -1, 0, 0 ], [ 0, 0, -1, 0 ], [ 0, 0, 0, -1 ] ], 
  [ [ 1, 0, 0, 0 ], [ 0, 1, 0, 0 ], [ 0, 0, 1, 0 ], [ 0, 0, 0, 1 ] ], 
  [ [ 3, -20, -80, 10 ], [ 420, 3, -210, -80 ], [ -76, -11, -3, 20 ], 
      [ 231, -76, -420, -3 ] ], 
  [ [ 3, 20, 76, -11 ], [ -420, 3, 231, 76 ], [ 80, 10, -3, -20 ], 
      [ -210, 80, 420, -3 ] ], 
  [ [ 6, 0, -4, -1 ], [ 0, 6, 21, -4 ], [ 4, -1, -6, 0 ], [ 21, 4, 0, -6 ] ], 
  [ [ 91, 0, -48, -17 ], [ 0, 91, 357, -48 ], [ 48, -17, -92, 0 ], 
      [ 357, 48, 0, -92 ] ], 
  [ [ 92, 0, -48, -17 ], [ 0, 92, 357, -48 ], [ 48, -17, -91, 0 ], 
      [ 357, 48, 0, -91 ] ] ]),TheRotSubgroup:=Group([ [ [ -92, 0, 48, 17 ], [ 0, -92, -357, 48 ], [ -48, 17, 91, 0 ], 
      [ -357, -48, 0, 91 ] ], 
  [ [ -91, 0, 48, 17 ], [ 0, -91, -357, 48 ], [ -48, 17, 92, 0 ], 
      [ -357, -48, 0, 92 ] ], 
  [ [ -6, 0, 4, 1 ], [ 0, -6, -21, 4 ], [ -4, 1, 6, 0 ], [ -21, -4, 0, 6 ] ], 
  [ [ -3, -20, -76, 11 ], [ 420, -3, -231, -76 ], [ -80, -10, 3, 20 ], 
      [ 210, -80, -420, 3 ] ], 
  [ [ -3, 20, 80, -10 ], [ -420, -3, 210, 80 ], [ 76, 11, 3, -20 ], 
      [ -231, 76, 420, 3 ] ], 
  [ [ -1, 0, 0, 0 ], [ 0, -1, 0, 0 ], [ 0, 0, -1, 0 ], [ 0, 0, 0, -1 ] ], 
  [ [ 1, 0, 0, 0 ], [ 0, 1, 0, 0 ], [ 0, 0, 1, 0 ], [ 0, 0, 0, 1 ] ], 
  [ [ 3, -20, -80, 10 ], [ 420, 3, -210, -80 ], [ -76, -11, -3, 20 ], 
      [ 231, -76, -420, -3 ] ], 
  [ [ 3, 20, 76, -11 ], [ -420, 3, 231, 76 ], [ 80, 10, -3, -20 ], 
      [ -210, 80, 420, -3 ] ], 
  [ [ 6, 0, -4, -1 ], [ 0, 6, 21, -4 ], [ 4, -1, -6, 0 ], [ 21, 4, 0, -6 ] ], 
  [ [ 91, 0, -48, -17 ], [ 0, 91, 357, -48 ], [ 48, -17, -92, 0 ], 
      [ 357, 48, 0, -92 ] ], 
  [ [ 92, 0, -48, -17 ], [ 0, 92, 357, -48 ], [ 48, -17, -91, 0 ], 
      [ 357, 48, 0, -91 ] ] ]),BoundaryImage:=rec(ListIFace:=[  ],ListSign:=[  ],ListElt:=[  ])),rec(TheMatrixStab:=Group([ [ [ -5, -1, 0, 1 ], [ 21, -5, -21, 0 ], [ -9, 0, 4, 1 ], [ 0, -9, -21, 4 ] ]
    , 
  [ [ -5, 1, 5, 0 ], [ -21, -5, 0, 5 ], [ -1, 2, 5, -1 ], [ -42, -1, 21, 5 ] ]
    , 
  [ [ -4, -1, 0, 1 ], [ 21, -4, -21, 0 ], [ -9, 0, 5, 1 ], [ 0, -9, -21, 5 ] ]
    , 
  [ [ -4, 1, 4, 0 ], [ -21, -4, 0, 4 ], [ 1, 2, 4, -1 ], [ -42, 1, 21, 4 ] ], 
  [ [ -1, 0, 0, 0 ], [ 0, -1, 0, 0 ], [ 0, 0, -1, 0 ], [ 0, 0, 0, -1 ] ], 
  [ [ -1, 0, 1, 0 ], [ 0, -1, 0, 1 ], [ -2, 0, 1, 0 ], [ 0, -2, 0, 1 ] ], 
  [ [ 1, 0, -1, 0 ], [ 0, 1, 0, -1 ], [ 2, 0, -1, 0 ], [ 0, 2, 0, -1 ] ], 
  [ [ 1, 0, 0, 0 ], [ 0, 1, 0, 0 ], [ 0, 0, 1, 0 ], [ 0, 0, 0, 1 ] ], 
  [ [ 4, -1, -4, 0 ], [ 21, 4, 0, -4 ], [ -1, -2, -4, 1 ], 
      [ 42, -1, -21, -4 ] ], 
  [ [ 4, 1, 0, -1 ], [ -21, 4, 21, 0 ], [ 9, 0, -5, -1 ], [ 0, 9, 21, -5 ] ], 
  [ [ 5, -1, -5, 0 ], [ 21, 5, 0, -5 ], [ 1, -2, -5, 1 ], [ 42, 1, -21, -5 ] ]
    , 
  [ [ 5, 1, 0, -1 ], [ -21, 5, 21, 0 ], [ 9, 0, -4, -1 ], [ 0, 9, 21, -4 ] ] ]),TheRotSubgroup:=Group([ [ [ -5, -1, 0, 1 ], [ 21, -5, -21, 0 ], [ -9, 0, 4, 1 ], [ 0, -9, -21, 4 ] ]
    , 
  [ [ -5, 1, 5, 0 ], [ -21, -5, 0, 5 ], [ -1, 2, 5, -1 ], [ -42, -1, 21, 5 ] ]
    , 
  [ [ -4, -1, 0, 1 ], [ 21, -4, -21, 0 ], [ -9, 0, 5, 1 ], [ 0, -9, -21, 5 ] ]
    , 
  [ [ -4, 1, 4, 0 ], [ -21, -4, 0, 4 ], [ 1, 2, 4, -1 ], [ -42, 1, 21, 4 ] ], 
  [ [ -1, 0, 0, 0 ], [ 0, -1, 0, 0 ], [ 0, 0, -1, 0 ], [ 0, 0, 0, -1 ] ], 
  [ [ -1, 0, 1, 0 ], [ 0, -1, 0, 1 ], [ -2, 0, 1, 0 ], [ 0, -2, 0, 1 ] ], 
  [ [ 1, 0, -1, 0 ], [ 0, 1, 0, -1 ], [ 2, 0, -1, 0 ], [ 0, 2, 0, -1 ] ], 
  [ [ 1, 0, 0, 0 ], [ 0, 1, 0, 0 ], [ 0, 0, 1, 0 ], [ 0, 0, 0, 1 ] ], 
  [ [ 4, -1, -4, 0 ], [ 21, 4, 0, -4 ], [ -1, -2, -4, 1 ], 
      [ 42, -1, -21, -4 ] ], 
  [ [ 4, 1, 0, -1 ], [ -21, 4, 21, 0 ], [ 9, 0, -5, -1 ], [ 0, 9, 21, -5 ] ], 
  [ [ 5, -1, -5, 0 ], [ 21, 5, 0, -5 ], [ 1, -2, -5, 1 ], [ 42, 1, -21, -5 ] ]
    , 
  [ [ 5, 1, 0, -1 ], [ -21, 5, 21, 0 ], [ 9, 0, -4, -1 ], [ 0, 9, 21, -4 ] ] ]),BoundaryImage:=rec(ListIFace:=[  ],ListSign:=[  ],ListElt:=[  ])),rec(TheMatrixStab:=Group([ [ [ -122, 5, 80, 20 ], [ -105, -122, -420, 80 ], [ -43, 26, 122, -5 ], 
      [ -546, -43, 105, 122 ] ], 
  [ [ -79, 21, 121, 4 ], [ -441, -79, -84, 121 ], [ 43, 26, 79, -21 ], 
      [ -546, 43, 441, 79 ] ], 
  [ [ -47, -17, -42, 17 ], [ 357, -47, -357, -42 ], [ -93, 0, 46, 17 ], 
      [ 0, -93, -357, 46 ] ], 
  [ [ -46, -17, -42, 17 ], [ 357, -46, -357, -42 ], [ -93, 0, 47, 17 ], 
      [ 0, -93, -357, 47 ] ], 
  [ [ -43, -16, -41, 16 ], [ 336, -43, -336, -41 ], [ -86, 0, 43, 16 ], 
      [ 0, -86, -336, 43 ] ], 
  [ [ -1, 0, 0, 0 ], [ 0, -1, 0, 0 ], [ 0, 0, -1, 0 ], [ 0, 0, 0, -1 ] ], 
  [ [ 1, 0, 0, 0 ], [ 0, 1, 0, 0 ], [ 0, 0, 1, 0 ], [ 0, 0, 0, 1 ] ], 
  [ [ 43, 16, 41, -16 ], [ -336, 43, 336, 41 ], [ 86, 0, -43, -16 ], 
      [ 0, 86, 336, -43 ] ], 
  [ [ 46, 17, 42, -17 ], [ -357, 46, 357, 42 ], [ 93, 0, -47, -17 ], 
      [ 0, 93, 357, -47 ] ], 
  [ [ 47, 17, 42, -17 ], [ -357, 47, 357, 42 ], [ 93, 0, -46, -17 ], 
      [ 0, 93, 357, -46 ] ], 
  [ [ 79, -21, -121, -4 ], [ 441, 79, 84, -121 ], [ -43, -26, -79, 21 ], 
      [ 546, -43, -441, -79 ] ], 
  [ [ 122, -5, -80, -20 ], [ 105, 122, 420, -80 ], [ 43, -26, -122, 5 ], 
      [ 546, 43, -105, -122 ] ] ]),TheRotSubgroup:=Group([ [ [ -122, 5, 80, 20 ], [ -105, -122, -420, 80 ], [ -43, 26, 122, -5 ], 
      [ -546, -43, 105, 122 ] ], 
  [ [ -79, 21, 121, 4 ], [ -441, -79, -84, 121 ], [ 43, 26, 79, -21 ], 
      [ -546, 43, 441, 79 ] ], 
  [ [ -47, -17, -42, 17 ], [ 357, -47, -357, -42 ], [ -93, 0, 46, 17 ], 
      [ 0, -93, -357, 46 ] ], 
  [ [ -46, -17, -42, 17 ], [ 357, -46, -357, -42 ], [ -93, 0, 47, 17 ], 
      [ 0, -93, -357, 47 ] ], 
  [ [ -43, -16, -41, 16 ], [ 336, -43, -336, -41 ], [ -86, 0, 43, 16 ], 
      [ 0, -86, -336, 43 ] ], 
  [ [ -1, 0, 0, 0 ], [ 0, -1, 0, 0 ], [ 0, 0, -1, 0 ], [ 0, 0, 0, -1 ] ], 
  [ [ 1, 0, 0, 0 ], [ 0, 1, 0, 0 ], [ 0, 0, 1, 0 ], [ 0, 0, 0, 1 ] ], 
  [ [ 43, 16, 41, -16 ], [ -336, 43, 336, 41 ], [ 86, 0, -43, -16 ], 
      [ 0, 86, 336, -43 ] ], 
  [ [ 46, 17, 42, -17 ], [ -357, 46, 357, 42 ], [ 93, 0, -47, -17 ], 
      [ 0, 93, 357, -47 ] ], 
  [ [ 47, 17, 42, -17 ], [ -357, 47, 357, 42 ], [ 93, 0, -46, -17 ], 
      [ 0, 93, 357, -46 ] ], 
  [ [ 79, -21, -121, -4 ], [ 441, 79, 84, -121 ], [ -43, -26, -79, 21 ], 
      [ 546, -43, -441, -79 ] ], 
  [ [ 122, -5, -80, -20 ], [ 105, 122, 420, -80 ], [ 43, -26, -122, 5 ], 
      [ 546, 43, -105, -122 ] ] ]),BoundaryImage:=rec(ListIFace:=[  ],ListSign:=[  ],ListElt:=[  ])),rec(TheMatrixStab:=Group([ [ [ -14, 8, 27, 0 ], [ -168, -14, 0, 27 ], [ 43, 8, 13, -8 ], 
      [ -168, 43, 168, 13 ] ], 
  [ [ -13, 8, 27, 0 ], [ -168, -13, 0, 27 ], [ 43, 8, 14, -8 ], 
      [ -168, 43, 168, 14 ] ], 
  [ [ -1, 0, 0, 0 ], [ 0, -1, 0, 0 ], [ 0, 0, -1, 0 ], [ 0, 0, 0, -1 ] ], 
  [ [ 1, 0, 0, 0 ], [ 0, 1, 0, 0 ], [ 0, 0, 1, 0 ], [ 0, 0, 0, 1 ] ], 
  [ [ 13, -8, -27, 0 ], [ 168, 13, 0, -27 ], [ -43, -8, -14, 8 ], 
      [ 168, -43, -168, -14 ] ], 
  [ [ 14, -8, -27, 0 ], [ 168, 14, 0, -27 ], [ -43, -8, -13, 8 ], 
      [ 168, -43, -168, -13 ] ] ]),TheRotSubgroup:=Group([ [ [ -14, 8, 27, 0 ], [ -168, -14, 0, 27 ], [ 43, 8, 13, -8 ], 
      [ -168, 43, 168, 13 ] ], 
  [ [ -13, 8, 27, 0 ], [ -168, -13, 0, 27 ], [ 43, 8, 14, -8 ], 
      [ -168, 43, 168, 14 ] ], 
  [ [ -1, 0, 0, 0 ], [ 0, -1, 0, 0 ], [ 0, 0, -1, 0 ], [ 0, 0, 0, -1 ] ], 
  [ [ 1, 0, 0, 0 ], [ 0, 1, 0, 0 ], [ 0, 0, 1, 0 ], [ 0, 0, 0, 1 ] ], 
  [ [ 13, -8, -27, 0 ], [ 168, 13, 0, -27 ], [ -43, -8, -14, 8 ], 
      [ 168, -43, -168, -14 ] ], 
  [ [ 14, -8, -27, 0 ], [ 168, 14, 0, -27 ], [ -43, -8, -13, 8 ], 
      [ 168, -43, -168, -13 ] ] ]),BoundaryImage:=rec(ListIFace:=[  ],ListSign:=[  ],ListElt:=[  ])),rec(TheMatrixStab:=Group([ [ [ -561, 0, 295, 104 ], [ 0, -561, -2184, 295 ], [ -295, 104, 560, 0 ], 
      [ -2184, -295, 0, 560 ] ], 
  [ [ -560, 0, 295, 104 ], [ 0, -560, -2184, 295 ], [ -295, 104, 561, 0 ], 
      [ -2184, -295, 0, 561 ] ], 
  [ [ -1, 0, 0, 0 ], [ 0, -1, 0, 0 ], [ 0, 0, -1, 0 ], [ 0, 0, 0, -1 ] ], 
  [ [ 1, 0, 0, 0 ], [ 0, 1, 0, 0 ], [ 0, 0, 1, 0 ], [ 0, 0, 0, 1 ] ], 
  [ [ 560, 0, -295, -104 ], [ 0, 560, 2184, -295 ], [ 295, -104, -561, 0 ], 
      [ 2184, 295, 0, -561 ] ], 
  [ [ 561, 0, -295, -104 ], [ 0, 561, 2184, -295 ], [ 295, -104, -560, 0 ], 
      [ 2184, 295, 0, -560 ] ] ]),TheRotSubgroup:=Group([ [ [ -561, 0, 295, 104 ], [ 0, -561, -2184, 295 ], [ -295, 104, 560, 0 ], 
      [ -2184, -295, 0, 560 ] ], 
  [ [ -560, 0, 295, 104 ], [ 0, -560, -2184, 295 ], [ -295, 104, 561, 0 ], 
      [ -2184, -295, 0, 561 ] ], 
  [ [ -1, 0, 0, 0 ], [ 0, -1, 0, 0 ], [ 0, 0, -1, 0 ], [ 0, 0, 0, -1 ] ], 
  [ [ 1, 0, 0, 0 ], [ 0, 1, 0, 0 ], [ 0, 0, 1, 0 ], [ 0, 0, 0, 1 ] ], 
  [ [ 560, 0, -295, -104 ], [ 0, 560, 2184, -295 ], [ 295, -104, -561, 0 ], 
      [ 2184, 295, 0, -561 ] ], 
  [ [ 561, 0, -295, -104 ], [ 0, 561, 2184, -295 ], [ 295, -104, -560, 0 ], 
      [ 2184, 295, 0, -560 ] ] ]),BoundaryImage:=rec(ListIFace:=[  ],ListSign:=[  ],ListElt:=[  ])),rec(TheMatrixStab:=Group([ [ [ -2, 1, 3, 0 ], [ -21, -2, 0, 3 ], [ 6, 1, 1, -1 ], [ -21, 6, 21, 1 ] ], 
  [ [ -1, 0, 0, 0 ], [ 0, -1, 0, 0 ], [ 0, 0, -1, 0 ], [ 0, 0, 0, -1 ] ], 
  [ [ -1, 1, 3, 0 ], [ -21, -1, 0, 3 ], [ 6, 1, 2, -1 ], [ -21, 6, 21, 2 ] ], 
  [ [ 1, -1, -3, 0 ], [ 21, 1, 0, -3 ], [ -6, -1, -2, 1 ], 
      [ 21, -6, -21, -2 ] ], 
  [ [ 1, 0, 0, 0 ], [ 0, 1, 0, 0 ], [ 0, 0, 1, 0 ], [ 0, 0, 0, 1 ] ], 
  [ [ 2, -1, -3, 0 ], [ 21, 2, 0, -3 ], [ -6, -1, -1, 1 ], 
      [ 21, -6, -21, -1 ] ] ]),TheRotSubgroup:=Group([ [ [ -2, 1, 3, 0 ], [ -21, -2, 0, 3 ], [ 6, 1, 1, -1 ], [ -21, 6, 21, 1 ] ], 
  [ [ -1, 0, 0, 0 ], [ 0, -1, 0, 0 ], [ 0, 0, -1, 0 ], [ 0, 0, 0, -1 ] ], 
  [ [ -1, 1, 3, 0 ], [ -21, -1, 0, 3 ], [ 6, 1, 2, -1 ], [ -21, 6, 21, 2 ] ], 
  [ [ 1, -1, -3, 0 ], [ 21, 1, 0, -3 ], [ -6, -1, -2, 1 ], 
      [ 21, -6, -21, -2 ] ], 
  [ [ 1, 0, 0, 0 ], [ 0, 1, 0, 0 ], [ 0, 0, 1, 0 ], [ 0, 0, 0, 1 ] ], 
  [ [ 2, -1, -3, 0 ], [ 21, 2, 0, -3 ], [ -6, -1, -1, 1 ], 
      [ 21, -6, -21, -1 ] ] ]),BoundaryImage:=rec(ListIFace:=[  ],ListSign:=[  ],ListElt:=[  ])),rec(TheMatrixStab:=Group([ [ [ -92, 0, 48, 17 ], [ 0, -92, -357, 48 ], [ -48, 17, 91, 0 ], 
      [ -357, -48, 0, 91 ] ], 
  [ [ -91, 0, 48, 17 ], [ 0, -91, -357, 48 ], [ -48, 17, 92, 0 ], 
      [ -357, -48, 0, 92 ] ], 
  [ [ -1, 0, 0, 0 ], [ 0, -1, 0, 0 ], [ 0, 0, -1, 0 ], [ 0, 0, 0, -1 ] ], 
  [ [ 1, 0, 0, 0 ], [ 0, 1, 0, 0 ], [ 0, 0, 1, 0 ], [ 0, 0, 0, 1 ] ], 
  [ [ 91, 0, -48, -17 ], [ 0, 91, 357, -48 ], [ 48, -17, -92, 0 ], 
      [ 357, 48, 0, -92 ] ], 
  [ [ 92, 0, -48, -17 ], [ 0, 92, 357, -48 ], [ 48, -17, -91, 0 ], 
      [ 357, 48, 0, -91 ] ] ]),TheRotSubgroup:=Group([ [ [ -92, 0, 48, 17 ], [ 0, -92, -357, 48 ], [ -48, 17, 91, 0 ], 
      [ -357, -48, 0, 91 ] ], 
  [ [ -91, 0, 48, 17 ], [ 0, -91, -357, 48 ], [ -48, 17, 92, 0 ], 
      [ -357, -48, 0, 92 ] ], 
  [ [ -1, 0, 0, 0 ], [ 0, -1, 0, 0 ], [ 0, 0, -1, 0 ], [ 0, 0, 0, -1 ] ], 
  [ [ 1, 0, 0, 0 ], [ 0, 1, 0, 0 ], [ 0, 0, 1, 0 ], [ 0, 0, 0, 1 ] ], 
  [ [ 91, 0, -48, -17 ], [ 0, 91, 357, -48 ], [ 48, -17, -92, 0 ], 
      [ 357, 48, 0, -92 ] ], 
  [ [ 92, 0, -48, -17 ], [ 0, 92, 357, -48 ], [ 48, -17, -91, 0 ], 
      [ 357, 48, 0, -91 ] ] ]),BoundaryImage:=rec(ListIFace:=[  ],ListSign:=[  ],ListElt:=[  ])),rec(TheMatrixStab:=Group([ [ [ -40, 13, 52, 2 ], [ -273, -40, -42, 52 ], [ 52, 18, 40, -13 ], 
      [ -378, 52, 273, 40 ] ], 
  [ [ -1, 0, 0, 0 ], [ 0, -1, 0, 0 ], [ 0, 0, -1, 0 ], [ 0, 0, 0, -1 ] ], 
  [ [ 1, 0, 0, 0 ], [ 0, 1, 0, 0 ], [ 0, 0, 1, 0 ], [ 0, 0, 0, 1 ] ], 
  [ [ 40, -13, -52, -2 ], [ 273, 40, 42, -52 ], [ -52, -18, -40, 13 ], 
      [ 378, -52, -273, -40 ] ] ]),TheRotSubgroup:=Group([ [ [ -40, 13, 52, 2 ], [ -273, -40, -42, 52 ], [ 52, 18, 40, -13 ], 
      [ -378, 52, 273, 40 ] ], 
  [ [ -1, 0, 0, 0 ], [ 0, -1, 0, 0 ], [ 0, 0, -1, 0 ], [ 0, 0, 0, -1 ] ], 
  [ [ 1, 0, 0, 0 ], [ 0, 1, 0, 0 ], [ 0, 0, 1, 0 ], [ 0, 0, 0, 1 ] ], 
  [ [ 40, -13, -52, -2 ], [ 273, 40, 42, -52 ], [ -52, -18, -40, 13 ], 
      [ 378, -52, -273, -40 ] ] ]),BoundaryImage:=rec(ListIFace:=[  ],ListSign:=[  ],ListElt:=[  ])),rec(TheMatrixStab:=Group([ [ [ -596, -61, 80, 142 ], [ 1281, -596, -2982, 80 ], [ -556, 78, 596, 61 ], 
      [ -1638, -556, -1281, 596 ] ], 
  [ [ -1, 0, 0, 0 ], [ 0, -1, 0, 0 ], [ 0, 0, -1, 0 ], [ 0, 0, 0, -1 ] ], 
  [ [ 1, 0, 0, 0 ], [ 0, 1, 0, 0 ], [ 0, 0, 1, 0 ], [ 0, 0, 0, 1 ] ], 
  [ [ 596, 61, -80, -142 ], [ -1281, 596, 2982, -80 ], 
      [ 556, -78, -596, -61 ], [ 1638, 556, 1281, -596 ] ] ]),TheRotSubgroup:=Group([ [ [ -596, -61, 80, 142 ], [ 1281, -596, -2982, 80 ], [ -556, 78, 596, 61 ], 
      [ -1638, -556, -1281, 596 ] ], 
  [ [ -1, 0, 0, 0 ], [ 0, -1, 0, 0 ], [ 0, 0, -1, 0 ], [ 0, 0, 0, -1 ] ], 
  [ [ 1, 0, 0, 0 ], [ 0, 1, 0, 0 ], [ 0, 0, 1, 0 ], [ 0, 0, 0, 1 ] ], 
  [ [ 596, 61, -80, -142 ], [ -1281, 596, 2982, -80 ], 
      [ 556, -78, -596, -61 ], [ 1638, 556, 1281, -596 ] ] ]),BoundaryImage:=rec(ListIFace:=[  ],ListSign:=[  ],ListElt:=[  ]))],[rec(TheMatrixStab:=Group([ [ [ -1, 0, 0, 0 ], [ 0, -1, 0, 0 ], [ 0, 0, -1, 0 ], [ 0, 0, 0, -1 ] ], 
  [ [ -1, 0, 1, 0 ], [ 0, -1, 0, 1 ], [ -1, 0, 0, 0 ], [ 0, -1, 0, 0 ] ], 
  [ [ 0, 0, -1, 0 ], [ 0, 0, 0, -1 ], [ 1, 0, -1, 0 ], [ 0, 1, 0, -1 ] ], 
  [ [ 0, 0, 1, 0 ], [ 0, 0, 0, 1 ], [ -1, 0, 1, 0 ], [ 0, -1, 0, 1 ] ], 
  [ [ 1, 0, -1, 0 ], [ 0, 1, 0, -1 ], [ 1, 0, 0, 0 ], [ 0, 1, 0, 0 ] ], 
  [ [ 1, 0, 0, 0 ], [ 0, 1, 0, 0 ], [ 0, 0, 1, 0 ], [ 0, 0, 0, 1 ] ] ]),TheRotSubgroup:=Group([ [ [ -1, 0, 0, 0 ], [ 0, -1, 0, 0 ], [ 0, 0, -1, 0 ], [ 0, 0, 0, -1 ] ], 
  [ [ -1, 0, 1, 0 ], [ 0, -1, 0, 1 ], [ -1, 0, 0, 0 ], [ 0, -1, 0, 0 ] ], 
  [ [ 0, 0, -1, 0 ], [ 0, 0, 0, -1 ], [ 1, 0, -1, 0 ], [ 0, 1, 0, -1 ] ], 
  [ [ 0, 0, 1, 0 ], [ 0, 0, 0, 1 ], [ -1, 0, 1, 0 ], [ 0, -1, 0, 1 ] ], 
  [ [ 1, 0, -1, 0 ], [ 0, 1, 0, -1 ], [ 1, 0, 0, 0 ], [ 0, 1, 0, 0 ] ], 
  [ [ 1, 0, 0, 0 ], [ 0, 1, 0, 0 ], [ 0, 0, 1, 0 ], [ 0, 0, 0, 1 ] ] ]),BoundaryImage:=rec(ListIFace:=[ 1, 2 ],ListSign:=[ -1, 1 ],ListElt:=[ [ [ 0, 0, 1, 0 ], [ 0, 0, 0, 1 ], [ -1, 0, 1, 0 ], [ 0, -1, 0, 1 ] ], 
  [ [ 0, 0, 1, 0 ], [ 0, 0, 0, 1 ], [ -1, 0, 1, 0 ], [ 0, -1, 0, 1 ] ] ])),rec(TheMatrixStab:=Group([ [ [ -1, 0, 0, 0 ], [ 0, -1, 0, 0 ], [ 0, 0, -1, 0 ], [ 0, 0, 0, -1 ] ], 
  [ [ 1, 0, 0, 0 ], [ 0, 1, 0, 0 ], [ 0, 0, 1, 0 ], [ 0, 0, 0, 1 ] ] ]),TheRotSubgroup:=Group([ [ [ -1, 0, 0, 0 ], [ 0, -1, 0, 0 ], [ 0, 0, -1, 0 ], [ 0, 0, 0, -1 ] ], 
  [ [ 1, 0, 0, 0 ], [ 0, 1, 0, 0 ], [ 0, 0, 1, 0 ], [ 0, 0, 0, 1 ] ] ]),BoundaryImage:=rec(ListIFace:=[ 1, 3 ],ListSign:=[ -1, 1 ],ListElt:=[ [ [ -1, 0, 0, 0 ], [ 0, -1, 0, 0 ], [ 0, 0, -1, 0 ], [ 0, 0, 0, -1 ] ], 
  [ [ 2, -1, -4, 0 ], [ 21, 2, 0, -4 ], [ -4, -1, -2, 1 ], 
      [ 21, -4, -21, -2 ] ] ])),rec(TheMatrixStab:=Group([ [ [ -1, 0, 0, 0 ], [ 0, -1, 0, 0 ], [ 0, 0, -1, 0 ], [ 0, 0, 0, -1 ] ], 
  [ [ 1, 0, 0, 0 ], [ 0, 1, 0, 0 ], [ 0, 0, 1, 0 ], [ 0, 0, 0, 1 ] ] ]),TheRotSubgroup:=Group([ [ [ -1, 0, 0, 0 ], [ 0, -1, 0, 0 ], [ 0, 0, -1, 0 ], [ 0, 0, 0, -1 ] ], 
  [ [ 1, 0, 0, 0 ], [ 0, 1, 0, 0 ], [ 0, 0, 1, 0 ], [ 0, 0, 0, 1 ] ] ]),BoundaryImage:=rec(ListIFace:=[ 2, 4 ],ListSign:=[ -1, 1 ],ListElt:=[ [ [ -1, 0, 0, 0 ], [ 0, -1, 0, 0 ], [ 0, 0, -1, 0 ], [ 0, 0, 0, -1 ] ], 
  [ [ 3, 20, 76, -11 ], [ -420, 3, 231, 76 ], [ 80, 10, -3, -20 ], 
      [ -210, 80, 420, -3 ] ] ])),rec(TheMatrixStab:=Group([ [ [ -1, 0, 0, 0 ], [ 0, -1, 0, 0 ], [ 0, 0, -1, 0 ], [ 0, 0, 0, -1 ] ], 
  [ [ 1, 0, 0, 0 ], [ 0, 1, 0, 0 ], [ 0, 0, 1, 0 ], [ 0, 0, 0, 1 ] ] ]),TheRotSubgroup:=Group([ [ [ -1, 0, 0, 0 ], [ 0, -1, 0, 0 ], [ 0, 0, -1, 0 ], [ 0, 0, 0, -1 ] ], 
  [ [ 1, 0, 0, 0 ], [ 0, 1, 0, 0 ], [ 0, 0, 1, 0 ], [ 0, 0, 0, 1 ] ] ]),BoundaryImage:=rec(ListIFace:=[ 1, 5 ],ListSign:=[ -1, 1 ],ListElt:=[ [ [ 0, 0, -1, 0 ], [ 0, 0, 0, -1 ], [ 1, 0, -1, 0 ], [ 0, 1, 0, -1 ] ], 
  [ [ 5, 1, 0, -1 ], [ -21, 5, 21, 0 ], [ 9, 0, -4, -1 ], [ 0, 9, 21, -4 ] ] ])),rec(TheMatrixStab:=Group([ [ [ -1, 0, 0, 0 ], [ 0, -1, 0, 0 ], [ 0, 0, -1, 0 ], [ 0, 0, 0, -1 ] ], 
  [ [ 1, 0, 0, 0 ], [ 0, 1, 0, 0 ], [ 0, 0, 1, 0 ], [ 0, 0, 0, 1 ] ] ]),TheRotSubgroup:=Group([ [ [ -1, 0, 0, 0 ], [ 0, -1, 0, 0 ], [ 0, 0, -1, 0 ], [ 0, 0, 0, -1 ] ], 
  [ [ 1, 0, 0, 0 ], [ 0, 1, 0, 0 ], [ 0, 0, 1, 0 ], [ 0, 0, 0, 1 ] ] ]),BoundaryImage:=rec(ListIFace:=[ 2, 6 ],ListSign:=[ -1, 1 ],ListElt:=[ [ [ 0, 0, -1, 0 ], [ 0, 0, 0, -1 ], [ 1, 0, -1, 0 ], [ 0, 1, 0, -1 ] ], 
  [ [ 47, 17, 42, -17 ], [ -357, 47, 357, 42 ], [ 93, 0, -46, -17 ], 
      [ 0, 93, 357, -46 ] ] ])),rec(TheMatrixStab:=Group([ [ [ -1, 0, 0, 0 ], [ 0, -1, 0, 0 ], [ 0, 0, -1, 0 ], [ 0, 0, 0, -1 ] ], 
  [ [ -1, 0, 1, 0 ], [ 0, -1, 0, 1 ], [ -1, 0, 0, 0 ], [ 0, -1, 0, 0 ] ], 
  [ [ 0, 0, -1, 0 ], [ 0, 0, 0, -1 ], [ 1, 0, -1, 0 ], [ 0, 1, 0, -1 ] ], 
  [ [ 0, 0, 1, 0 ], [ 0, 0, 0, 1 ], [ -1, 0, 1, 0 ], [ 0, -1, 0, 1 ] ], 
  [ [ 1, 0, -1, 0 ], [ 0, 1, 0, -1 ], [ 1, 0, 0, 0 ], [ 0, 1, 0, 0 ] ], 
  [ [ 1, 0, 0, 0 ], [ 0, 1, 0, 0 ], [ 0, 0, 1, 0 ], [ 0, 0, 0, 1 ] ] ]),TheRotSubgroup:=Group([ [ [ -1, 0, 0, 0 ], [ 0, -1, 0, 0 ], [ 0, 0, -1, 0 ], [ 0, 0, 0, -1 ] ], 
  [ [ -1, 0, 1, 0 ], [ 0, -1, 0, 1 ], [ -1, 0, 0, 0 ], [ 0, -1, 0, 0 ] ], 
  [ [ 0, 0, -1, 0 ], [ 0, 0, 0, -1 ], [ 1, 0, -1, 0 ], [ 0, 1, 0, -1 ] ], 
  [ [ 0, 0, 1, 0 ], [ 0, 0, 0, 1 ], [ -1, 0, 1, 0 ], [ 0, -1, 0, 1 ] ], 
  [ [ 1, 0, -1, 0 ], [ 0, 1, 0, -1 ], [ 1, 0, 0, 0 ], [ 0, 1, 0, 0 ] ], 
  [ [ 1, 0, 0, 0 ], [ 0, 1, 0, 0 ], [ 0, 0, 1, 0 ], [ 0, 0, 0, 1 ] ] ]),BoundaryImage:=rec(ListIFace:=[ 1, 2 ],ListSign:=[ -1, 1 ],ListElt:=[ [ [ 0, 0, -1, 0 ], [ 0, 0, 0, -1 ], [ 1, 0, -1, 0 ], [ 0, 1, 0, -1 ] ], 
  [ [ 0, -2, -8, 1 ], [ 42, 0, -21, -8 ], [ 8, -1, -8, -1 ], 
      [ 21, 8, 21, -8 ] ] ])),rec(TheMatrixStab:=Group([ [ [ -1, 0, 0, 0 ], [ 0, -1, 0, 0 ], [ 0, 0, -1, 0 ], [ 0, 0, 0, -1 ] ], 
  [ [ 1, 0, 0, 0 ], [ 0, 1, 0, 0 ], [ 0, 0, 1, 0 ], [ 0, 0, 0, 1 ] ] ]),TheRotSubgroup:=Group([ [ [ -1, 0, 0, 0 ], [ 0, -1, 0, 0 ], [ 0, 0, -1, 0 ], [ 0, 0, 0, -1 ] ], 
  [ [ 1, 0, 0, 0 ], [ 0, 1, 0, 0 ], [ 0, 0, 1, 0 ], [ 0, 0, 0, 1 ] ] ]),BoundaryImage:=rec(ListIFace:=[ 3, 5 ],ListSign:=[ -1, 1 ],ListElt:=[ [ [ -2, 1, 3, 0 ], [ -21, -2, 0, 3 ], [ 6, 1, 1, -1 ], [ -21, 6, 21, 1 ] ], 
  [ [ 9, -4, -13, 1 ], [ 84, 9, -21, -13 ], [ -20, -4, 1, 4 ], 
      [ 84, -20, -84, 1 ] ] ])),rec(TheMatrixStab:=Group([ [ [ -1, 0, 0, 0 ], [ 0, -1, 0, 0 ], [ 0, 0, -1, 0 ], [ 0, 0, 0, -1 ] ], 
  [ [ 1, 0, 0, 0 ], [ 0, 1, 0, 0 ], [ 0, 0, 1, 0 ], [ 0, 0, 0, 1 ] ] ]),TheRotSubgroup:=Group([ [ [ -1, 0, 0, 0 ], [ 0, -1, 0, 0 ], [ 0, 0, -1, 0 ], [ 0, 0, 0, -1 ] ], 
  [ [ 1, 0, 0, 0 ], [ 0, 1, 0, 0 ], [ 0, 0, 1, 0 ], [ 0, 0, 0, 1 ] ] ]),BoundaryImage:=rec(ListIFace:=[ 4, 6 ],ListSign:=[ -1, 1 ],ListElt:=[ [ [ -3, -20, -76, 11 ], [ 420, -3, -231, -76 ], [ -80, -10, 3, 20 ], 
      [ 210, -80, -420, 3 ] ], 
  [ [ -178, 10, 129, 28 ], [ -210, -178, -588, 129 ], [ -55, 38, 176, -9 ], 
      [ -798, -55, 189, 176 ] ] ])),rec(TheMatrixStab:=Group([ [ [ -1, 0, 0, 0 ], [ 0, -1, 0, 0 ], [ 0, 0, -1, 0 ], [ 0, 0, 0, -1 ] ], 
  [ [ 1, 0, 0, 0 ], [ 0, 1, 0, 0 ], [ 0, 0, 1, 0 ], [ 0, 0, 0, 1 ] ] ]),TheRotSubgroup:=Group([ [ [ -1, 0, 0, 0 ], [ 0, -1, 0, 0 ], [ 0, 0, -1, 0 ], [ 0, 0, 0, -1 ] ], 
  [ [ 1, 0, 0, 0 ], [ 0, 1, 0, 0 ], [ 0, 0, 1, 0 ], [ 0, 0, 0, 1 ] ] ]),BoundaryImage:=rec(ListIFace:=[ 3, 7 ],ListSign:=[ -1, 1 ],ListElt:=[ [ [ -2, 1, 4, 0 ], [ -21, -2, 0, 4 ], [ 4, 1, 2, -1 ], [ -21, 4, 21, 2 ] ], 
  [ [ -14, 8, 27, 0 ], [ -168, -14, 0, 27 ], [ 43, 8, 13, -8 ], 
      [ -168, 43, 168, 13 ] ] ])),rec(TheMatrixStab:=Group([ [ [ -1, 0, 0, 0 ], [ 0, -1, 0, 0 ], [ 0, 0, -1, 0 ], [ 0, 0, 0, -1 ] ], 
  [ [ 1, 0, 0, 0 ], [ 0, 1, 0, 0 ], [ 0, 0, 1, 0 ], [ 0, 0, 0, 1 ] ] ]),TheRotSubgroup:=Group([ [ [ -1, 0, 0, 0 ], [ 0, -1, 0, 0 ], [ 0, 0, -1, 0 ], [ 0, 0, 0, -1 ] ], 
  [ [ 1, 0, 0, 0 ], [ 0, 1, 0, 0 ], [ 0, 0, 1, 0 ], [ 0, 0, 0, 1 ] ] ]),BoundaryImage:=rec(ListIFace:=[ 4, 8 ],ListSign:=[ -1, 1 ],ListElt:=[ [ [ 1, 0, 0, 0 ], [ 0, 1, 0, 0 ], [ 0, 0, 1, 0 ], [ 0, 0, 0, 1 ] ], 
  [ [ 561, 0, -295, -104 ], [ 0, 561, 2184, -295 ], [ 295, -104, -560, 0 ], 
      [ 2184, 295, 0, -560 ] ] ])),rec(TheMatrixStab:=Group([ [ [ -1, 0, 0, 0 ], [ 0, -1, 0, 0 ], [ 0, 0, -1, 0 ], [ 0, 0, 0, -1 ] ], 
  [ [ 1, 0, 0, 0 ], [ 0, 1, 0, 0 ], [ 0, 0, 1, 0 ], [ 0, 0, 0, 1 ] ] ]),TheRotSubgroup:=Group([ [ [ -1, 0, 0, 0 ], [ 0, -1, 0, 0 ], [ 0, 0, -1, 0 ], [ 0, 0, 0, -1 ] ], 
  [ [ 1, 0, 0, 0 ], [ 0, 1, 0, 0 ], [ 0, 0, 1, 0 ], [ 0, 0, 0, 1 ] ] ]),BoundaryImage:=rec(ListIFace:=[ 3, 5 ],ListSign:=[ -1, 1 ],ListElt:=[ [ [ 7, 0, -2, -1 ], [ 0, 7, 21, -2 ], [ 4, -2, -7, 0 ], [ 42, 4, 0, -7 ] ], 
  [ [ -6, 5, 14, -2 ], [ -105, -6, 42, 14 ], [ 28, 4, -6, -5 ], 
      [ -84, 28, 105, -6 ] ] ])),rec(TheMatrixStab:=Group([ [ [ -1, 0, 0, 0 ], [ 0, -1, 0, 0 ], [ 0, 0, -1, 0 ], [ 0, 0, 0, -1 ] ], 
  [ [ 1, 0, 0, 0 ], [ 0, 1, 0, 0 ], [ 0, 0, 1, 0 ], [ 0, 0, 0, 1 ] ] ]),TheRotSubgroup:=Group([ [ [ -1, 0, 0, 0 ], [ 0, -1, 0, 0 ], [ 0, 0, -1, 0 ], [ 0, 0, 0, -1 ] ], 
  [ [ 1, 0, 0, 0 ], [ 0, 1, 0, 0 ], [ 0, 0, 1, 0 ], [ 0, 0, 0, 1 ] ] ]),BoundaryImage:=rec(ListIFace:=[ 4, 6 ],ListSign:=[ -1, 1 ],ListElt:=[ [ [ 92, 0, -48, -17 ], [ 0, 92, 357, -48 ], [ 48, -17, -91, 0 ], 
      [ 357, 48, 0, -91 ] ], 
  [ [ 317, 7, -133, -62 ], [ -147, 317, 1302, -133 ], [ 194, -55, -311, -8 ], 
      [ 1155, 194, 168, -311 ] ] ])),rec(TheMatrixStab:=Group([ [ [ -2, 1, 3, 0 ], [ -21, -2, 0, 3 ], [ 6, 1, 1, -1 ], [ -21, 6, 21, 1 ] ], 
  [ [ -1, 0, 0, 0 ], [ 0, -1, 0, 0 ], [ 0, 0, -1, 0 ], [ 0, 0, 0, -1 ] ], 
  [ [ -1, 1, 3, 0 ], [ -21, -1, 0, 3 ], [ 6, 1, 2, -1 ], [ -21, 6, 21, 2 ] ], 
  [ [ 1, -1, -3, 0 ], [ 21, 1, 0, -3 ], [ -6, -1, -2, 1 ], 
      [ 21, -6, -21, -2 ] ], 
  [ [ 1, 0, 0, 0 ], [ 0, 1, 0, 0 ], [ 0, 0, 1, 0 ], [ 0, 0, 0, 1 ] ], 
  [ [ 2, -1, -3, 0 ], [ 21, 2, 0, -3 ], [ -6, -1, -1, 1 ], 
      [ 21, -6, -21, -1 ] ] ]),TheRotSubgroup:=Group([ [ [ -2, 1, 3, 0 ], [ -21, -2, 0, 3 ], [ 6, 1, 1, -1 ], [ -21, 6, 21, 1 ] ], 
  [ [ -1, 0, 0, 0 ], [ 0, -1, 0, 0 ], [ 0, 0, -1, 0 ], [ 0, 0, 0, -1 ] ], 
  [ [ -1, 1, 3, 0 ], [ -21, -1, 0, 3 ], [ 6, 1, 2, -1 ], [ -21, 6, 21, 2 ] ], 
  [ [ 1, -1, -3, 0 ], [ 21, 1, 0, -3 ], [ -6, -1, -2, 1 ], 
      [ 21, -6, -21, -2 ] ], 
  [ [ 1, 0, 0, 0 ], [ 0, 1, 0, 0 ], [ 0, 0, 1, 0 ], [ 0, 0, 0, 1 ] ], 
  [ [ 2, -1, -3, 0 ], [ 21, 2, 0, -3 ], [ -6, -1, -1, 1 ], 
      [ 21, -6, -21, -1 ] ] ]),BoundaryImage:=rec(ListIFace:=[ 3, 9 ],ListSign:=[ -1, 1 ],ListElt:=[ [ [ 1, 0, 0, 0 ], [ 0, 1, 0, 0 ], [ 0, 0, 1, 0 ], [ 0, 0, 0, 1 ] ], 
  [ [ 2, -1, -3, 0 ], [ 21, 2, 0, -3 ], [ -6, -1, -1, 1 ], 
      [ 21, -6, -21, -1 ] ] ])),rec(TheMatrixStab:=Group([ [ [ -92, 0, 48, 17 ], [ 0, -92, -357, 48 ], [ -48, 17, 91, 0 ], 
      [ -357, -48, 0, 91 ] ], 
  [ [ -91, 0, 48, 17 ], [ 0, -91, -357, 48 ], [ -48, 17, 92, 0 ], 
      [ -357, -48, 0, 92 ] ], 
  [ [ -1, 0, 0, 0 ], [ 0, -1, 0, 0 ], [ 0, 0, -1, 0 ], [ 0, 0, 0, -1 ] ], 
  [ [ 1, 0, 0, 0 ], [ 0, 1, 0, 0 ], [ 0, 0, 1, 0 ], [ 0, 0, 0, 1 ] ], 
  [ [ 91, 0, -48, -17 ], [ 0, 91, 357, -48 ], [ 48, -17, -92, 0 ], 
      [ 357, 48, 0, -92 ] ], 
  [ [ 92, 0, -48, -17 ], [ 0, 92, 357, -48 ], [ 48, -17, -91, 0 ], 
      [ 357, 48, 0, -91 ] ] ]),TheRotSubgroup:=Group([ [ [ -92, 0, 48, 17 ], [ 0, -92, -357, 48 ], [ -48, 17, 91, 0 ], 
      [ -357, -48, 0, 91 ] ], 
  [ [ -91, 0, 48, 17 ], [ 0, -91, -357, 48 ], [ -48, 17, 92, 0 ], 
      [ -357, -48, 0, 92 ] ], 
  [ [ -1, 0, 0, 0 ], [ 0, -1, 0, 0 ], [ 0, 0, -1, 0 ], [ 0, 0, 0, -1 ] ], 
  [ [ 1, 0, 0, 0 ], [ 0, 1, 0, 0 ], [ 0, 0, 1, 0 ], [ 0, 0, 0, 1 ] ], 
  [ [ 91, 0, -48, -17 ], [ 0, 91, 357, -48 ], [ 48, -17, -92, 0 ], 
      [ 357, 48, 0, -92 ] ], 
  [ [ 92, 0, -48, -17 ], [ 0, 92, 357, -48 ], [ 48, -17, -91, 0 ], 
      [ 357, 48, 0, -91 ] ] ]),BoundaryImage:=rec(ListIFace:=[ 4, 10 ],ListSign:=[ -1, 1 ],ListElt:=[ [ [ -3, 20, 80, -10 ], [ -420, -3, 210, 80 ], [ 76, 11, 3, -20 ], 
      [ -231, 76, 420, 3 ] ], 
  [ [ -92, 0, 48, 17 ], [ 0, -92, -357, 48 ], [ -48, 17, 91, 0 ], 
      [ -357, -48, 0, 91 ] ] ])),rec(TheMatrixStab:=Group([ [ [ -1, 0, 0, 0 ], [ 0, -1, 0, 0 ], [ 0, 0, -1, 0 ], [ 0, 0, 0, -1 ] ], 
  [ [ 1, 0, 0, 0 ], [ 0, 1, 0, 0 ], [ 0, 0, 1, 0 ], [ 0, 0, 0, 1 ] ] ]),TheRotSubgroup:=Group([ [ [ -1, 0, 0, 0 ], [ 0, -1, 0, 0 ], [ 0, 0, -1, 0 ], [ 0, 0, 0, -1 ] ], 
  [ [ 1, 0, 0, 0 ], [ 0, 1, 0, 0 ], [ 0, 0, 1, 0 ], [ 0, 0, 0, 1 ] ] ]),BoundaryImage:=rec(ListIFace:=[ 5, 7 ],ListSign:=[ -1, 1 ],ListElt:=[ [ [ 4, -1, -4, 0 ], [ 21, 4, 0, -4 ], [ -1, -2, -4, 1 ], 
      [ 42, -1, -21, -4 ] ], 
  [ [ -7, -4, -10, 2 ], [ 84, -7, -42, -10 ], [ -23, -3, -3, 4 ], 
      [ 63, -23, -84, -3 ] ] ])),rec(TheMatrixStab:=Group([ [ [ -1, 0, 0, 0 ], [ 0, -1, 0, 0 ], [ 0, 0, -1, 0 ], [ 0, 0, 0, -1 ] ], 
  [ [ 1, 0, 0, 0 ], [ 0, 1, 0, 0 ], [ 0, 0, 1, 0 ], [ 0, 0, 0, 1 ] ] ]),TheRotSubgroup:=Group([ [ [ -1, 0, 0, 0 ], [ 0, -1, 0, 0 ], [ 0, 0, -1, 0 ], [ 0, 0, 0, -1 ] ], 
  [ [ 1, 0, 0, 0 ], [ 0, 1, 0, 0 ], [ 0, 0, 1, 0 ], [ 0, 0, 0, 1 ] ] ]),BoundaryImage:=rec(ListIFace:=[ 6, 8 ],ListSign:=[ -1, 1 ],ListElt:=[ [ [ -43, -16, -41, 16 ], [ 336, -43, -336, -41 ], [ -86, 0, 43, 16 ], 
      [ 0, -86, -336, 43 ] ], 
  [ [ 147, 102, 320, -81 ], [ -2142, 147, 1701, 320 ], 
      [ 487, 24, -163, -103 ], [ -504, 487, 2163, -163 ] ] ])),rec(TheMatrixStab:=Group([ [ [ -5, -1, 0, 1 ], [ 21, -5, -21, 0 ], [ -9, 0, 4, 1 ], [ 0, -9, -21, 4 ] ]
    , 
  [ [ -4, -1, 0, 1 ], [ 21, -4, -21, 0 ], [ -9, 0, 5, 1 ], [ 0, -9, -21, 5 ] ]
    , [ [ -1, 0, 0, 0 ], [ 0, -1, 0, 0 ], [ 0, 0, -1, 0 ], [ 0, 0, 0, -1 ] ], 
  [ [ 1, 0, 0, 0 ], [ 0, 1, 0, 0 ], [ 0, 0, 1, 0 ], [ 0, 0, 0, 1 ] ], 
  [ [ 4, 1, 0, -1 ], [ -21, 4, 21, 0 ], [ 9, 0, -5, -1 ], [ 0, 9, 21, -5 ] ], 
  [ [ 5, 1, 0, -1 ], [ -21, 5, 21, 0 ], [ 9, 0, -4, -1 ], [ 0, 9, 21, -4 ] ] ]),TheRotSubgroup:=Group([ [ [ -5, -1, 0, 1 ], [ 21, -5, -21, 0 ], [ -9, 0, 4, 1 ], [ 0, -9, -21, 4 ] ]
    , 
  [ [ -4, -1, 0, 1 ], [ 21, -4, -21, 0 ], [ -9, 0, 5, 1 ], [ 0, -9, -21, 5 ] ]
    , [ [ -1, 0, 0, 0 ], [ 0, -1, 0, 0 ], [ 0, 0, -1, 0 ], [ 0, 0, 0, -1 ] ], 
  [ [ 1, 0, 0, 0 ], [ 0, 1, 0, 0 ], [ 0, 0, 1, 0 ], [ 0, 0, 0, 1 ] ], 
  [ [ 4, 1, 0, -1 ], [ -21, 4, 21, 0 ], [ 9, 0, -5, -1 ], [ 0, 9, 21, -5 ] ], 
  [ [ 5, 1, 0, -1 ], [ -21, 5, 21, 0 ], [ 9, 0, -4, -1 ], [ 0, 9, 21, -4 ] ] ]),BoundaryImage:=rec(ListIFace:=[ 5, 10 ],ListSign:=[ -1, 1 ],ListElt:=[ [ [ 1, 0, -1, 0 ], [ 0, 1, 0, -1 ], [ 2, 0, -1, 0 ], [ 0, 2, 0, -1 ] ], 
  [ [ 10, -11, -48, 4 ], [ 231, 10, -84, -48 ], [ -38, -15, -38, 15 ], 
      [ 315, -38, -315, -38 ] ] ])),rec(TheMatrixStab:=Group([ [ [ -47, -17, -42, 17 ], [ 357, -47, -357, -42 ], [ -93, 0, 46, 17 ], 
      [ 0, -93, -357, 46 ] ], 
  [ [ -46, -17, -42, 17 ], [ 357, -46, -357, -42 ], [ -93, 0, 47, 17 ], 
      [ 0, -93, -357, 47 ] ], 
  [ [ -1, 0, 0, 0 ], [ 0, -1, 0, 0 ], [ 0, 0, -1, 0 ], [ 0, 0, 0, -1 ] ], 
  [ [ 1, 0, 0, 0 ], [ 0, 1, 0, 0 ], [ 0, 0, 1, 0 ], [ 0, 0, 0, 1 ] ], 
  [ [ 46, 17, 42, -17 ], [ -357, 46, 357, 42 ], [ 93, 0, -47, -17 ], 
      [ 0, 93, 357, -47 ] ], 
  [ [ 47, 17, 42, -17 ], [ -357, 47, 357, 42 ], [ 93, 0, -46, -17 ], 
      [ 0, 93, 357, -46 ] ] ]),TheRotSubgroup:=Group([ [ [ -47, -17, -42, 17 ], [ 357, -47, -357, -42 ], [ -93, 0, 46, 17 ], 
      [ 0, -93, -357, 46 ] ], 
  [ [ -46, -17, -42, 17 ], [ 357, -46, -357, -42 ], [ -93, 0, 47, 17 ], 
      [ 0, -93, -357, 47 ] ], 
  [ [ -1, 0, 0, 0 ], [ 0, -1, 0, 0 ], [ 0, 0, -1, 0 ], [ 0, 0, 0, -1 ] ], 
  [ [ 1, 0, 0, 0 ], [ 0, 1, 0, 0 ], [ 0, 0, 1, 0 ], [ 0, 0, 0, 1 ] ], 
  [ [ 46, 17, 42, -17 ], [ -357, 46, 357, 42 ], [ 93, 0, -47, -17 ], 
      [ 0, 93, 357, -47 ] ], 
  [ [ 47, 17, 42, -17 ], [ -357, 47, 357, 42 ], [ 93, 0, -46, -17 ], 
      [ 0, 93, 357, -46 ] ] ]),BoundaryImage:=rec(ListIFace:=[ 6, 9 ],ListSign:=[ -1, 1 ],ListElt:=[ [ [ 43, 16, 41, -16 ], [ -336, 43, 336, 41 ], [ 86, 0, -43, -16 ], 
      [ 0, 86, 336, -43 ] ], 
  [ [ 120, -4, -46, -17 ], [ 84, 120, 357, -46 ], [ 46, -25, -92, 0 ], 
      [ 525, 46, 0, -92 ] ] ])),rec(TheMatrixStab:=Group([ [ [ -14, 8, 27, 0 ], [ -168, -14, 0, 27 ], [ 43, 8, 13, -8 ], 
      [ -168, 43, 168, 13 ] ], 
  [ [ -13, 8, 27, 0 ], [ -168, -13, 0, 27 ], [ 43, 8, 14, -8 ], 
      [ -168, 43, 168, 14 ] ], 
  [ [ -1, 0, 0, 0 ], [ 0, -1, 0, 0 ], [ 0, 0, -1, 0 ], [ 0, 0, 0, -1 ] ], 
  [ [ 1, 0, 0, 0 ], [ 0, 1, 0, 0 ], [ 0, 0, 1, 0 ], [ 0, 0, 0, 1 ] ], 
  [ [ 13, -8, -27, 0 ], [ 168, 13, 0, -27 ], [ -43, -8, -14, 8 ], 
      [ 168, -43, -168, -14 ] ], 
  [ [ 14, -8, -27, 0 ], [ 168, 14, 0, -27 ], [ -43, -8, -13, 8 ], 
      [ 168, -43, -168, -13 ] ] ]),TheRotSubgroup:=Group([ [ [ -14, 8, 27, 0 ], [ -168, -14, 0, 27 ], [ 43, 8, 13, -8 ], 
      [ -168, 43, 168, 13 ] ], 
  [ [ -13, 8, 27, 0 ], [ -168, -13, 0, 27 ], [ 43, 8, 14, -8 ], 
      [ -168, 43, 168, 14 ] ], 
  [ [ -1, 0, 0, 0 ], [ 0, -1, 0, 0 ], [ 0, 0, -1, 0 ], [ 0, 0, 0, -1 ] ], 
  [ [ 1, 0, 0, 0 ], [ 0, 1, 0, 0 ], [ 0, 0, 1, 0 ], [ 0, 0, 0, 1 ] ], 
  [ [ 13, -8, -27, 0 ], [ 168, 13, 0, -27 ], [ -43, -8, -14, 8 ], 
      [ 168, -43, -168, -14 ] ], 
  [ [ 14, -8, -27, 0 ], [ 168, 14, 0, -27 ], [ -43, -8, -13, 8 ], 
      [ 168, -43, -168, -13 ] ] ]),BoundaryImage:=rec(ListIFace:=[ 7, 8 ],ListSign:=[ -1, 1 ],ListElt:=[ [ [ 14, -8, -27, 0 ], [ 168, 14, 0, -27 ], [ -43, -8, -13, 8 ], 
      [ 168, -43, -168, -13 ] ], 
  [ [ -272, 33, 272, 33 ], [ -693, -272, -693, 272 ], [ 64, 95, 336, -62 ], 
      [ -1995, 64, 1302, 336 ] ] ])),rec(TheMatrixStab:=Group([ [ [ -14, 8, 27, 0 ], [ -168, -14, 0, 27 ], [ 43, 8, 13, -8 ], 
      [ -168, 43, 168, 13 ] ], 
  [ [ -13, 8, 27, 0 ], [ -168, -13, 0, 27 ], [ 43, 8, 14, -8 ], 
      [ -168, 43, 168, 14 ] ], 
  [ [ -1, 0, 0, 0 ], [ 0, -1, 0, 0 ], [ 0, 0, -1, 0 ], [ 0, 0, 0, -1 ] ], 
  [ [ 1, 0, 0, 0 ], [ 0, 1, 0, 0 ], [ 0, 0, 1, 0 ], [ 0, 0, 0, 1 ] ], 
  [ [ 13, -8, -27, 0 ], [ 168, 13, 0, -27 ], [ -43, -8, -14, 8 ], 
      [ 168, -43, -168, -14 ] ], 
  [ [ 14, -8, -27, 0 ], [ 168, 14, 0, -27 ], [ -43, -8, -13, 8 ], 
      [ 168, -43, -168, -13 ] ] ]),TheRotSubgroup:=Group([ [ [ -14, 8, 27, 0 ], [ -168, -14, 0, 27 ], [ 43, 8, 13, -8 ], 
      [ -168, 43, 168, 13 ] ], 
  [ [ -13, 8, 27, 0 ], [ -168, -13, 0, 27 ], [ 43, 8, 14, -8 ], 
      [ -168, 43, 168, 14 ] ], 
  [ [ -1, 0, 0, 0 ], [ 0, -1, 0, 0 ], [ 0, 0, -1, 0 ], [ 0, 0, 0, -1 ] ], 
  [ [ 1, 0, 0, 0 ], [ 0, 1, 0, 0 ], [ 0, 0, 1, 0 ], [ 0, 0, 0, 1 ] ], 
  [ [ 13, -8, -27, 0 ], [ 168, 13, 0, -27 ], [ -43, -8, -14, 8 ], 
      [ 168, -43, -168, -14 ] ], 
  [ [ 14, -8, -27, 0 ], [ 168, 14, 0, -27 ], [ -43, -8, -13, 8 ], 
      [ 168, -43, -168, -13 ] ] ]),BoundaryImage:=rec(ListIFace:=[ 7, 8 ],ListSign:=[ -1, 1 ],ListElt:=[ [ [ -1, 0, 0, 0 ], [ 0, -1, 0, 0 ], [ 0, 0, -1, 0 ], [ 0, 0, 0, -1 ] ], 
  [ [ 197, -24, -197, -24 ], [ 504, 197, 504, -197 ], [ -55, -72, -252, 48 ], 
      [ 1512, -55, -1008, -252 ] ] ])),rec(TheMatrixStab:=Group([ [ [ -1, 0, 0, 0 ], [ 0, -1, 0, 0 ], [ 0, 0, -1, 0 ], [ 0, 0, 0, -1 ] ], 
  [ [ 1, 0, 0, 0 ], [ 0, 1, 0, 0 ], [ 0, 0, 1, 0 ], [ 0, 0, 0, 1 ] ] ]),TheRotSubgroup:=Group([ [ [ -1, 0, 0, 0 ], [ 0, -1, 0, 0 ], [ 0, 0, -1, 0 ], [ 0, 0, 0, -1 ] ], 
  [ [ 1, 0, 0, 0 ], [ 0, 1, 0, 0 ], [ 0, 0, 1, 0 ], [ 0, 0, 0, 1 ] ] ]),BoundaryImage:=rec(ListIFace:=[ 9, 11 ],ListSign:=[ -1, 1 ],ListElt:=[ [ [ 1, 0, 0, 0 ], [ 0, 1, 0, 0 ], [ 0, 0, 1, 0 ], [ 0, 0, 0, 1 ] ], 
  [ [ 1, 0, 0, 0 ], [ 0, 1, 0, 0 ], [ 0, 0, 1, 0 ], [ 0, 0, 0, 1 ] ] ])),rec(TheMatrixStab:=Group([ [ [ -1, 0, 0, 0 ], [ 0, -1, 0, 0 ], [ 0, 0, -1, 0 ], [ 0, 0, 0, -1 ] ], 
  [ [ 1, 0, 0, 0 ], [ 0, 1, 0, 0 ], [ 0, 0, 1, 0 ], [ 0, 0, 0, 1 ] ] ]),TheRotSubgroup:=Group([ [ [ -1, 0, 0, 0 ], [ 0, -1, 0, 0 ], [ 0, 0, -1, 0 ], [ 0, 0, 0, -1 ] ], 
  [ [ 1, 0, 0, 0 ], [ 0, 1, 0, 0 ], [ 0, 0, 1, 0 ], [ 0, 0, 0, 1 ] ] ]),BoundaryImage:=rec(ListIFace:=[ 10, 12 ],ListSign:=[ -1, 1 ],ListElt:=[ [ [ 92, 0, -48, -17 ], [ 0, 92, 357, -48 ], [ 48, -17, -91, 0 ], 
      [ 357, 48, 0, -91 ] ], 
  [ [ 596, 61, -80, -142 ], [ -1281, 596, 2982, -80 ], 
      [ 556, -78, -596, -61 ], [ 1638, 556, 1281, -596 ] ] ])),rec(TheMatrixStab:=Group([ [ [ -1, 0, 0, 0 ], [ 0, -1, 0, 0 ], [ 0, 0, -1, 0 ], [ 0, 0, 0, -1 ] ], 
  [ [ 1, 0, 0, 0 ], [ 0, 1, 0, 0 ], [ 0, 0, 1, 0 ], [ 0, 0, 0, 1 ] ] ]),TheRotSubgroup:=Group([ [ [ -1, 0, 0, 0 ], [ 0, -1, 0, 0 ], [ 0, 0, -1, 0 ], [ 0, 0, 0, -1 ] ], 
  [ [ 1, 0, 0, 0 ], [ 0, 1, 0, 0 ], [ 0, 0, 1, 0 ], [ 0, 0, 0, 1 ] ] ]),BoundaryImage:=rec(ListIFace:=[ 9, 11 ],ListSign:=[ -1, 1 ],ListElt:=[ [ [ 2, -1, -3, 0 ], [ 21, 2, 0, -3 ], [ -6, -1, -1, 1 ], 
      [ 21, -6, -21, -1 ] ], 
  [ [ -26, -1, 5, 4 ], [ 21, -26, -84, 5 ], [ -20, 6, 24, 1 ], 
      [ -126, -20, -21, 24 ] ] ])),rec(TheMatrixStab:=Group([ [ [ -1, 0, 0, 0 ], [ 0, -1, 0, 0 ], [ 0, 0, -1, 0 ], [ 0, 0, 0, -1 ] ], 
  [ [ 1, 0, 0, 0 ], [ 0, 1, 0, 0 ], [ 0, 0, 1, 0 ], [ 0, 0, 0, 1 ] ] ]),TheRotSubgroup:=Group([ [ [ -1, 0, 0, 0 ], [ 0, -1, 0, 0 ], [ 0, 0, -1, 0 ], [ 0, 0, 0, -1 ] ], 
  [ [ 1, 0, 0, 0 ], [ 0, 1, 0, 0 ], [ 0, 0, 1, 0 ], [ 0, 0, 0, 1 ] ] ]),BoundaryImage:=rec(ListIFace:=[ 10, 12 ],ListSign:=[ -1, 1 ],ListElt:=[ [ [ 91, 0, -48, -17 ], [ 0, 91, 357, -48 ], [ 48, -17, -92, 0 ], 
      [ 357, 48, 0, -92 ] ], 
  [ [ -36, 43, 185, -16 ], [ -903, -36, 336, 185 ], [ 148, 30, 38, -43 ], 
      [ -630, 148, 903, 38 ] ] ])),rec(TheMatrixStab:=Group([ [ [ -40, 13, 52, 2 ], [ -273, -40, -42, 52 ], [ 52, 18, 40, -13 ], 
      [ -378, 52, 273, 40 ] ], 
  [ [ -1, 0, 0, 0 ], [ 0, -1, 0, 0 ], [ 0, 0, -1, 0 ], [ 0, 0, 0, -1 ] ], 
  [ [ 1, 0, 0, 0 ], [ 0, 1, 0, 0 ], [ 0, 0, 1, 0 ], [ 0, 0, 0, 1 ] ], 
  [ [ 40, -13, -52, -2 ], [ 273, 40, 42, -52 ], [ -52, -18, -40, 13 ], 
      [ 378, -52, -273, -40 ] ] ]),TheRotSubgroup:=Group([ [ [ -40, 13, 52, 2 ], [ -273, -40, -42, 52 ], [ 52, 18, 40, -13 ], 
      [ -378, 52, 273, 40 ] ], 
  [ [ -1, 0, 0, 0 ], [ 0, -1, 0, 0 ], [ 0, 0, -1, 0 ], [ 0, 0, 0, -1 ] ], 
  [ [ 1, 0, 0, 0 ], [ 0, 1, 0, 0 ], [ 0, 0, 1, 0 ], [ 0, 0, 0, 1 ] ], 
  [ [ 40, -13, -52, -2 ], [ 273, 40, 42, -52 ], [ -52, -18, -40, 13 ], 
      [ 378, -52, -273, -40 ] ] ]),BoundaryImage:=rec(ListIFace:=[ 11, 12 ],ListSign:=[ -1, 1 ],ListElt:=[ [ [ -1, 0, 0, 0 ], [ 0, -1, 0, 0 ], [ 0, 0, -1, 0 ], [ 0, 0, 0, -1 ] ], 
  [ [ 139, 16, -12, -34 ], [ -336, 139, 714, -12 ], [ 168, -28, -197, -16 ], 
      [ 588, 168, 336, -197 ] ] ])),rec(TheMatrixStab:=Group([ [ [ -40, 13, 52, 2 ], [ -273, -40, -42, 52 ], [ 52, 18, 40, -13 ], 
      [ -378, 52, 273, 40 ] ], 
  [ [ -1, 0, 0, 0 ], [ 0, -1, 0, 0 ], [ 0, 0, -1, 0 ], [ 0, 0, 0, -1 ] ], 
  [ [ 1, 0, 0, 0 ], [ 0, 1, 0, 0 ], [ 0, 0, 1, 0 ], [ 0, 0, 0, 1 ] ], 
  [ [ 40, -13, -52, -2 ], [ 273, 40, 42, -52 ], [ -52, -18, -40, 13 ], 
      [ 378, -52, -273, -40 ] ] ]),TheRotSubgroup:=Group([ [ [ -40, 13, 52, 2 ], [ -273, -40, -42, 52 ], [ 52, 18, 40, -13 ], 
      [ -378, 52, 273, 40 ] ], 
  [ [ -1, 0, 0, 0 ], [ 0, -1, 0, 0 ], [ 0, 0, -1, 0 ], [ 0, 0, 0, -1 ] ], 
  [ [ 1, 0, 0, 0 ], [ 0, 1, 0, 0 ], [ 0, 0, 1, 0 ], [ 0, 0, 0, 1 ] ], 
  [ [ 40, -13, -52, -2 ], [ 273, 40, 42, -52 ], [ -52, -18, -40, 13 ], 
      [ 378, -52, -273, -40 ] ] ]),BoundaryImage:=rec(ListIFace:=[ 11, 12 ],ListSign:=[ -1, 1 ],ListElt:=[ [ [ 40, -13, -52, -2 ], [ 273, 40, 42, -52 ], [ -52, -18, -40, 13 ], 
      [ 378, -52, -273, -40 ] ], 
  [ [ -128, -48, -118, 49 ], [ 1008, -128, -1029, -118 ], 
      [ -346, 9, 218, 59 ], [ -189, -346, -1239, 218 ] ] ]))],[rec(TheMatrixStab:=Group([ [ [ -2, 1, 4, 0 ], [ -21, -2, 0, 4 ], [ 4, 1, 2, -1 ], [ -21, 4, 21, 2 ] ], 
  [ [ -1, 0, 0, 0 ], [ 0, -1, 0, 0 ], [ 0, 0, -1, 0 ], [ 0, 0, 0, -1 ] ], 
  [ [ 1, 0, 0, 0 ], [ 0, 1, 0, 0 ], [ 0, 0, 1, 0 ], [ 0, 0, 0, 1 ] ], 
  [ [ 2, -1, -4, 0 ], [ 21, 2, 0, -4 ], [ -4, -1, -2, 1 ], 
      [ 21, -4, -21, -2 ] ] ]),TheRotSubgroup:=Group([ [ [ -1, 0, 0, 0 ], [ 0, -1, 0, 0 ], [ 0, 0, -1, 0 ], [ 0, 0, 0, -1 ] ], 
  [ [ 1, 0, 0, 0 ], [ 0, 1, 0, 0 ], [ 0, 0, 1, 0 ], [ 0, 0, 0, 1 ] ] ]),BoundaryImage:=rec(ListIFace:=[ 1, 2, 2, 1, 3, 3 ],ListSign:=[ 1, -1, 1, -1, -1, 1 ],ListElt:=[ [ [ 1, 0, -1, 0 ], [ 0, 1, 0, -1 ], [ 1, 0, 0, 0 ], [ 0, 1, 0, 0 ] ], 
  [ [ 1, 0, 0, 0 ], [ 0, 1, 0, 0 ], [ 0, 0, 1, 0 ], [ 0, 0, 0, 1 ] ], 
  [ [ -2, 1, 4, 0 ], [ -21, -2, 0, 4 ], [ 4, 1, 2, -1 ], [ -21, 4, 21, 2 ] ], 
  [ [ -2, -1, -2, 1 ], [ 21, -2, -21, -2 ], [ -6, 0, 4, 1 ], 
      [ 0, -6, -21, 4 ] ], 
  [ [ 2, 1, 2, -1 ], [ -21, 2, 21, 2 ], [ 6, 0, -4, -1 ], [ 0, 6, 21, -4 ] ], 
  [ [ 1, 0, -1, 0 ], [ 0, 1, 0, -1 ], [ 1, 0, 0, 0 ], [ 0, 1, 0, 0 ] ] ])),rec(TheMatrixStab:=Group([ [ [ -1, 0, 0, 0 ], [ 0, -1, 0, 0 ], [ 0, 0, -1, 0 ], [ 0, 0, 0, -1 ] ], 
  [ [ 1, 0, 0, 0 ], [ 0, 1, 0, 0 ], [ 0, 0, 1, 0 ], [ 0, 0, 0, 1 ] ] ]),TheRotSubgroup:=Group([ [ [ -1, 0, 0, 0 ], [ 0, -1, 0, 0 ], [ 0, 0, -1, 0 ], [ 0, 0, 0, -1 ] ], 
  [ [ 1, 0, 0, 0 ], [ 0, 1, 0, 0 ], [ 0, 0, 1, 0 ], [ 0, 0, 0, 1 ] ] ]),BoundaryImage:=rec(ListIFace:=[ 2, 11, 4 ],ListSign:=[ 1, 1, -1 ],ListElt:=[ [ [ -1, 0, 0, 0 ], [ 0, -1, 0, 0 ], [ 0, 0, -1, 0 ], [ 0, 0, 0, -1 ] ], 
  [ [ -5, -1, -2, 1 ], [ 21, -5, -21, -2 ], [ -8, 1, 5, 1 ], 
      [ -21, -8, -21, 5 ] ], 
  [ [ -1, 0, 0, 0 ], [ 0, -1, 0, 0 ], [ 0, 0, -1, 0 ], [ 0, 0, 0, -1 ] ] ])),rec(TheMatrixStab:=Group([ [ [ -1, 0, 0, 0 ], [ 0, -1, 0, 0 ], [ 0, 0, -1, 0 ], [ 0, 0, 0, -1 ] ], 
  [ [ 1, 0, 0, 0 ], [ 0, 1, 0, 0 ], [ 0, 0, 1, 0 ], [ 0, 0, 0, 1 ] ] ]),TheRotSubgroup:=Group([ [ [ -1, 0, 0, 0 ], [ 0, -1, 0, 0 ], [ 0, 0, -1, 0 ], [ 0, 0, 0, -1 ] ], 
  [ [ 1, 0, 0, 0 ], [ 0, 1, 0, 0 ], [ 0, 0, 1, 0 ], [ 0, 0, 0, 1 ] ] ]),BoundaryImage:=rec(ListIFace:=[ 3, 5, 12 ],ListSign:=[ 1, -1, 1 ],ListElt:=[ [ [ 1, 0, 0, 0 ], [ 0, 1, 0, 0 ], [ 0, 0, 1, 0 ], [ 0, 0, 0, 1 ] ], 
  [ [ 1, 0, 0, 0 ], [ 0, 1, 0, 0 ], [ 0, 0, 1, 0 ], [ 0, 0, 0, 1 ] ], 
  [ [ 3, -20, -80, 10 ], [ 420, 3, -210, -80 ], [ -76, -11, -3, 20 ], 
      [ 231, -76, -420, -3 ] ] ])),rec(TheMatrixStab:=Group([ [ [ -1, 0, 0, 0 ], [ 0, -1, 0, 0 ], [ 0, 0, -1, 0 ], [ 0, 0, 0, -1 ] ], 
  [ [ 1, 0, 0, 0 ], [ 0, 1, 0, 0 ], [ 0, 0, 1, 0 ], [ 0, 0, 0, 1 ] ] ]),TheRotSubgroup:=Group([ [ [ -1, 0, 0, 0 ], [ 0, -1, 0, 0 ], [ 0, 0, -1, 0 ], [ 0, 0, 0, -1 ] ], 
  [ [ 1, 0, 0, 0 ], [ 0, 1, 0, 0 ], [ 0, 0, 1, 0 ], [ 0, 0, 0, 1 ] ] ]),BoundaryImage:=rec(ListIFace:=[ 2, 7, 4 ],ListSign:=[ 1, 1, -1 ],ListElt:=[ [ [ -1, 0, 0, 0 ], [ 0, -1, 0, 0 ], [ 0, 0, -1, 0 ], [ 0, 0, 0, -1 ] ], 
  [ [ -5, -1, -2, 1 ], [ 21, -5, -21, -2 ], [ -8, 1, 5, 1 ], 
      [ -21, -8, -21, 5 ] ], 
  [ [ -1, 0, 1, 0 ], [ 0, -1, 0, 1 ], [ -1, 0, 0, 0 ], [ 0, -1, 0, 0 ] ] ])),rec(TheMatrixStab:=Group([ [ [ -1, 0, 0, 0 ], [ 0, -1, 0, 0 ], [ 0, 0, -1, 0 ], [ 0, 0, 0, -1 ] ], 
  [ [ 1, 0, 0, 0 ], [ 0, 1, 0, 0 ], [ 0, 0, 1, 0 ], [ 0, 0, 0, 1 ] ] ]),TheRotSubgroup:=Group([ [ [ -1, 0, 0, 0 ], [ 0, -1, 0, 0 ], [ 0, 0, -1, 0 ], [ 0, 0, 0, -1 ] ], 
  [ [ 1, 0, 0, 0 ], [ 0, 1, 0, 0 ], [ 0, 0, 1, 0 ], [ 0, 0, 0, 1 ] ] ]),BoundaryImage:=rec(ListIFace:=[ 3, 8, 5 ],ListSign:=[ 1, 1, -1 ],ListElt:=[ [ [ -1, 0, 0, 0 ], [ 0, -1, 0, 0 ], [ 0, 0, -1, 0 ], [ 0, 0, 0, -1 ] ], 
  [ [ -3, 20, 80, -10 ], [ -420, -3, 210, 80 ], [ 76, 11, 3, -20 ], 
      [ -231, 76, 420, 3 ] ], 
  [ [ 0, 0, 1, 0 ], [ 0, 0, 0, 1 ], [ -1, 0, 1, 0 ], [ 0, -1, 0, 1 ] ] ])),rec(TheMatrixStab:=Group([ [ [ -1, 0, 0, 0 ], [ 0, -1, 0, 0 ], [ 0, 0, -1, 0 ], [ 0, 0, 0, -1 ] ], 
  [ [ -1, 0, 1, 0 ], [ 0, -1, 0, 1 ], [ -2, 0, 1, 0 ], [ 0, -2, 0, 1 ] ], 
  [ [ 1, 0, -1, 0 ], [ 0, 1, 0, -1 ], [ 2, 0, -1, 0 ], [ 0, 2, 0, -1 ] ], 
  [ [ 1, 0, 0, 0 ], [ 0, 1, 0, 0 ], [ 0, 0, 1, 0 ], [ 0, 0, 0, 1 ] ] ]),TheRotSubgroup:=Group([ [ [ -1, 0, 0, 0 ], [ 0, -1, 0, 0 ], [ 0, 0, -1, 0 ], [ 0, 0, 0, -1 ] ], 
  [ [ 1, 0, 0, 0 ], [ 0, 1, 0, 0 ], [ 0, 0, 1, 0 ], [ 0, 0, 0, 1 ] ] ]),BoundaryImage:=rec(ListIFace:=[ 4, 4, 6, 5, 5, 6 ],ListSign:=[ 1, -1, -1, -1, 1, 1 ],ListElt:=[ [ [ -1, 0, 0, 0 ], [ 0, -1, 0, 0 ], [ 0, 0, -1, 0 ], [ 0, 0, 0, -1 ] ], 
  [ [ 1, 0, -1, 0 ], [ 0, 1, 0, -1 ], [ 2, 0, -1, 0 ], [ 0, 2, 0, -1 ] ], 
  [ [ 0, 0, -1, 0 ], [ 0, 0, 0, -1 ], [ 1, 0, -1, 0 ], [ 0, 1, 0, -1 ] ], 
  [ [ 8, 1, 0, -2 ], [ -21, 8, 42, 0 ], [ 0, 2, 8, -1 ], [ -42, 0, 21, 8 ] ], 
  [ [ 8, -1, -8, -1 ], [ 21, 8, 21, -8 ], [ 16, 0, -8, -3 ], 
      [ 0, 16, 63, -8 ] ], 
  [ [ 1, 0, -1, 0 ], [ 0, 1, 0, -1 ], [ 2, 0, -1, 0 ], [ 0, 2, 0, -1 ] ] ])),rec(TheMatrixStab:=Group([ [ [ -1, 0, 0, 0 ], [ 0, -1, 0, 0 ], [ 0, 0, -1, 0 ], [ 0, 0, 0, -1 ] ], 
  [ [ 1, 0, 0, 0 ], [ 0, 1, 0, 0 ], [ 0, 0, 1, 0 ], [ 0, 0, 0, 1 ] ] ]),TheRotSubgroup:=Group([ [ [ -1, 0, 0, 0 ], [ 0, -1, 0, 0 ], [ 0, 0, -1, 0 ], [ 0, 0, 0, -1 ] ], 
  [ [ 1, 0, 0, 0 ], [ 0, 1, 0, 0 ], [ 0, 0, 1, 0 ], [ 0, 0, 0, 1 ] ] ]),BoundaryImage:=rec(ListIFace:=[ 7, 9, 15 ],ListSign:=[ 1, -1, 1 ],ListElt:=[ [ [ 1, 0, 0, 0 ], [ 0, 1, 0, 0 ], [ 0, 0, 1, 0 ], [ 0, 0, 0, 1 ] ], 
  [ [ -1, 1, 3, 0 ], [ -21, -1, 0, 3 ], [ 6, 1, 2, -1 ], [ -21, 6, 21, 2 ] ], 
  [ [ -12, 2, 11, 0 ], [ -42, -12, 0, 11 ], [ 7, 4, 4, -3 ], 
      [ -84, 7, 63, 4 ] ] ])),rec(TheMatrixStab:=Group([ [ [ -1, 0, 0, 0 ], [ 0, -1, 0, 0 ], [ 0, 0, -1, 0 ], [ 0, 0, 0, -1 ] ], 
  [ [ 1, 0, 0, 0 ], [ 0, 1, 0, 0 ], [ 0, 0, 1, 0 ], [ 0, 0, 0, 1 ] ] ]),TheRotSubgroup:=Group([ [ [ -1, 0, 0, 0 ], [ 0, -1, 0, 0 ], [ 0, 0, -1, 0 ], [ 0, 0, 0, -1 ] ], 
  [ [ 1, 0, 0, 0 ], [ 0, 1, 0, 0 ], [ 0, 0, 1, 0 ], [ 0, 0, 0, 1 ] ] ]),BoundaryImage:=rec(ListIFace:=[ 8, 16, 10 ],ListSign:=[ 1, 1, -1 ],ListElt:=[ [ [ -1, 0, 0, 0 ], [ 0, -1, 0, 0 ], [ 0, 0, -1, 0 ], [ 0, 0, 0, -1 ] ], 
  [ [ -61, -48, -156, 35 ], [ 1008, -61, -735, -156 ], [ -217, -14, 53, 47 ], 
      [ 294, -217, -987, 53 ] ], 
  [ [ -91, 0, 48, 17 ], [ 0, -91, -357, 48 ], [ -48, 17, 92, 0 ], 
      [ -357, -48, 0, 92 ] ] ])),rec(TheMatrixStab:=Group([ [ [ -1, 0, 0, 0 ], [ 0, -1, 0, 0 ], [ 0, 0, -1, 0 ], [ 0, 0, 0, -1 ] ], 
  [ [ 1, 0, 0, 0 ], [ 0, 1, 0, 0 ], [ 0, 0, 1, 0 ], [ 0, 0, 0, 1 ] ] ]),TheRotSubgroup:=Group([ [ [ -1, 0, 0, 0 ], [ 0, -1, 0, 0 ], [ 0, 0, -1, 0 ], [ 0, 0, 0, -1 ] ], 
  [ [ 1, 0, 0, 0 ], [ 0, 1, 0, 0 ], [ 0, 0, 1, 0 ], [ 0, 0, 0, 1 ] ] ]),BoundaryImage:=rec(ListIFace:=[ 7, 11, 13, 21, 23, 13 ],ListSign:=[ 1, -1, 1, 1, -1, -1 ],ListElt:=[ [ [ -1, 0, 0, 0 ], [ 0, -1, 0, 0 ], [ 0, 0, -1, 0 ], [ 0, 0, 0, -1 ] ], 
  [ [ -32, 3, 17, 4 ], [ -63, -32, -84, 17 ], [ 4, 10, 30, -3 ], 
      [ -210, 4, 63, 30 ] ], 
  [ [ 13, -6, -22, 0 ], [ 126, 13, 0, -22 ], [ -29, -6, -9, 6 ], 
      [ 126, -29, -126, -9 ] ], 
  [ [ 13, -6, -22, 0 ], [ 126, 13, 0, -22 ], [ -29, -6, -9, 6 ], 
      [ 126, -29, -126, -9 ] ], 
  [ [ -2, 1, 3, 0 ], [ -21, -2, 0, 3 ], [ 6, 1, 1, -1 ], [ -21, 6, 21, 1 ] ], 
  [ [ -2, 1, 3, 0 ], [ -21, -2, 0, 3 ], [ 6, 1, 1, -1 ], [ -21, 6, 21, 1 ] ] ])),rec(TheMatrixStab:=Group([ [ [ -1, 0, 0, 0 ], [ 0, -1, 0, 0 ], [ 0, 0, -1, 0 ], [ 0, 0, 0, -1 ] ], 
  [ [ 1, 0, 0, 0 ], [ 0, 1, 0, 0 ], [ 0, 0, 1, 0 ], [ 0, 0, 0, 1 ] ] ]),TheRotSubgroup:=Group([ [ [ -1, 0, 0, 0 ], [ 0, -1, 0, 0 ], [ 0, 0, -1, 0 ], [ 0, 0, 0, -1 ] ], 
  [ [ 1, 0, 0, 0 ], [ 0, 1, 0, 0 ], [ 0, 0, 1, 0 ], [ 0, 0, 0, 1 ] ] ]),BoundaryImage:=rec(ListIFace:=[ 8, 14, 24, 22, 12, 14 ],ListSign:=[ 1, -1, -1, 1, -1, 1 ],ListElt:=[ [ [ 1, 0, 0, 0 ], [ 0, 1, 0, 0 ], [ 0, 0, 1, 0 ], [ 0, 0, 0, 1 ] ], 
  [ [ 92, 0, -48, -17 ], [ 0, 92, 357, -48 ], [ 48, -17, -91, 0 ], 
      [ 357, 48, 0, -91 ] ], 
  [ [ 92, 0, -48, -17 ], [ 0, 92, 357, -48 ], [ 48, -17, -91, 0 ], 
      [ 357, 48, 0, -91 ] ], 
  [ [ 294, 0, -155, -54 ], [ 0, 294, 1134, -155 ], [ 155, -54, -290, 0 ], 
      [ 1134, 155, 0, -290 ] ], 
  [ [ 330, 43, -7, -84 ], [ -903, 330, 1764, -7 ], [ 340, -38, -328, -43 ], 
      [ 798, 340, 903, -328 ] ], 
  [ [ 36, 43, 148, -30 ], [ -903, 36, 630, 148 ], [ 185, 16, -38, -43 ], 
      [ -336, 185, 903, -38 ] ] ])),rec(TheMatrixStab:=Group([ [ [ -1, 0, 0, 0 ], [ 0, -1, 0, 0 ], [ 0, 0, -1, 0 ], [ 0, 0, 0, -1 ] ], 
  [ [ 1, 0, 0, 0 ], [ 0, 1, 0, 0 ], [ 0, 0, 1, 0 ], [ 0, 0, 0, 1 ] ] ]),TheRotSubgroup:=Group([ [ [ -1, 0, 0, 0 ], [ 0, -1, 0, 0 ], [ 0, 0, -1, 0 ], [ 0, 0, 0, -1 ] ], 
  [ [ 1, 0, 0, 0 ], [ 0, 1, 0, 0 ], [ 0, 0, 1, 0 ], [ 0, 0, 0, 1 ] ] ]),BoundaryImage:=rec(ListIFace:=[ 7, 17, 24, 11, 22, 17 ],ListSign:=[ 1, 1, 1, -1, -1, -1 ],ListElt:=[ [ [ 1, 0, 0, 0 ], [ 0, 1, 0, 0 ], [ 0, 0, 1, 0 ], [ 0, 0, 0, 1 ] ], 
  [ [ -12, 2, 11, 0 ], [ -42, -12, 0, 11 ], [ 7, 4, 4, -3 ], 
      [ -84, 7, 63, 4 ] ], 
  [ [ 25, -18, -83, 5 ], [ 378, 25, -105, -83 ], [ -98, -13, 2, 25 ], 
      [ 273, -98, -525, 2 ] ], 
  [ [ 7, 0, -2, -1 ], [ 0, 7, 21, -2 ], [ 4, -2, -7, 0 ], [ 42, 4, 0, -7 ] ], 
  [ [ 63, 12, 13, -18 ], [ -252, 63, 378, 13 ], [ 92, -15, -107, -9 ], 
      [ 315, 92, 189, -107 ] ], 
  [ [ 4, 1, -1, -1 ], [ -21, 4, 21, -1 ], [ 8, -1, -7, 0 ], [ 21, 8, 0, -7 ] 
     ] ])),rec(TheMatrixStab:=Group([ [ [ -1, 0, 0, 0 ], [ 0, -1, 0, 0 ], [ 0, 0, -1, 0 ], [ 0, 0, 0, -1 ] ], 
  [ [ 1, 0, 0, 0 ], [ 0, 1, 0, 0 ], [ 0, 0, 1, 0 ], [ 0, 0, 0, 1 ] ] ]),TheRotSubgroup:=Group([ [ [ -1, 0, 0, 0 ], [ 0, -1, 0, 0 ], [ 0, 0, -1, 0 ], [ 0, 0, 0, -1 ] ], 
  [ [ 1, 0, 0, 0 ], [ 0, 1, 0, 0 ], [ 0, 0, 1, 0 ], [ 0, 0, 0, 1 ] ] ]),BoundaryImage:=rec(ListIFace:=[ 8, 12, 18, 21, 23, 18 ],ListSign:=[ 1, -1, -1, -1, 1, 1 ],ListElt:=[ [ [ 1, 0, 0, 0 ], [ 0, 1, 0, 0 ], [ 0, 0, 1, 0 ], [ 0, 0, 0, 1 ] ], 
  [ [ 3, 20, 76, -11 ], [ -420, 3, 231, 76 ], [ 80, 10, -3, -20 ], 
      [ -210, 80, 420, -3 ] ], 
  [ [ 122, -57, -281, 6 ], [ 1197, 122, -126, -281 ], [ -158, -52, -122, 55 ],
      [ 1092, -158, -1155, -122 ] ], 
  [ [ 155, 3, -35, -24 ], [ -63, 155, 504, -35 ], [ 92, -27, -111, -6 ], 
      [ 567, 92, 126, -111 ] ], 
  [ [ -39, -31, -88, 15 ], [ 651, -39, -315, -88 ], [ -140, -9, 12, 24 ], 
      [ 189, -140, -504, 12 ] ], 
  [ [ -61, -48, -156, 35 ], [ 1008, -61, -735, -156 ], [ -217, -14, 53, 47 ], 
      [ 294, -217, -987, 53 ] ] ])),rec(TheMatrixStab:=Group([ [ [ -1, 0, 0, 0 ], [ 0, -1, 0, 0 ], [ 0, 0, -1, 0 ], [ 0, 0, 0, -1 ] ], 
  [ [ 1, 0, 0, 0 ], [ 0, 1, 0, 0 ], [ 0, 0, 1, 0 ], [ 0, 0, 0, 1 ] ] ]),TheRotSubgroup:=Group([ [ [ -1, 0, 0, 0 ], [ 0, -1, 0, 0 ], [ 0, 0, -1, 0 ], [ 0, 0, 0, -1 ] ], 
  [ [ 1, 0, 0, 0 ], [ 0, 1, 0, 0 ], [ 0, 0, 1, 0 ], [ 0, 0, 0, 1 ] ] ]),BoundaryImage:=rec(ListIFace:=[ 9, 11, 15 ],ListSign:=[ 1, -1, -1 ],ListElt:=[ [ [ -1, 0, 0, 0 ], [ 0, -1, 0, 0 ], [ 0, 0, -1, 0 ], [ 0, 0, 0, -1 ] ], 
  [ [ -1, 0, 0, 0 ], [ 0, -1, 0, 0 ], [ 0, 0, -1, 0 ], [ 0, 0, 0, -1 ] ], 
  [ [ -9, 1, 7, 0 ], [ -21, -9, 0, 7 ], [ 2, 3, 3, -2 ], [ -63, 2, 42, 3 ] ] ])),rec(TheMatrixStab:=Group([ [ [ -1, 0, 0, 0 ], [ 0, -1, 0, 0 ], [ 0, 0, -1, 0 ], [ 0, 0, 0, -1 ] ], 
  [ [ 1, 0, 0, 0 ], [ 0, 1, 0, 0 ], [ 0, 0, 1, 0 ], [ 0, 0, 0, 1 ] ] ]),TheRotSubgroup:=Group([ [ [ -1, 0, 0, 0 ], [ 0, -1, 0, 0 ], [ 0, 0, -1, 0 ], [ 0, 0, 0, -1 ] ], 
  [ [ 1, 0, 0, 0 ], [ 0, 1, 0, 0 ], [ 0, 0, 1, 0 ], [ 0, 0, 0, 1 ] ] ]),BoundaryImage:=rec(ListIFace:=[ 10, 16, 12 ],ListSign:=[ 1, -1, -1 ],ListElt:=[ [ [ -1, 0, 0, 0 ], [ 0, -1, 0, 0 ], [ 0, 0, -1, 0 ], [ 0, 0, 0, -1 ] ], 
  [ [ -31, 48, 203, -18 ], [ -1008, -31, 378, 203 ], [ 170, 31, 37, -47 ], 
      [ -651, 170, 987, 37 ] ], 
  [ [ 1, 0, 0, 0 ], [ 0, 1, 0, 0 ], [ 0, 0, 1, 0 ], [ 0, 0, 0, 1 ] ] ])),rec(TheMatrixStab:=Group([ [ [ -2, 1, 4, 0 ], [ -21, -2, 0, 4 ], [ 4, 1, 2, -1 ], [ -21, 4, 21, 2 ] ], 
  [ [ -1, 0, 0, 0 ], [ 0, -1, 0, 0 ], [ 0, 0, -1, 0 ], [ 0, 0, 0, -1 ] ], 
  [ [ 1, 0, 0, 0 ], [ 0, 1, 0, 0 ], [ 0, 0, 1, 0 ], [ 0, 0, 0, 1 ] ], 
  [ [ 2, -1, -4, 0 ], [ 21, 2, 0, -4 ], [ -4, -1, -2, 1 ], 
      [ 21, -4, -21, -2 ] ] ]),TheRotSubgroup:=Group([ [ [ -1, 0, 0, 0 ], [ 0, -1, 0, 0 ], [ 0, 0, -1, 0 ], [ 0, 0, 0, -1 ] ], 
  [ [ 1, 0, 0, 0 ], [ 0, 1, 0, 0 ], [ 0, 0, 1, 0 ], [ 0, 0, 0, 1 ] ] ]),BoundaryImage:=rec(ListIFace:=[ 9, 9, 20, 10, 20, 10 ],ListSign:=[ 1, -1, 1, -1, -1, 1 ],ListElt:=[ [ [ 1, 0, 0, 0 ], [ 0, 1, 0, 0 ], [ 0, 0, 1, 0 ], [ 0, 0, 0, 1 ] ], 
  [ [ -2, 1, 4, 0 ], [ -21, -2, 0, 4 ], [ 4, 1, 2, -1 ], [ -21, 4, 21, 2 ] ], 
  [ [ 1, 0, 0, 0 ], [ 0, 1, 0, 0 ], [ 0, 0, 1, 0 ], [ 0, 0, 0, 1 ] ], 
  [ [ 197, -24, -197, -24 ], [ 504, 197, 504, -197 ], [ -55, -72, -252, 48 ], 
      [ 1512, -55, -1008, -252 ] ], 
  [ [ 32, 2, -2, -5 ], [ -42, 32, 105, -2 ], [ 30, -9, -34, -2 ], 
      [ 189, 30, 42, -34 ] ], 
  [ [ 110, 43, 110, -43 ], [ -903, 110, 903, 110 ], [ 330, -12, -220, -55 ], 
      [ 252, 330, 1155, -220 ] ] ])),rec(TheMatrixStab:=Group([ [ [ -5, 1, 5, 0 ], [ -21, -5, 0, 5 ], [ -1, 2, 5, -1 ], [ -42, -1, 21, 5 ] ]
    , [ [ -1, 0, 0, 0 ], [ 0, -1, 0, 0 ], [ 0, 0, -1, 0 ], [ 0, 0, 0, -1 ] ], 
  [ [ 1, 0, 0, 0 ], [ 0, 1, 0, 0 ], [ 0, 0, 1, 0 ], [ 0, 0, 0, 1 ] ], 
  [ [ 5, -1, -5, 0 ], [ 21, 5, 0, -5 ], [ 1, -2, -5, 1 ], [ 42, 1, -21, -5 ] 
     ] ]),TheRotSubgroup:=Group([ [ [ -1, 0, 0, 0 ], [ 0, -1, 0, 0 ], [ 0, 0, -1, 0 ], [ 0, 0, 0, -1 ] ], 
  [ [ 1, 0, 0, 0 ], [ 0, 1, 0, 0 ], [ 0, 0, 1, 0 ], [ 0, 0, 0, 1 ] ] ]),BoundaryImage:=rec(ListIFace:=[ 15, 15, 19, 19, 16, 16 ],ListSign:=[ 1, -1, 1, -1, 1, -1 ],ListElt:=[ [ [ 1, 0, 0, 0 ], [ 0, 1, 0, 0 ], [ 0, 0, 1, 0 ], [ 0, 0, 0, 1 ] ], 
  [ [ -5, 1, 5, 0 ], [ -21, -5, 0, 5 ], [ -1, 2, 5, -1 ], [ -42, -1, 21, 5 ] ]
    , 
  [ [ -3, 2, 7, 0 ], [ -42, -3, 0, 7 ], [ 2, 3, 9, -1 ], [ -63, 2, 21, 9 ] ], 
  [ [ -4, 2, 7, 0 ], [ -42, -4, 0, 7 ], [ 3, 2, 5, -1 ], [ -42, 3, 21, 5 ] ], 
  [ [ 20, 19, 64, -13 ], [ -399, 20, 273, 64 ], [ 82, 16, 22, -23 ], 
      [ -336, 82, 483, 22 ] ], 
  [ [ 89, -5, -63, -14 ], [ 105, 89, 294, -63 ], [ 72, -19, -109, -4 ], 
      [ 399, 72, 84, -109 ] ] ])),rec(TheMatrixStab:=Group([ [ [ -1, 0, 0, 0 ], [ 0, -1, 0, 0 ], [ 0, 0, -1, 0 ], [ 0, 0, 0, -1 ] ], 
  [ [ 1, 0, 0, 0 ], [ 0, 1, 0, 0 ], [ 0, 0, 1, 0 ], [ 0, 0, 0, 1 ] ] ]),TheRotSubgroup:=Group([ [ [ -1, 0, 0, 0 ], [ 0, -1, 0, 0 ], [ 0, 0, -1, 0 ], [ 0, 0, 0, -1 ] ], 
  [ [ 1, 0, 0, 0 ], [ 0, 1, 0, 0 ], [ 0, 0, 1, 0 ], [ 0, 0, 0, 1 ] ] ]),BoundaryImage:=rec(ListIFace:=[ 21, 25, 23, 24, 25, 22 ],ListSign:=[ 1, 1, -1, -1, -1, 1 ],ListElt:=[ [ [ 1, 0, 0, 0 ], [ 0, 1, 0, 0 ], [ 0, 0, 1, 0 ], [ 0, 0, 0, 1 ] ], 
  [ [ 1, 0, 0, 0 ], [ 0, 1, 0, 0 ], [ 0, 0, 1, 0 ], [ 0, 0, 0, 1 ] ], 
  [ [ 1, 0, 0, 0 ], [ 0, 1, 0, 0 ], [ 0, 0, 1, 0 ], [ 0, 0, 0, 1 ] ], 
  [ [ 86, 23, 43, -28 ], [ -483, 86, 588, 43 ], [ 176, -10, -132, -27 ], 
      [ 210, 176, 567, -132 ] ], 
  [ [ 61, 0, -18, -9 ], [ 0, 61, 189, -18 ], [ 32, -16, -59, 0 ], 
      [ 336, 32, 0, -59 ] ], 
  [ [ 86, 23, 43, -28 ], [ -483, 86, 588, 43 ], [ 176, -10, -132, -27 ], 
      [ 210, 176, 567, -132 ] ] ])),rec(TheMatrixStab:=Group([ [ [ -1, 0, 0, 0 ], [ 0, -1, 0, 0 ], [ 0, 0, -1, 0 ], [ 0, 0, 0, -1 ] ], 
  [ [ 1, 0, 0, 0 ], [ 0, 1, 0, 0 ], [ 0, 0, 1, 0 ], [ 0, 0, 0, 1 ] ] ]),TheRotSubgroup:=Group([ [ [ -1, 0, 0, 0 ], [ 0, -1, 0, 0 ], [ 0, 0, -1, 0 ], [ 0, 0, 0, -1 ] ], 
  [ [ 1, 0, 0, 0 ], [ 0, 1, 0, 0 ], [ 0, 0, 1, 0 ], [ 0, 0, 0, 1 ] ] ]),BoundaryImage:=rec(ListIFace:=[ 21, 23, 26, 24, 26, 22 ],ListSign:=[ 1, -1, 1, -1, -1, 1 ],ListElt:=[ [ [ 1, 0, 0, 0 ], [ 0, 1, 0, 0 ], [ 0, 0, 1, 0 ], [ 0, 0, 0, 1 ] ], 
  [ [ -1, 1, 3, 0 ], [ -21, -1, 0, 3 ], [ 6, 1, 2, -1 ], [ -21, 6, 21, 2 ] ], 
  [ [ 1, 0, 0, 0 ], [ 0, 1, 0, 0 ], [ 0, 0, 1, 0 ], [ 0, 0, 0, 1 ] ], 
  [ [ 100, 16, 8, -27 ], [ -336, 100, 567, 8 ], [ 148, -19, -153, -17 ], 
      [ 399, 148, 357, -153 ] ], 
  [ [ -13, -7, -17, 4 ], [ 147, -13, -84, -17 ], [ -49, 0, 15, 7 ], 
      [ 0, -49, -147, 15 ] ], 
  [ [ 55, -40, -184, 11 ], [ 840, 55, -231, -184 ], [ -203, -37, -36, 57 ], 
      [ 777, -203, -1197, -36 ] ] ]))]];