HAP_GCOMPLEX_SETUP:=[false]; 
HAP_GCOMPLEX_LIST:=[[rec(TheMatrixStab:=Group([ [ [ -2, 0, 1, 0 ], [ 0, -2, 0, 3 ], [ -3, 0, 1, 0 ], [ 0, -1, 0, 1 ] ], 
  [ [ -1, 0, 0, 0 ], [ 0, -1, 0, 0 ], [ 0, 0, -1, 0 ], [ 0, 0, 0, -1 ] ], 
  [ [ -1, 0, 1, 0 ], [ 0, -1, 0, 3 ], [ -3, 0, 2, 0 ], [ 0, -1, 0, 2 ] ], 
  [ [ 1, 0, -1, 0 ], [ 0, 1, 0, -3 ], [ 3, 0, -2, 0 ], [ 0, 1, 0, -2 ] ], 
  [ [ 1, 0, 0, 0 ], [ 0, 1, 0, 0 ], [ 0, 0, 1, 0 ], [ 0, 0, 0, 1 ] ], 
  [ [ 2, 0, -1, 0 ], [ 0, 2, 0, -3 ], [ 3, 0, -1, 0 ], [ 0, 1, 0, -1 ] ] ]),TheRotSubgroup:=Group([ [ [ -2, 0, 1, 0 ], [ 0, -2, 0, 3 ], [ -3, 0, 1, 0 ], [ 0, -1, 0, 1 ] ], 
  [ [ -1, 0, 0, 0 ], [ 0, -1, 0, 0 ], [ 0, 0, -1, 0 ], [ 0, 0, 0, -1 ] ], 
  [ [ -1, 0, 1, 0 ], [ 0, -1, 0, 3 ], [ -3, 0, 2, 0 ], [ 0, -1, 0, 2 ] ], 
  [ [ 1, 0, -1, 0 ], [ 0, 1, 0, -3 ], [ 3, 0, -2, 0 ], [ 0, 1, 0, -2 ] ], 
  [ [ 1, 0, 0, 0 ], [ 0, 1, 0, 0 ], [ 0, 0, 1, 0 ], [ 0, 0, 0, 1 ] ], 
  [ [ 2, 0, -1, 0 ], [ 0, 2, 0, -3 ], [ 3, 0, -1, 0 ], [ 0, 1, 0, -1 ] ] ]),BoundaryImage:=rec(ListIFace:=[  ],ListSign:=[  ],ListElt:=[  ])),rec(TheMatrixStab:=Group([ [ [ -2, 0, -1, 0 ], [ 0, -2, 0, -3 ], [ 3, 0, 1, 0 ], [ 0, 1, 0, 1 ] ], 
  [ [ -1, 0, -1, 0 ], [ 0, -1, 0, -3 ], [ 3, 0, 2, 0 ], [ 0, 1, 0, 2 ] ], 
  [ [ -1, 0, 0, 0 ], [ 0, -1, 0, 0 ], [ 0, 0, -1, 0 ], [ 0, 0, 0, -1 ] ], 
  [ [ 1, 0, 0, 0 ], [ 0, 1, 0, 0 ], [ 0, 0, 1, 0 ], [ 0, 0, 0, 1 ] ], 
  [ [ 1, 0, 1, 0 ], [ 0, 1, 0, 3 ], [ -3, 0, -2, 0 ], [ 0, -1, 0, -2 ] ], 
  [ [ 2, 0, 1, 0 ], [ 0, 2, 0, 3 ], [ -3, 0, -1, 0 ], [ 0, -1, 0, -1 ] ] ]),TheRotSubgroup:=Group([ [ [ -2, 0, -1, 0 ], [ 0, -2, 0, -3 ], [ 3, 0, 1, 0 ], [ 0, 1, 0, 1 ] ], 
  [ [ -1, 0, -1, 0 ], [ 0, -1, 0, -3 ], [ 3, 0, 2, 0 ], [ 0, 1, 0, 2 ] ], 
  [ [ -1, 0, 0, 0 ], [ 0, -1, 0, 0 ], [ 0, 0, -1, 0 ], [ 0, 0, 0, -1 ] ], 
  [ [ 1, 0, 0, 0 ], [ 0, 1, 0, 0 ], [ 0, 0, 1, 0 ], [ 0, 0, 0, 1 ] ], 
  [ [ 1, 0, 1, 0 ], [ 0, 1, 0, 3 ], [ -3, 0, -2, 0 ], [ 0, -1, 0, -2 ] ], 
  [ [ 2, 0, 1, 0 ], [ 0, 2, 0, 3 ], [ -3, 0, -1, 0 ], [ 0, -1, 0, -1 ] ] ]),BoundaryImage:=rec(ListIFace:=[  ],ListSign:=[  ],ListElt:=[  ])),rec(TheMatrixStab:=Group([ [ [ -6, 1, 5, -1 ], [ -21, -6, 7, 15 ], [ -6, 2, 6, -3 ], [ -14, -2, 7, 6 ] 
     ], [ [ -1, 0, 0, 0 ], [ 0, -1, 0, 0 ], [ 0, 0, -1, 0 ], [ 0, 0, 0, -1 ] ]
    , [ [ 1, 0, 0, 0 ], [ 0, 1, 0, 0 ], [ 0, 0, 1, 0 ], [ 0, 0, 0, 1 ] ], 
  [ [ 6, -1, -5, 1 ], [ 21, 6, -7, -15 ], [ 6, -2, -6, 3 ], [ 14, 2, -7, -6 ] 
     ] ]),TheRotSubgroup:=Group([ [ [ -6, 1, 5, -1 ], [ -21, -6, 7, 15 ], [ -6, 2, 6, -3 ], [ -14, -2, 7, 6 ] 
     ], [ [ -1, 0, 0, 0 ], [ 0, -1, 0, 0 ], [ 0, 0, -1, 0 ], [ 0, 0, 0, -1 ] ]
    , [ [ 1, 0, 0, 0 ], [ 0, 1, 0, 0 ], [ 0, 0, 1, 0 ], [ 0, 0, 0, 1 ] ], 
  [ [ 6, -1, -5, 1 ], [ 21, 6, -7, -15 ], [ 6, -2, -6, 3 ], [ 14, 2, -7, -6 ] 
     ] ]),BoundaryImage:=rec(ListIFace:=[  ],ListSign:=[  ],ListElt:=[  ])),rec(TheMatrixStab:=Group([ [ [ -6, 1, -5, 1 ], [ -21, -6, -7, -15 ], [ 6, -2, 6, -3 ], [ 14, 2, 7, 6 ] 
     ], [ [ -1, 0, 0, 0 ], [ 0, -1, 0, 0 ], [ 0, 0, -1, 0 ], [ 0, 0, 0, -1 ] ]
    , [ [ 1, 0, 0, 0 ], [ 0, 1, 0, 0 ], [ 0, 0, 1, 0 ], [ 0, 0, 0, 1 ] ], 
  [ [ 6, -1, 5, -1 ], [ 21, 6, 7, 15 ], [ -6, 2, -6, 3 ], [ -14, -2, -7, -6 ] 
     ] ]),TheRotSubgroup:=Group([ [ [ -6, 1, -5, 1 ], [ -21, -6, -7, -15 ], [ 6, -2, 6, -3 ], [ 14, 2, 7, 6 ] 
     ], [ [ -1, 0, 0, 0 ], [ 0, -1, 0, 0 ], [ 0, 0, -1, 0 ], [ 0, 0, 0, -1 ] ]
    , [ [ 1, 0, 0, 0 ], [ 0, 1, 0, 0 ], [ 0, 0, 1, 0 ], [ 0, 0, 0, 1 ] ], 
  [ [ 6, -1, 5, -1 ], [ 21, 6, 7, 15 ], [ -6, 2, -6, 3 ], [ -14, -2, -7, -6 ] 
     ] ]),BoundaryImage:=rec(ListIFace:=[  ],ListSign:=[  ],ListElt:=[  ])),rec(TheMatrixStab:=Group([ [ [ -64, 1, 38, 10 ], [ -21, -64, -70, 114 ], [ -87, 11, 64, -3 ], 
      [ -77, -29, 7, 64 ] ], 
  [ [ -38, -6, 14, 17 ], [ 126, -38, -119, 42 ], [ -72, -3, 37, 18 ], 
      [ 21, -24, -42, 37 ] ], 
  [ [ -37, -6, 14, 17 ], [ 126, -37, -119, 42 ], [ -72, -3, 38, 18 ], 
      [ 21, -24, -42, 38 ] ], 
  [ [ -33, 8, 29, -8 ], [ -168, -33, 56, 87 ], [ -21, 16, 32, -24 ], 
      [ -112, -7, 56, 32 ] ], 
  [ [ -32, -7, 9, 18 ], [ 147, -32, -126, 27 ], [ -66, -5, 31, 21 ], 
      [ 35, -22, -49, 31 ] ], 
  [ [ -32, 8, 29, -8 ], [ -168, -32, 56, 87 ], [ -21, 16, 33, -24 ], 
      [ -112, -7, 56, 33 ] ], 
  [ [ -31, -7, 9, 18 ], [ 147, -31, -126, 27 ], [ -66, -5, 32, 21 ], 
      [ 35, -22, -49, 32 ] ], 
  [ [ -27, 7, 24, -7 ], [ -147, -27, 49, 72 ], [ -15, 14, 26, -21 ], 
      [ -98, -5, 49, 26 ] ], 
  [ [ -26, 7, 24, -7 ], [ -147, -26, 49, 72 ], [ -15, 14, 27, -21 ], 
      [ -98, -5, 49, 27 ] ], 
  [ [ -6, 1, 5, -1 ], [ -21, -6, 7, 15 ], [ -6, 2, 6, -3 ], [ -14, -2, 7, 6 ] 
     ], [ [ -5, -14, -15, 25 ], [ 294, -5, -175, -45 ], [ -51, -19, 5, 42 ], 
      [ 133, -17, -98, 5 ] ], 
  [ [ -1, 0, 0, 0 ], [ 0, -1, 0, 0 ], [ 0, 0, -1, 0 ], [ 0, 0, 0, -1 ] ], 
  [ [ 1, 0, 0, 0 ], [ 0, 1, 0, 0 ], [ 0, 0, 1, 0 ], [ 0, 0, 0, 1 ] ], 
  [ [ 5, 14, 15, -25 ], [ -294, 5, 175, 45 ], [ 51, 19, -5, -42 ], 
      [ -133, 17, 98, -5 ] ], 
  [ [ 6, -1, -5, 1 ], [ 21, 6, -7, -15 ], [ 6, -2, -6, 3 ], [ 14, 2, -7, -6 ] 
     ], [ [ 26, -7, -24, 7 ], [ 147, 26, -49, -72 ], [ 15, -14, -27, 21 ], 
      [ 98, 5, -49, -27 ] ], 
  [ [ 27, -7, -24, 7 ], [ 147, 27, -49, -72 ], [ 15, -14, -26, 21 ], 
      [ 98, 5, -49, -26 ] ], 
  [ [ 31, 7, -9, -18 ], [ -147, 31, 126, -27 ], [ 66, 5, -32, -21 ], 
      [ -35, 22, 49, -32 ] ], 
  [ [ 32, -8, -29, 8 ], [ 168, 32, -56, -87 ], [ 21, -16, -33, 24 ], 
      [ 112, 7, -56, -33 ] ], 
  [ [ 32, 7, -9, -18 ], [ -147, 32, 126, -27 ], [ 66, 5, -31, -21 ], 
      [ -35, 22, 49, -31 ] ], 
  [ [ 33, -8, -29, 8 ], [ 168, 33, -56, -87 ], [ 21, -16, -32, 24 ], 
      [ 112, 7, -56, -32 ] ], 
  [ [ 37, 6, -14, -17 ], [ -126, 37, 119, -42 ], [ 72, 3, -38, -18 ], 
      [ -21, 24, 42, -38 ] ], 
  [ [ 38, 6, -14, -17 ], [ -126, 38, 119, -42 ], [ 72, 3, -37, -18 ], 
      [ -21, 24, 42, -37 ] ], 
  [ [ 64, -1, -38, -10 ], [ 21, 64, 70, -114 ], [ 87, -11, -64, 3 ], 
      [ 77, 29, -7, -64 ] ] ]),TheRotSubgroup:=Group([ [ [ -64, 1, 38, 10 ], [ -21, -64, -70, 114 ], [ -87, 11, 64, -3 ], 
      [ -77, -29, 7, 64 ] ], 
  [ [ -38, -6, 14, 17 ], [ 126, -38, -119, 42 ], [ -72, -3, 37, 18 ], 
      [ 21, -24, -42, 37 ] ], 
  [ [ -37, -6, 14, 17 ], [ 126, -37, -119, 42 ], [ -72, -3, 38, 18 ], 
      [ 21, -24, -42, 38 ] ], 
  [ [ -33, 8, 29, -8 ], [ -168, -33, 56, 87 ], [ -21, 16, 32, -24 ], 
      [ -112, -7, 56, 32 ] ], 
  [ [ -32, -7, 9, 18 ], [ 147, -32, -126, 27 ], [ -66, -5, 31, 21 ], 
      [ 35, -22, -49, 31 ] ], 
  [ [ -32, 8, 29, -8 ], [ -168, -32, 56, 87 ], [ -21, 16, 33, -24 ], 
      [ -112, -7, 56, 33 ] ], 
  [ [ -31, -7, 9, 18 ], [ 147, -31, -126, 27 ], [ -66, -5, 32, 21 ], 
      [ 35, -22, -49, 32 ] ], 
  [ [ -27, 7, 24, -7 ], [ -147, -27, 49, 72 ], [ -15, 14, 26, -21 ], 
      [ -98, -5, 49, 26 ] ], 
  [ [ -26, 7, 24, -7 ], [ -147, -26, 49, 72 ], [ -15, 14, 27, -21 ], 
      [ -98, -5, 49, 27 ] ], 
  [ [ -6, 1, 5, -1 ], [ -21, -6, 7, 15 ], [ -6, 2, 6, -3 ], [ -14, -2, 7, 6 ] 
     ], [ [ -5, -14, -15, 25 ], [ 294, -5, -175, -45 ], [ -51, -19, 5, 42 ], 
      [ 133, -17, -98, 5 ] ], 
  [ [ -1, 0, 0, 0 ], [ 0, -1, 0, 0 ], [ 0, 0, -1, 0 ], [ 0, 0, 0, -1 ] ], 
  [ [ 1, 0, 0, 0 ], [ 0, 1, 0, 0 ], [ 0, 0, 1, 0 ], [ 0, 0, 0, 1 ] ], 
  [ [ 5, 14, 15, -25 ], [ -294, 5, 175, 45 ], [ 51, 19, -5, -42 ], 
      [ -133, 17, 98, -5 ] ], 
  [ [ 6, -1, -5, 1 ], [ 21, 6, -7, -15 ], [ 6, -2, -6, 3 ], [ 14, 2, -7, -6 ] 
     ], [ [ 26, -7, -24, 7 ], [ 147, 26, -49, -72 ], [ 15, -14, -27, 21 ], 
      [ 98, 5, -49, -27 ] ], 
  [ [ 27, -7, -24, 7 ], [ 147, 27, -49, -72 ], [ 15, -14, -26, 21 ], 
      [ 98, 5, -49, -26 ] ], 
  [ [ 31, 7, -9, -18 ], [ -147, 31, 126, -27 ], [ 66, 5, -32, -21 ], 
      [ -35, 22, 49, -32 ] ], 
  [ [ 32, -8, -29, 8 ], [ 168, 32, -56, -87 ], [ 21, -16, -33, 24 ], 
      [ 112, 7, -56, -33 ] ], 
  [ [ 32, 7, -9, -18 ], [ -147, 32, 126, -27 ], [ 66, 5, -31, -21 ], 
      [ -35, 22, 49, -31 ] ], 
  [ [ 33, -8, -29, 8 ], [ 168, 33, -56, -87 ], [ 21, -16, -32, 24 ], 
      [ 112, 7, -56, -32 ] ], 
  [ [ 37, 6, -14, -17 ], [ -126, 37, 119, -42 ], [ 72, 3, -38, -18 ], 
      [ -21, 24, 42, -38 ] ], 
  [ [ 38, 6, -14, -17 ], [ -126, 38, 119, -42 ], [ 72, 3, -37, -18 ], 
      [ -21, 24, 42, -37 ] ], 
  [ [ 64, -1, -38, -10 ], [ 21, 64, 70, -114 ], [ 87, -11, -64, 3 ], 
      [ 77, 29, -7, -64 ] ] ]),BoundaryImage:=rec(ListIFace:=[  ],ListSign:=[  ],ListElt:=[  ])),rec(TheMatrixStab:=Group([ [ [ -64, 1, -38, -10 ], [ -21, -64, 70, -114 ], [ 87, -11, 64, -3 ], 
      [ 77, 29, 7, 64 ] ], 
  [ [ -38, -6, -14, -17 ], [ 126, -38, 119, -42 ], [ 72, 3, 37, 18 ], 
      [ -21, 24, -42, 37 ] ], 
  [ [ -37, -6, -14, -17 ], [ 126, -37, 119, -42 ], [ 72, 3, 38, 18 ], 
      [ -21, 24, -42, 38 ] ], 
  [ [ -33, 8, -29, 8 ], [ -168, -33, -56, -87 ], [ 21, -16, 32, -24 ], 
      [ 112, 7, 56, 32 ] ], 
  [ [ -32, -7, -9, -18 ], [ 147, -32, 126, -27 ], [ 66, 5, 31, 21 ], 
      [ -35, 22, -49, 31 ] ], 
  [ [ -32, 8, -29, 8 ], [ -168, -32, -56, -87 ], [ 21, -16, 33, -24 ], 
      [ 112, 7, 56, 33 ] ], 
  [ [ -31, -7, -9, -18 ], [ 147, -31, 126, -27 ], [ 66, 5, 32, 21 ], 
      [ -35, 22, -49, 32 ] ], 
  [ [ -27, 7, -24, 7 ], [ -147, -27, -49, -72 ], [ 15, -14, 26, -21 ], 
      [ 98, 5, 49, 26 ] ], 
  [ [ -26, 7, -24, 7 ], [ -147, -26, -49, -72 ], [ 15, -14, 27, -21 ], 
      [ 98, 5, 49, 27 ] ], 
  [ [ -6, 1, -5, 1 ], [ -21, -6, -7, -15 ], [ 6, -2, 6, -3 ], [ 14, 2, 7, 6 ] 
     ], [ [ -5, -14, 15, -25 ], [ 294, -5, 175, 45 ], [ 51, 19, 5, 42 ], 
      [ -133, 17, -98, 5 ] ], 
  [ [ -1, 0, 0, 0 ], [ 0, -1, 0, 0 ], [ 0, 0, -1, 0 ], [ 0, 0, 0, -1 ] ], 
  [ [ 1, 0, 0, 0 ], [ 0, 1, 0, 0 ], [ 0, 0, 1, 0 ], [ 0, 0, 0, 1 ] ], 
  [ [ 5, 14, -15, 25 ], [ -294, 5, -175, -45 ], [ -51, -19, -5, -42 ], 
      [ 133, -17, 98, -5 ] ], 
  [ [ 6, -1, 5, -1 ], [ 21, 6, 7, 15 ], [ -6, 2, -6, 3 ], [ -14, -2, -7, -6 ] 
     ], [ [ 26, -7, 24, -7 ], [ 147, 26, 49, 72 ], [ -15, 14, -27, 21 ], 
      [ -98, -5, -49, -27 ] ], 
  [ [ 27, -7, 24, -7 ], [ 147, 27, 49, 72 ], [ -15, 14, -26, 21 ], 
      [ -98, -5, -49, -26 ] ], 
  [ [ 31, 7, 9, 18 ], [ -147, 31, -126, 27 ], [ -66, -5, -32, -21 ], 
      [ 35, -22, 49, -32 ] ], 
  [ [ 32, -8, 29, -8 ], [ 168, 32, 56, 87 ], [ -21, 16, -33, 24 ], 
      [ -112, -7, -56, -33 ] ], 
  [ [ 32, 7, 9, 18 ], [ -147, 32, -126, 27 ], [ -66, -5, -31, -21 ], 
      [ 35, -22, 49, -31 ] ], 
  [ [ 33, -8, 29, -8 ], [ 168, 33, 56, 87 ], [ -21, 16, -32, 24 ], 
      [ -112, -7, -56, -32 ] ], 
  [ [ 37, 6, 14, 17 ], [ -126, 37, -119, 42 ], [ -72, -3, -38, -18 ], 
      [ 21, -24, 42, -38 ] ], 
  [ [ 38, 6, 14, 17 ], [ -126, 38, -119, 42 ], [ -72, -3, -37, -18 ], 
      [ 21, -24, 42, -37 ] ], 
  [ [ 64, -1, 38, 10 ], [ 21, 64, -70, 114 ], [ -87, 11, -64, 3 ], 
      [ -77, -29, -7, -64 ] ] ]),TheRotSubgroup:=Group([ [ [ -64, 1, -38, -10 ], [ -21, -64, 70, -114 ], [ 87, -11, 64, -3 ], 
      [ 77, 29, 7, 64 ] ], 
  [ [ -38, -6, -14, -17 ], [ 126, -38, 119, -42 ], [ 72, 3, 37, 18 ], 
      [ -21, 24, -42, 37 ] ], 
  [ [ -37, -6, -14, -17 ], [ 126, -37, 119, -42 ], [ 72, 3, 38, 18 ], 
      [ -21, 24, -42, 38 ] ], 
  [ [ -33, 8, -29, 8 ], [ -168, -33, -56, -87 ], [ 21, -16, 32, -24 ], 
      [ 112, 7, 56, 32 ] ], 
  [ [ -32, -7, -9, -18 ], [ 147, -32, 126, -27 ], [ 66, 5, 31, 21 ], 
      [ -35, 22, -49, 31 ] ], 
  [ [ -32, 8, -29, 8 ], [ -168, -32, -56, -87 ], [ 21, -16, 33, -24 ], 
      [ 112, 7, 56, 33 ] ], 
  [ [ -31, -7, -9, -18 ], [ 147, -31, 126, -27 ], [ 66, 5, 32, 21 ], 
      [ -35, 22, -49, 32 ] ], 
  [ [ -27, 7, -24, 7 ], [ -147, -27, -49, -72 ], [ 15, -14, 26, -21 ], 
      [ 98, 5, 49, 26 ] ], 
  [ [ -26, 7, -24, 7 ], [ -147, -26, -49, -72 ], [ 15, -14, 27, -21 ], 
      [ 98, 5, 49, 27 ] ], 
  [ [ -6, 1, -5, 1 ], [ -21, -6, -7, -15 ], [ 6, -2, 6, -3 ], [ 14, 2, 7, 6 ] 
     ], [ [ -5, -14, 15, -25 ], [ 294, -5, 175, 45 ], [ 51, 19, 5, 42 ], 
      [ -133, 17, -98, 5 ] ], 
  [ [ -1, 0, 0, 0 ], [ 0, -1, 0, 0 ], [ 0, 0, -1, 0 ], [ 0, 0, 0, -1 ] ], 
  [ [ 1, 0, 0, 0 ], [ 0, 1, 0, 0 ], [ 0, 0, 1, 0 ], [ 0, 0, 0, 1 ] ], 
  [ [ 5, 14, -15, 25 ], [ -294, 5, -175, -45 ], [ -51, -19, -5, -42 ], 
      [ 133, -17, 98, -5 ] ], 
  [ [ 6, -1, 5, -1 ], [ 21, 6, 7, 15 ], [ -6, 2, -6, 3 ], [ -14, -2, -7, -6 ] 
     ], [ [ 26, -7, 24, -7 ], [ 147, 26, 49, 72 ], [ -15, 14, -27, 21 ], 
      [ -98, -5, -49, -27 ] ], 
  [ [ 27, -7, 24, -7 ], [ 147, 27, 49, 72 ], [ -15, 14, -26, 21 ], 
      [ -98, -5, -49, -26 ] ], 
  [ [ 31, 7, 9, 18 ], [ -147, 31, -126, 27 ], [ -66, -5, -32, -21 ], 
      [ 35, -22, 49, -32 ] ], 
  [ [ 32, -8, 29, -8 ], [ 168, 32, 56, 87 ], [ -21, 16, -33, 24 ], 
      [ -112, -7, -56, -33 ] ], 
  [ [ 32, 7, 9, 18 ], [ -147, 32, -126, 27 ], [ -66, -5, -31, -21 ], 
      [ 35, -22, 49, -31 ] ], 
  [ [ 33, -8, 29, -8 ], [ 168, 33, 56, 87 ], [ -21, 16, -32, 24 ], 
      [ -112, -7, -56, -32 ] ], 
  [ [ 37, 6, 14, 17 ], [ -126, 37, -119, 42 ], [ -72, -3, -38, -18 ], 
      [ 21, -24, 42, -38 ] ], 
  [ [ 38, 6, 14, 17 ], [ -126, 38, -119, 42 ], [ -72, -3, -37, -18 ], 
      [ 21, -24, 42, -37 ] ], 
  [ [ 64, -1, 38, 10 ], [ 21, 64, -70, 114 ], [ -87, 11, -64, 3 ], 
      [ -77, -29, -7, -64 ] ] ]),BoundaryImage:=rec(ListIFace:=[  ],ListSign:=[  ],ListElt:=[  ])),rec(TheMatrixStab:=Group([ [ [ -23, -2, 15, 7 ], [ 42, -23, -49, 45 ], [ -33, -1, 23, 6 ], 
      [ 7, -11, -14, 23 ] ], 
  [ [ -19, 2, 15, -2 ], [ -42, -19, 14, 45 ], [ -21, 4, 18, -6 ], 
      [ -28, -7, 14, 18 ] ], 
  [ [ -18, 2, 15, -2 ], [ -42, -18, 14, 45 ], [ -21, 4, 19, -6 ], 
      [ -28, -7, 14, 19 ] ], 
  [ [ -13, 1, 10, -1 ], [ -21, -13, 7, 30 ], [ -15, 2, 12, -3 ], 
      [ -14, -5, 7, 12 ] ], 
  [ [ -12, 1, 10, -1 ], [ -21, -12, 7, 30 ], [ -15, 2, 13, -3 ], 
      [ -14, -5, 7, 13 ] ], 
  [ [ -11, -3, 5, 8 ], [ 63, -11, -56, 15 ], [ -18, -3, 10, 9 ], 
      [ 21, -6, -21, 10 ] ], 
  [ [ -10, -3, 5, 8 ], [ 63, -10, -56, 15 ], [ -18, -3, 11, 9 ], 
      [ 21, -6, -21, 11 ] ], 
  [ [ -8, 5, 10, -10 ], [ -105, -8, 70, 30 ], [ -3, 7, 8, -15 ], 
      [ -49, -1, 35, 8 ] ], 
  [ [ -6, 1, 5, -1 ], [ -21, -6, 7, 15 ], [ -6, 2, 6, -3 ], [ -14, -2, 7, 6 ] 
     ], 
  [ [ -5, -4, 0, 9 ], [ 84, -5, -63, 0 ], [ -12, -5, 4, 12 ], 
      [ 35, -4, -28, 4 ] ], 
  [ [ -4, -4, 0, 9 ], [ 84, -4, -63, 0 ], [ -12, -5, 5, 12 ], 
      [ 35, -4, -28, 5 ] ], 
  [ [ -1, 0, 0, 0 ], [ 0, -1, 0, 0 ], [ 0, 0, -1, 0 ], [ 0, 0, 0, -1 ] ], 
  [ [ 1, 0, 0, 0 ], [ 0, 1, 0, 0 ], [ 0, 0, 1, 0 ], [ 0, 0, 0, 1 ] ], 
  [ [ 4, 4, 0, -9 ], [ -84, 4, 63, 0 ], [ 12, 5, -5, -12 ], 
      [ -35, 4, 28, -5 ] ], 
  [ [ 5, 4, 0, -9 ], [ -84, 5, 63, 0 ], [ 12, 5, -4, -12 ], 
      [ -35, 4, 28, -4 ] ], 
  [ [ 6, -1, -5, 1 ], [ 21, 6, -7, -15 ], [ 6, -2, -6, 3 ], [ 14, 2, -7, -6 ] 
     ], 
  [ [ 8, -5, -10, 10 ], [ 105, 8, -70, -30 ], [ 3, -7, -8, 15 ], 
      [ 49, 1, -35, -8 ] ], 
  [ [ 10, 3, -5, -8 ], [ -63, 10, 56, -15 ], [ 18, 3, -11, -9 ], 
      [ -21, 6, 21, -11 ] ], 
  [ [ 11, 3, -5, -8 ], [ -63, 11, 56, -15 ], [ 18, 3, -10, -9 ], 
      [ -21, 6, 21, -10 ] ], 
  [ [ 12, -1, -10, 1 ], [ 21, 12, -7, -30 ], [ 15, -2, -13, 3 ], 
      [ 14, 5, -7, -13 ] ], 
  [ [ 13, -1, -10, 1 ], [ 21, 13, -7, -30 ], [ 15, -2, -12, 3 ], 
      [ 14, 5, -7, -12 ] ], 
  [ [ 18, -2, -15, 2 ], [ 42, 18, -14, -45 ], [ 21, -4, -19, 6 ], 
      [ 28, 7, -14, -19 ] ], 
  [ [ 19, -2, -15, 2 ], [ 42, 19, -14, -45 ], [ 21, -4, -18, 6 ], 
      [ 28, 7, -14, -18 ] ], 
  [ [ 23, 2, -15, -7 ], [ -42, 23, 49, -45 ], [ 33, 1, -23, -6 ], 
      [ -7, 11, 14, -23 ] ] ]),TheRotSubgroup:=Group([ [ [ -23, -2, 15, 7 ], [ 42, -23, -49, 45 ], [ -33, -1, 23, 6 ], 
      [ 7, -11, -14, 23 ] ], 
  [ [ -19, 2, 15, -2 ], [ -42, -19, 14, 45 ], [ -21, 4, 18, -6 ], 
      [ -28, -7, 14, 18 ] ], 
  [ [ -18, 2, 15, -2 ], [ -42, -18, 14, 45 ], [ -21, 4, 19, -6 ], 
      [ -28, -7, 14, 19 ] ], 
  [ [ -13, 1, 10, -1 ], [ -21, -13, 7, 30 ], [ -15, 2, 12, -3 ], 
      [ -14, -5, 7, 12 ] ], 
  [ [ -12, 1, 10, -1 ], [ -21, -12, 7, 30 ], [ -15, 2, 13, -3 ], 
      [ -14, -5, 7, 13 ] ], 
  [ [ -11, -3, 5, 8 ], [ 63, -11, -56, 15 ], [ -18, -3, 10, 9 ], 
      [ 21, -6, -21, 10 ] ], 
  [ [ -10, -3, 5, 8 ], [ 63, -10, -56, 15 ], [ -18, -3, 11, 9 ], 
      [ 21, -6, -21, 11 ] ], 
  [ [ -8, 5, 10, -10 ], [ -105, -8, 70, 30 ], [ -3, 7, 8, -15 ], 
      [ -49, -1, 35, 8 ] ], 
  [ [ -6, 1, 5, -1 ], [ -21, -6, 7, 15 ], [ -6, 2, 6, -3 ], [ -14, -2, 7, 6 ] 
     ], 
  [ [ -5, -4, 0, 9 ], [ 84, -5, -63, 0 ], [ -12, -5, 4, 12 ], 
      [ 35, -4, -28, 4 ] ], 
  [ [ -4, -4, 0, 9 ], [ 84, -4, -63, 0 ], [ -12, -5, 5, 12 ], 
      [ 35, -4, -28, 5 ] ], 
  [ [ -1, 0, 0, 0 ], [ 0, -1, 0, 0 ], [ 0, 0, -1, 0 ], [ 0, 0, 0, -1 ] ], 
  [ [ 1, 0, 0, 0 ], [ 0, 1, 0, 0 ], [ 0, 0, 1, 0 ], [ 0, 0, 0, 1 ] ], 
  [ [ 4, 4, 0, -9 ], [ -84, 4, 63, 0 ], [ 12, 5, -5, -12 ], 
      [ -35, 4, 28, -5 ] ], 
  [ [ 5, 4, 0, -9 ], [ -84, 5, 63, 0 ], [ 12, 5, -4, -12 ], 
      [ -35, 4, 28, -4 ] ], 
  [ [ 6, -1, -5, 1 ], [ 21, 6, -7, -15 ], [ 6, -2, -6, 3 ], [ 14, 2, -7, -6 ] 
     ], 
  [ [ 8, -5, -10, 10 ], [ 105, 8, -70, -30 ], [ 3, -7, -8, 15 ], 
      [ 49, 1, -35, -8 ] ], 
  [ [ 10, 3, -5, -8 ], [ -63, 10, 56, -15 ], [ 18, 3, -11, -9 ], 
      [ -21, 6, 21, -11 ] ], 
  [ [ 11, 3, -5, -8 ], [ -63, 11, 56, -15 ], [ 18, 3, -10, -9 ], 
      [ -21, 6, 21, -10 ] ], 
  [ [ 12, -1, -10, 1 ], [ 21, 12, -7, -30 ], [ 15, -2, -13, 3 ], 
      [ 14, 5, -7, -13 ] ], 
  [ [ 13, -1, -10, 1 ], [ 21, 13, -7, -30 ], [ 15, -2, -12, 3 ], 
      [ 14, 5, -7, -12 ] ], 
  [ [ 18, -2, -15, 2 ], [ 42, 18, -14, -45 ], [ 21, -4, -19, 6 ], 
      [ 28, 7, -14, -19 ] ], 
  [ [ 19, -2, -15, 2 ], [ 42, 19, -14, -45 ], [ 21, -4, -18, 6 ], 
      [ 28, 7, -14, -18 ] ], 
  [ [ 23, 2, -15, -7 ], [ -42, 23, 49, -45 ], [ 33, 1, -23, -6 ], 
      [ -7, 11, 14, -23 ] ] ]),BoundaryImage:=rec(ListIFace:=[  ],ListSign:=[  ],ListElt:=[  ])),rec(TheMatrixStab:=Group([ [ [ -23, -2, -15, -7 ], [ 42, -23, 49, -45 ], [ 33, 1, 23, 6 ], 
      [ -7, 11, -14, 23 ] ], 
  [ [ -19, 2, -15, 2 ], [ -42, -19, -14, -45 ], [ 21, -4, 18, -6 ], 
      [ 28, 7, 14, 18 ] ], 
  [ [ -18, 2, -15, 2 ], [ -42, -18, -14, -45 ], [ 21, -4, 19, -6 ], 
      [ 28, 7, 14, 19 ] ], 
  [ [ -13, 1, -10, 1 ], [ -21, -13, -7, -30 ], [ 15, -2, 12, -3 ], 
      [ 14, 5, 7, 12 ] ], 
  [ [ -12, 1, -10, 1 ], [ -21, -12, -7, -30 ], [ 15, -2, 13, -3 ], 
      [ 14, 5, 7, 13 ] ], 
  [ [ -11, -3, -5, -8 ], [ 63, -11, 56, -15 ], [ 18, 3, 10, 9 ], 
      [ -21, 6, -21, 10 ] ], 
  [ [ -10, -3, -5, -8 ], [ 63, -10, 56, -15 ], [ 18, 3, 11, 9 ], 
      [ -21, 6, -21, 11 ] ], 
  [ [ -8, 5, -10, 10 ], [ -105, -8, -70, -30 ], [ 3, -7, 8, -15 ], 
      [ 49, 1, 35, 8 ] ], 
  [ [ -6, 1, -5, 1 ], [ -21, -6, -7, -15 ], [ 6, -2, 6, -3 ], [ 14, 2, 7, 6 ] 
     ], 
  [ [ -5, -4, 0, -9 ], [ 84, -5, 63, 0 ], [ 12, 5, 4, 12 ], 
      [ -35, 4, -28, 4 ] ], 
  [ [ -4, -4, 0, -9 ], [ 84, -4, 63, 0 ], [ 12, 5, 5, 12 ], 
      [ -35, 4, -28, 5 ] ], 
  [ [ -1, 0, 0, 0 ], [ 0, -1, 0, 0 ], [ 0, 0, -1, 0 ], [ 0, 0, 0, -1 ] ], 
  [ [ 1, 0, 0, 0 ], [ 0, 1, 0, 0 ], [ 0, 0, 1, 0 ], [ 0, 0, 0, 1 ] ], 
  [ [ 4, 4, 0, 9 ], [ -84, 4, -63, 0 ], [ -12, -5, -5, -12 ], 
      [ 35, -4, 28, -5 ] ], 
  [ [ 5, 4, 0, 9 ], [ -84, 5, -63, 0 ], [ -12, -5, -4, -12 ], 
      [ 35, -4, 28, -4 ] ], 
  [ [ 6, -1, 5, -1 ], [ 21, 6, 7, 15 ], [ -6, 2, -6, 3 ], [ -14, -2, -7, -6 ] 
     ], 
  [ [ 8, -5, 10, -10 ], [ 105, 8, 70, 30 ], [ -3, 7, -8, 15 ], 
      [ -49, -1, -35, -8 ] ], 
  [ [ 10, 3, 5, 8 ], [ -63, 10, -56, 15 ], [ -18, -3, -11, -9 ], 
      [ 21, -6, 21, -11 ] ], 
  [ [ 11, 3, 5, 8 ], [ -63, 11, -56, 15 ], [ -18, -3, -10, -9 ], 
      [ 21, -6, 21, -10 ] ], 
  [ [ 12, -1, 10, -1 ], [ 21, 12, 7, 30 ], [ -15, 2, -13, 3 ], 
      [ -14, -5, -7, -13 ] ], 
  [ [ 13, -1, 10, -1 ], [ 21, 13, 7, 30 ], [ -15, 2, -12, 3 ], 
      [ -14, -5, -7, -12 ] ], 
  [ [ 18, -2, 15, -2 ], [ 42, 18, 14, 45 ], [ -21, 4, -19, 6 ], 
      [ -28, -7, -14, -19 ] ], 
  [ [ 19, -2, 15, -2 ], [ 42, 19, 14, 45 ], [ -21, 4, -18, 6 ], 
      [ -28, -7, -14, -18 ] ], 
  [ [ 23, 2, 15, 7 ], [ -42, 23, -49, 45 ], [ -33, -1, -23, -6 ], 
      [ 7, -11, 14, -23 ] ] ]),TheRotSubgroup:=Group([ [ [ -23, -2, -15, -7 ], [ 42, -23, 49, -45 ], [ 33, 1, 23, 6 ], 
      [ -7, 11, -14, 23 ] ], 
  [ [ -19, 2, -15, 2 ], [ -42, -19, -14, -45 ], [ 21, -4, 18, -6 ], 
      [ 28, 7, 14, 18 ] ], 
  [ [ -18, 2, -15, 2 ], [ -42, -18, -14, -45 ], [ 21, -4, 19, -6 ], 
      [ 28, 7, 14, 19 ] ], 
  [ [ -13, 1, -10, 1 ], [ -21, -13, -7, -30 ], [ 15, -2, 12, -3 ], 
      [ 14, 5, 7, 12 ] ], 
  [ [ -12, 1, -10, 1 ], [ -21, -12, -7, -30 ], [ 15, -2, 13, -3 ], 
      [ 14, 5, 7, 13 ] ], 
  [ [ -11, -3, -5, -8 ], [ 63, -11, 56, -15 ], [ 18, 3, 10, 9 ], 
      [ -21, 6, -21, 10 ] ], 
  [ [ -10, -3, -5, -8 ], [ 63, -10, 56, -15 ], [ 18, 3, 11, 9 ], 
      [ -21, 6, -21, 11 ] ], 
  [ [ -8, 5, -10, 10 ], [ -105, -8, -70, -30 ], [ 3, -7, 8, -15 ], 
      [ 49, 1, 35, 8 ] ], 
  [ [ -6, 1, -5, 1 ], [ -21, -6, -7, -15 ], [ 6, -2, 6, -3 ], [ 14, 2, 7, 6 ] 
     ], 
  [ [ -5, -4, 0, -9 ], [ 84, -5, 63, 0 ], [ 12, 5, 4, 12 ], 
      [ -35, 4, -28, 4 ] ], 
  [ [ -4, -4, 0, -9 ], [ 84, -4, 63, 0 ], [ 12, 5, 5, 12 ], 
      [ -35, 4, -28, 5 ] ], 
  [ [ -1, 0, 0, 0 ], [ 0, -1, 0, 0 ], [ 0, 0, -1, 0 ], [ 0, 0, 0, -1 ] ], 
  [ [ 1, 0, 0, 0 ], [ 0, 1, 0, 0 ], [ 0, 0, 1, 0 ], [ 0, 0, 0, 1 ] ], 
  [ [ 4, 4, 0, 9 ], [ -84, 4, -63, 0 ], [ -12, -5, -5, -12 ], 
      [ 35, -4, 28, -5 ] ], 
  [ [ 5, 4, 0, 9 ], [ -84, 5, -63, 0 ], [ -12, -5, -4, -12 ], 
      [ 35, -4, 28, -4 ] ], 
  [ [ 6, -1, 5, -1 ], [ 21, 6, 7, 15 ], [ -6, 2, -6, 3 ], [ -14, -2, -7, -6 ] 
     ], 
  [ [ 8, -5, 10, -10 ], [ 105, 8, 70, 30 ], [ -3, 7, -8, 15 ], 
      [ -49, -1, -35, -8 ] ], 
  [ [ 10, 3, 5, 8 ], [ -63, 10, -56, 15 ], [ -18, -3, -11, -9 ], 
      [ 21, -6, 21, -11 ] ], 
  [ [ 11, 3, 5, 8 ], [ -63, 11, -56, 15 ], [ -18, -3, -10, -9 ], 
      [ 21, -6, 21, -10 ] ], 
  [ [ 12, -1, 10, -1 ], [ 21, 12, 7, 30 ], [ -15, 2, -13, 3 ], 
      [ -14, -5, -7, -13 ] ], 
  [ [ 13, -1, 10, -1 ], [ 21, 13, 7, 30 ], [ -15, 2, -12, 3 ], 
      [ -14, -5, -7, -12 ] ], 
  [ [ 18, -2, 15, -2 ], [ 42, 18, 14, 45 ], [ -21, 4, -19, 6 ], 
      [ -28, -7, -14, -19 ] ], 
  [ [ 19, -2, 15, -2 ], [ 42, 19, 14, 45 ], [ -21, 4, -18, 6 ], 
      [ -28, -7, -14, -18 ] ], 
  [ [ 23, 2, 15, 7 ], [ -42, 23, -49, 45 ], [ -33, -1, -23, -6 ], 
      [ 7, -11, 14, -23 ] ] ]),BoundaryImage:=rec(ListIFace:=[  ],ListSign:=[  ],ListElt:=[  ]))],[rec(TheMatrixStab:=Group([ [ [ -2, 0, 1, 0 ], [ 0, -2, 0, 3 ], [ -3, 0, 1, 0 ], [ 0, -1, 0, 1 ] ], 
  [ [ -1, 0, 0, 0 ], [ 0, -1, 0, 0 ], [ 0, 0, -1, 0 ], [ 0, 0, 0, -1 ] ], 
  [ [ -1, 0, 1, 0 ], [ 0, -1, 0, 3 ], [ -3, 0, 2, 0 ], [ 0, -1, 0, 2 ] ], 
  [ [ 1, 0, -1, 0 ], [ 0, 1, 0, -3 ], [ 3, 0, -2, 0 ], [ 0, 1, 0, -2 ] ], 
  [ [ 1, 0, 0, 0 ], [ 0, 1, 0, 0 ], [ 0, 0, 1, 0 ], [ 0, 0, 0, 1 ] ], 
  [ [ 2, 0, -1, 0 ], [ 0, 2, 0, -3 ], [ 3, 0, -1, 0 ], [ 0, 1, 0, -1 ] ] ]),TheRotSubgroup:=Group([ [ [ -2, 0, 1, 0 ], [ 0, -2, 0, 3 ], [ -3, 0, 1, 0 ], [ 0, -1, 0, 1 ] ], 
  [ [ -1, 0, 0, 0 ], [ 0, -1, 0, 0 ], [ 0, 0, -1, 0 ], [ 0, 0, 0, -1 ] ], 
  [ [ -1, 0, 1, 0 ], [ 0, -1, 0, 3 ], [ -3, 0, 2, 0 ], [ 0, -1, 0, 2 ] ], 
  [ [ 1, 0, -1, 0 ], [ 0, 1, 0, -3 ], [ 3, 0, -2, 0 ], [ 0, 1, 0, -2 ] ], 
  [ [ 1, 0, 0, 0 ], [ 0, 1, 0, 0 ], [ 0, 0, 1, 0 ], [ 0, 0, 0, 1 ] ], 
  [ [ 2, 0, -1, 0 ], [ 0, 2, 0, -3 ], [ 3, 0, -1, 0 ], [ 0, 1, 0, -1 ] ] ]),BoundaryImage:=rec(ListIFace:=[ 1, 2 ],ListSign:=[ -1, 1 ],ListElt:=[ [ [ -1, 0, 1, 0 ], [ 0, -1, 0, 3 ], [ -3, 0, 2, 0 ], [ 0, -1, 0, 2 ] ], 
  [ [ -16, 0, -8, -3 ], [ 0, -16, 21, -24 ], [ -24, 3, -16, 0 ], 
      [ -21, -8, 0, -16 ] ] ])),rec(TheMatrixStab:=Group([ [ [ -1, 0, 0, 0 ], [ 0, -1, 0, 0 ], [ 0, 0, -1, 0 ], [ 0, 0, 0, -1 ] ], 
  [ [ 1, 0, 0, 0 ], [ 0, 1, 0, 0 ], [ 0, 0, 1, 0 ], [ 0, 0, 0, 1 ] ] ]),TheRotSubgroup:=Group([ [ [ -1, 0, 0, 0 ], [ 0, -1, 0, 0 ], [ 0, 0, -1, 0 ], [ 0, 0, 0, -1 ] ], 
  [ [ 1, 0, 0, 0 ], [ 0, 1, 0, 0 ], [ 0, 0, 1, 0 ], [ 0, 0, 0, 1 ] ] ]),BoundaryImage:=rec(ListIFace:=[ 1, 3 ],ListSign:=[ -1, 1 ],ListElt:=[ [ [ -2, 0, 1, 0 ], [ 0, -2, 0, 3 ], [ -3, 0, 1, 0 ], [ 0, -1, 0, 1 ] ], 
  [ [ -1, 0, 0, 0 ], [ 0, -1, 0, 0 ], [ 0, 0, -1, 0 ], [ 0, 0, 0, -1 ] ] ])),rec(TheMatrixStab:=Group([ [ [ -1, 0, 0, 0 ], [ 0, -1, 0, 0 ], [ 0, 0, -1, 0 ], [ 0, 0, 0, -1 ] ], 
  [ [ 1, 0, 0, 0 ], [ 0, 1, 0, 0 ], [ 0, 0, 1, 0 ], [ 0, 0, 0, 1 ] ] ]),TheRotSubgroup:=Group([ [ [ -1, 0, 0, 0 ], [ 0, -1, 0, 0 ], [ 0, 0, -1, 0 ], [ 0, 0, 0, -1 ] ], 
  [ [ 1, 0, 0, 0 ], [ 0, 1, 0, 0 ], [ 0, 0, 1, 0 ], [ 0, 0, 0, 1 ] ] ]),BoundaryImage:=rec(ListIFace:=[ 2, 4 ],ListSign:=[ -1, 1 ],ListElt:=[ [ [ 1, 0, 1, 0 ], [ 0, 1, 0, 3 ], [ -3, 0, -2, 0 ], [ 0, -1, 0, -2 ] ], 
  [ [ 6, -1, 5, -1 ], [ 21, 6, 7, 15 ], [ -6, 2, -6, 3 ], [ -14, -2, -7, -6 ] 
     ] ])),rec(TheMatrixStab:=Group([ [ [ -1, 0, 0, 0 ], [ 0, -1, 0, 0 ], [ 0, 0, -1, 0 ], [ 0, 0, 0, -1 ] ], 
  [ [ 1, 0, 0, 0 ], [ 0, 1, 0, 0 ], [ 0, 0, 1, 0 ], [ 0, 0, 0, 1 ] ] ]),TheRotSubgroup:=Group([ [ [ -1, 0, 0, 0 ], [ 0, -1, 0, 0 ], [ 0, 0, -1, 0 ], [ 0, 0, 0, -1 ] ], 
  [ [ 1, 0, 0, 0 ], [ 0, 1, 0, 0 ], [ 0, 0, 1, 0 ], [ 0, 0, 0, 1 ] ] ]),BoundaryImage:=rec(ListIFace:=[ 1, 4 ],ListSign:=[ -1, 1 ],ListElt:=[ [ [ -2, 0, 1, 0 ], [ 0, -2, 0, 3 ], [ -3, 0, 1, 0 ], [ 0, -1, 0, 1 ] ], 
  [ [ -1, -1, 1, -2 ], [ 21, -1, 14, 3 ], [ -6, -1, -2, -3 ], 
      [ 7, -2, 7, -2 ] ] ])),rec(TheMatrixStab:=Group([ [ [ -1, 0, 0, 0 ], [ 0, -1, 0, 0 ], [ 0, 0, -1, 0 ], [ 0, 0, 0, -1 ] ], 
  [ [ 1, 0, 0, 0 ], [ 0, 1, 0, 0 ], [ 0, 0, 1, 0 ], [ 0, 0, 0, 1 ] ] ]),TheRotSubgroup:=Group([ [ [ -1, 0, 0, 0 ], [ 0, -1, 0, 0 ], [ 0, 0, -1, 0 ], [ 0, 0, 0, -1 ] ], 
  [ [ 1, 0, 0, 0 ], [ 0, 1, 0, 0 ], [ 0, 0, 1, 0 ], [ 0, 0, 0, 1 ] ] ]),BoundaryImage:=rec(ListIFace:=[ 2, 3 ],ListSign:=[ -1, 1 ],ListElt:=[ [ [ 1, 0, 1, 0 ], [ 0, 1, 0, 3 ], [ -3, 0, -2, 0 ], [ 0, -1, 0, -2 ] ], 
  [ [ -1, -1, -1, 2 ], [ 21, -1, -14, -3 ], [ 6, 1, -2, -3 ], 
      [ -7, 2, 7, -2 ] ] ])),rec(TheMatrixStab:=Group([ [ [ -2, 0, 1, 0 ], [ 0, -2, 0, 3 ], [ -3, 0, 1, 0 ], [ 0, -1, 0, 1 ] ], 
  [ [ -1, 0, 0, 0 ], [ 0, -1, 0, 0 ], [ 0, 0, -1, 0 ], [ 0, 0, 0, -1 ] ], 
  [ [ -1, 0, 1, 0 ], [ 0, -1, 0, 3 ], [ -3, 0, 2, 0 ], [ 0, -1, 0, 2 ] ], 
  [ [ 1, 0, -1, 0 ], [ 0, 1, 0, -3 ], [ 3, 0, -2, 0 ], [ 0, 1, 0, -2 ] ], 
  [ [ 1, 0, 0, 0 ], [ 0, 1, 0, 0 ], [ 0, 0, 1, 0 ], [ 0, 0, 0, 1 ] ], 
  [ [ 2, 0, -1, 0 ], [ 0, 2, 0, -3 ], [ 3, 0, -1, 0 ], [ 0, 1, 0, -1 ] ] ]),TheRotSubgroup:=Group([ [ [ -2, 0, 1, 0 ], [ 0, -2, 0, 3 ], [ -3, 0, 1, 0 ], [ 0, -1, 0, 1 ] ], 
  [ [ -1, 0, 0, 0 ], [ 0, -1, 0, 0 ], [ 0, 0, -1, 0 ], [ 0, 0, 0, -1 ] ], 
  [ [ -1, 0, 1, 0 ], [ 0, -1, 0, 3 ], [ -3, 0, 2, 0 ], [ 0, -1, 0, 2 ] ], 
  [ [ 1, 0, -1, 0 ], [ 0, 1, 0, -3 ], [ 3, 0, -2, 0 ], [ 0, 1, 0, -2 ] ], 
  [ [ 1, 0, 0, 0 ], [ 0, 1, 0, 0 ], [ 0, 0, 1, 0 ], [ 0, 0, 0, 1 ] ], 
  [ [ 2, 0, -1, 0 ], [ 0, 2, 0, -3 ], [ 3, 0, -1, 0 ], [ 0, 1, 0, -1 ] ] ]),BoundaryImage:=rec(ListIFace:=[ 1, 2 ],ListSign:=[ -1, 1 ],ListElt:=[ [ [ -2, 0, 1, 0 ], [ 0, -2, 0, 3 ], [ -3, 0, 1, 0 ], [ 0, -1, 0, 1 ] ], 
  [ [ -1, 0, -1, 0 ], [ 0, -1, 0, -3 ], [ 0, 0, -1, 0 ], [ 0, 0, 0, -1 ] ] ])),rec(TheMatrixStab:=Group([ [ [ -1, 0, 0, 0 ], [ 0, -1, 0, 0 ], [ 0, 0, -1, 0 ], [ 0, 0, 0, -1 ] ], 
  [ [ 1, 0, 0, 0 ], [ 0, 1, 0, 0 ], [ 0, 0, 1, 0 ], [ 0, 0, 0, 1 ] ] ]),TheRotSubgroup:=Group([ [ [ -1, 0, 0, 0 ], [ 0, -1, 0, 0 ], [ 0, 0, -1, 0 ], [ 0, 0, 0, -1 ] ], 
  [ [ 1, 0, 0, 0 ], [ 0, 1, 0, 0 ], [ 0, 0, 1, 0 ], [ 0, 0, 0, 1 ] ] ]),BoundaryImage:=rec(ListIFace:=[ 3, 4 ],ListSign:=[ -1, 1 ],ListElt:=[ [ [ 6, -1, -5, 1 ], [ 21, 6, -7, -15 ], [ 6, -2, -6, 3 ], [ 14, 2, -7, -6 ] 
     ], 
  [ [ 10, -2, 9, -2 ], [ 42, 10, 14, 27 ], [ 9, -4, 11, -6 ], 
      [ 28, 3, 14, 11 ] ] ])),rec(TheMatrixStab:=Group([ [ [ -1, 0, 0, 0 ], [ 0, -1, 0, 0 ], [ 0, 0, -1, 0 ], [ 0, 0, 0, -1 ] ], 
  [ [ 1, 0, 0, 0 ], [ 0, 1, 0, 0 ], [ 0, 0, 1, 0 ], [ 0, 0, 0, 1 ] ] ]),TheRotSubgroup:=Group([ [ [ -1, 0, 0, 0 ], [ 0, -1, 0, 0 ], [ 0, 0, -1, 0 ], [ 0, 0, 0, -1 ] ], 
  [ [ 1, 0, 0, 0 ], [ 0, 1, 0, 0 ], [ 0, 0, 1, 0 ], [ 0, 0, 0, 1 ] ] ]),BoundaryImage:=rec(ListIFace:=[ 3, 4 ],ListSign:=[ -1, 1 ],ListElt:=[ [ [ -8, 0, 4, 1 ], [ 0, -8, -7, 12 ], [ 12, -1, -7, 0 ], [ 7, 4, 0, -7 ] ], 
  [ [ 1, 0, 0, 0 ], [ 0, 1, 0, 0 ], [ 0, 0, 1, 0 ], [ 0, 0, 0, 1 ] ] ])),rec(TheMatrixStab:=Group([ [ [ -6, 1, 5, -1 ], [ -21, -6, 7, 15 ], [ -6, 2, 6, -3 ], [ -14, -2, 7, 6 ] 
     ], [ [ -1, 0, 0, 0 ], [ 0, -1, 0, 0 ], [ 0, 0, -1, 0 ], [ 0, 0, 0, -1 ] ]
    , [ [ 1, 0, 0, 0 ], [ 0, 1, 0, 0 ], [ 0, 0, 1, 0 ], [ 0, 0, 0, 1 ] ], 
  [ [ 6, -1, -5, 1 ], [ 21, 6, -7, -15 ], [ 6, -2, -6, 3 ], [ 14, 2, -7, -6 ] 
     ] ]),TheRotSubgroup:=Group([ [ [ -6, 1, 5, -1 ], [ -21, -6, 7, 15 ], [ -6, 2, 6, -3 ], [ -14, -2, 7, 6 ] 
     ], [ [ -1, 0, 0, 0 ], [ 0, -1, 0, 0 ], [ 0, 0, -1, 0 ], [ 0, 0, 0, -1 ] ]
    , [ [ 1, 0, 0, 0 ], [ 0, 1, 0, 0 ], [ 0, 0, 1, 0 ], [ 0, 0, 0, 1 ] ], 
  [ [ 6, -1, -5, 1 ], [ 21, 6, -7, -15 ], [ 6, -2, -6, 3 ], [ 14, 2, -7, -6 ] 
     ] ]),BoundaryImage:=rec(ListIFace:=[ 3, 5 ],ListSign:=[ -1, 1 ],ListElt:=[ [ [ 1, 0, 0, 0 ], [ 0, 1, 0, 0 ], [ 0, 0, 1, 0 ], [ 0, 0, 0, 1 ] ], 
  [ [ 6, -1, -5, 1 ], [ 21, 6, -7, -15 ], [ 6, -2, -6, 3 ], [ 14, 2, -7, -6 ] 
     ] ])),rec(TheMatrixStab:=Group([ [ [ -6, 1, -5, 1 ], [ -21, -6, -7, -15 ], [ 6, -2, 6, -3 ], [ 14, 2, 7, 6 ] 
     ], [ [ -1, 0, 0, 0 ], [ 0, -1, 0, 0 ], [ 0, 0, -1, 0 ], [ 0, 0, 0, -1 ] ]
    , [ [ 1, 0, 0, 0 ], [ 0, 1, 0, 0 ], [ 0, 0, 1, 0 ], [ 0, 0, 0, 1 ] ], 
  [ [ 6, -1, 5, -1 ], [ 21, 6, 7, 15 ], [ -6, 2, -6, 3 ], [ -14, -2, -7, -6 ] 
     ] ]),TheRotSubgroup:=Group([ [ [ -6, 1, -5, 1 ], [ -21, -6, -7, -15 ], [ 6, -2, 6, -3 ], [ 14, 2, 7, 6 ] 
     ], [ [ -1, 0, 0, 0 ], [ 0, -1, 0, 0 ], [ 0, 0, -1, 0 ], [ 0, 0, 0, -1 ] ]
    , [ [ 1, 0, 0, 0 ], [ 0, 1, 0, 0 ], [ 0, 0, 1, 0 ], [ 0, 0, 0, 1 ] ], 
  [ [ 6, -1, 5, -1 ], [ 21, 6, 7, 15 ], [ -6, 2, -6, 3 ], [ -14, -2, -7, -6 ] 
     ] ]),BoundaryImage:=rec(ListIFace:=[ 4, 6 ],ListSign:=[ -1, 1 ],ListElt:=[ [ [ 6, -1, 5, -1 ], [ 21, 6, 7, 15 ], [ -6, 2, -6, 3 ], [ -14, -2, -7, -6 ] 
     ], [ [ 32, -8, 29, -8 ], [ 168, 32, 56, 87 ], [ -21, 16, -33, 24 ], 
      [ -112, -7, -56, -33 ] ] ])),rec(TheMatrixStab:=Group([ [ [ -6, 1, 5, -1 ], [ -21, -6, 7, 15 ], [ -6, 2, 6, -3 ], [ -14, -2, 7, 6 ] 
     ], [ [ -1, 0, 0, 0 ], [ 0, -1, 0, 0 ], [ 0, 0, -1, 0 ], [ 0, 0, 0, -1 ] ]
    , [ [ 1, 0, 0, 0 ], [ 0, 1, 0, 0 ], [ 0, 0, 1, 0 ], [ 0, 0, 0, 1 ] ], 
  [ [ 6, -1, -5, 1 ], [ 21, 6, -7, -15 ], [ 6, -2, -6, 3 ], [ 14, 2, -7, -6 ] 
     ] ]),TheRotSubgroup:=Group([ [ [ -6, 1, 5, -1 ], [ -21, -6, 7, 15 ], [ -6, 2, 6, -3 ], [ -14, -2, 7, 6 ] 
     ], [ [ -1, 0, 0, 0 ], [ 0, -1, 0, 0 ], [ 0, 0, -1, 0 ], [ 0, 0, 0, -1 ] ]
    , [ [ 1, 0, 0, 0 ], [ 0, 1, 0, 0 ], [ 0, 0, 1, 0 ], [ 0, 0, 0, 1 ] ], 
  [ [ 6, -1, -5, 1 ], [ 21, 6, -7, -15 ], [ 6, -2, -6, 3 ], [ 14, 2, -7, -6 ] 
     ] ]),BoundaryImage:=rec(ListIFace:=[ 3, 7 ],ListSign:=[ -1, 1 ],ListElt:=[ [ [ 1, 0, 0, 0 ], [ 0, 1, 0, 0 ], [ 0, 0, 1, 0 ], [ 0, 0, 0, 1 ] ], 
  [ [ 23, 2, -15, -7 ], [ -42, 23, 49, -45 ], [ 33, 1, -23, -6 ], 
      [ -7, 11, 14, -23 ] ] ])),rec(TheMatrixStab:=Group([ [ [ -6, 1, -5, 1 ], [ -21, -6, -7, -15 ], [ 6, -2, 6, -3 ], [ 14, 2, 7, 6 ] 
     ], [ [ -1, 0, 0, 0 ], [ 0, -1, 0, 0 ], [ 0, 0, -1, 0 ], [ 0, 0, 0, -1 ] ]
    , [ [ 1, 0, 0, 0 ], [ 0, 1, 0, 0 ], [ 0, 0, 1, 0 ], [ 0, 0, 0, 1 ] ], 
  [ [ 6, -1, 5, -1 ], [ 21, 6, 7, 15 ], [ -6, 2, -6, 3 ], [ -14, -2, -7, -6 ] 
     ] ]),TheRotSubgroup:=Group([ [ [ -6, 1, -5, 1 ], [ -21, -6, -7, -15 ], [ 6, -2, 6, -3 ], [ 14, 2, 7, 6 ] 
     ], [ [ -1, 0, 0, 0 ], [ 0, -1, 0, 0 ], [ 0, 0, -1, 0 ], [ 0, 0, 0, -1 ] ]
    , [ [ 1, 0, 0, 0 ], [ 0, 1, 0, 0 ], [ 0, 0, 1, 0 ], [ 0, 0, 0, 1 ] ], 
  [ [ 6, -1, 5, -1 ], [ 21, 6, 7, 15 ], [ -6, 2, -6, 3 ], [ -14, -2, -7, -6 ] 
     ] ]),BoundaryImage:=rec(ListIFace:=[ 4, 8 ],ListSign:=[ -1, 1 ],ListElt:=[ [ [ 6, -1, 5, -1 ], [ 21, 6, 7, 15 ], [ -6, 2, -6, 3 ], [ -14, -2, -7, -6 ] 
     ], 
  [ [ 6, -1, 5, -1 ], [ 21, 6, 7, 15 ], [ -6, 2, -6, 3 ], [ -14, -2, -7, -6 ] 
     ] ])),rec(TheMatrixStab:=Group([ [ [ -1, 0, 0, 0 ], [ 0, -1, 0, 0 ], [ 0, 0, -1, 0 ], [ 0, 0, 0, -1 ] ], 
  [ [ 1, 0, 0, 0 ], [ 0, 1, 0, 0 ], [ 0, 0, 1, 0 ], [ 0, 0, 0, 1 ] ] ]),TheRotSubgroup:=Group([ [ [ -1, 0, 0, 0 ], [ 0, -1, 0, 0 ], [ 0, 0, -1, 0 ], [ 0, 0, 0, -1 ] ], 
  [ [ 1, 0, 0, 0 ], [ 0, 1, 0, 0 ], [ 0, 0, 1, 0 ], [ 0, 0, 0, 1 ] ] ]),BoundaryImage:=rec(ListIFace:=[ 5, 7 ],ListSign:=[ -1, 1 ],ListElt:=[ [ [ 37, 6, -14, -17 ], [ -126, 37, 119, -42 ], [ 72, 3, -38, -18 ], 
      [ -21, 24, 42, -38 ] ], 
  [ [ 65, -18, -61, 34 ], [ 378, 65, -238, -183 ], [ 36, -35, -51, 75 ], 
      [ 245, 12, -175, -51 ] ] ])),rec(TheMatrixStab:=Group([ [ [ -1, 0, 0, 0 ], [ 0, -1, 0, 0 ], [ 0, 0, -1, 0 ], [ 0, 0, 0, -1 ] ], 
  [ [ 1, 0, 0, 0 ], [ 0, 1, 0, 0 ], [ 0, 0, 1, 0 ], [ 0, 0, 0, 1 ] ] ]),TheRotSubgroup:=Group([ [ [ -1, 0, 0, 0 ], [ 0, -1, 0, 0 ], [ 0, 0, -1, 0 ], [ 0, 0, 0, -1 ] ], 
  [ [ 1, 0, 0, 0 ], [ 0, 1, 0, 0 ], [ 0, 0, 1, 0 ], [ 0, 0, 0, 1 ] ] ]),BoundaryImage:=rec(ListIFace:=[ 6, 8 ],ListSign:=[ -1, 1 ],ListElt:=[ [ [ -26, 7, -24, 7 ], [ -147, -26, -49, -72 ], [ 15, -14, 27, -21 ], 
      [ 98, 5, 49, 27 ] ], 
  [ [ 150, 10, 101, 38 ], [ -210, 150, -266, 303 ], [ -243, 8, -182, -9 ], 
      [ -56, -81, 21, -182 ] ] ])),rec(TheMatrixStab:=Group([ [ [ -38, -6, 14, 17 ], [ 126, -38, -119, 42 ], [ -72, -3, 37, 18 ], 
      [ 21, -24, -42, 37 ] ], 
  [ [ -37, -6, 14, 17 ], [ 126, -37, -119, 42 ], [ -72, -3, 38, 18 ], 
      [ 21, -24, -42, 38 ] ], 
  [ [ -1, 0, 0, 0 ], [ 0, -1, 0, 0 ], [ 0, 0, -1, 0 ], [ 0, 0, 0, -1 ] ], 
  [ [ 1, 0, 0, 0 ], [ 0, 1, 0, 0 ], [ 0, 0, 1, 0 ], [ 0, 0, 0, 1 ] ], 
  [ [ 37, 6, -14, -17 ], [ -126, 37, 119, -42 ], [ 72, 3, -38, -18 ], 
      [ -21, 24, 42, -38 ] ], 
  [ [ 38, 6, -14, -17 ], [ -126, 38, 119, -42 ], [ 72, 3, -37, -18 ], 
      [ -21, 24, 42, -37 ] ] ]),TheRotSubgroup:=Group([ [ [ -38, -6, 14, 17 ], [ 126, -38, -119, 42 ], [ -72, -3, 37, 18 ], 
      [ 21, -24, -42, 37 ] ], 
  [ [ -37, -6, 14, 17 ], [ 126, -37, -119, 42 ], [ -72, -3, 38, 18 ], 
      [ 21, -24, -42, 38 ] ], 
  [ [ -1, 0, 0, 0 ], [ 0, -1, 0, 0 ], [ 0, 0, -1, 0 ], [ 0, 0, 0, -1 ] ], 
  [ [ 1, 0, 0, 0 ], [ 0, 1, 0, 0 ], [ 0, 0, 1, 0 ], [ 0, 0, 0, 1 ] ], 
  [ [ 37, 6, -14, -17 ], [ -126, 37, 119, -42 ], [ 72, 3, -38, -18 ], 
      [ -21, 24, 42, -38 ] ], 
  [ [ 38, 6, -14, -17 ], [ -126, 38, 119, -42 ], [ 72, 3, -37, -18 ], 
      [ -21, 24, 42, -37 ] ] ]),BoundaryImage:=rec(ListIFace:=[ 5, 8 ],ListSign:=[ -1, 1 ],ListElt:=[ [ [ 5, 14, 15, -25 ], [ -294, 5, 175, 45 ], [ 51, 19, -5, -42 ], 
      [ -133, 17, 98, -5 ] ], 
  [ [ 8, -12, 19, -26 ], [ 252, 8, 182, 57 ], [ -27, -18, -1, -45 ], 
      [ 126, -9, 105, -1 ] ] ])),rec(TheMatrixStab:=Group([ [ [ -38, -6, -14, -17 ], [ 126, -38, 119, -42 ], [ 72, 3, 37, 18 ], 
      [ -21, 24, -42, 37 ] ], 
  [ [ -37, -6, -14, -17 ], [ 126, -37, 119, -42 ], [ 72, 3, 38, 18 ], 
      [ -21, 24, -42, 38 ] ], 
  [ [ -1, 0, 0, 0 ], [ 0, -1, 0, 0 ], [ 0, 0, -1, 0 ], [ 0, 0, 0, -1 ] ], 
  [ [ 1, 0, 0, 0 ], [ 0, 1, 0, 0 ], [ 0, 0, 1, 0 ], [ 0, 0, 0, 1 ] ], 
  [ [ 37, 6, 14, 17 ], [ -126, 37, -119, 42 ], [ -72, -3, -38, -18 ], 
      [ 21, -24, 42, -38 ] ], 
  [ [ 38, 6, 14, 17 ], [ -126, 38, -119, 42 ], [ -72, -3, -37, -18 ], 
      [ 21, -24, 42, -37 ] ] ]),TheRotSubgroup:=Group([ [ [ -38, -6, -14, -17 ], [ 126, -38, 119, -42 ], [ 72, 3, 37, 18 ], 
      [ -21, 24, -42, 37 ] ], 
  [ [ -37, -6, -14, -17 ], [ 126, -37, 119, -42 ], [ 72, 3, 38, 18 ], 
      [ -21, 24, -42, 38 ] ], 
  [ [ -1, 0, 0, 0 ], [ 0, -1, 0, 0 ], [ 0, 0, -1, 0 ], [ 0, 0, 0, -1 ] ], 
  [ [ 1, 0, 0, 0 ], [ 0, 1, 0, 0 ], [ 0, 0, 1, 0 ], [ 0, 0, 0, 1 ] ], 
  [ [ 37, 6, 14, 17 ], [ -126, 37, -119, 42 ], [ -72, -3, -38, -18 ], 
      [ 21, -24, 42, -38 ] ], 
  [ [ 38, 6, 14, 17 ], [ -126, 38, -119, 42 ], [ -72, -3, -37, -18 ], 
      [ 21, -24, 42, -37 ] ] ]),BoundaryImage:=rec(ListIFace:=[ 6, 7 ],ListSign:=[ -1, 1 ],ListElt:=[ [ [ -32, 8, -29, 8 ], [ -168, -32, -56, -87 ], [ 21, -16, 33, -24 ], 
      [ 112, 7, 56, 33 ] ], 
  [ [ -23, 14, 26, -26 ], [ -294, -23, 182, 78 ], [ -12, -23, -9, 48 ], 
      [ 161, -4, -112, -9 ] ] ])),rec(TheMatrixStab:=Group([ [ [ -32, -7, 9, 18 ], [ 147, -32, -126, 27 ], [ -66, -5, 31, 21 ], 
      [ 35, -22, -49, 31 ] ], 
  [ [ -31, -7, 9, 18 ], [ 147, -31, -126, 27 ], [ -66, -5, 32, 21 ], 
      [ 35, -22, -49, 32 ] ], 
  [ [ -1, 0, 0, 0 ], [ 0, -1, 0, 0 ], [ 0, 0, -1, 0 ], [ 0, 0, 0, -1 ] ], 
  [ [ 1, 0, 0, 0 ], [ 0, 1, 0, 0 ], [ 0, 0, 1, 0 ], [ 0, 0, 0, 1 ] ], 
  [ [ 31, 7, -9, -18 ], [ -147, 31, 126, -27 ], [ 66, 5, -32, -21 ], 
      [ -35, 22, 49, -32 ] ], 
  [ [ 32, 7, -9, -18 ], [ -147, 32, 126, -27 ], [ 66, 5, -31, -21 ], 
      [ -35, 22, 49, -31 ] ] ]),TheRotSubgroup:=Group([ [ [ -32, -7, 9, 18 ], [ 147, -32, -126, 27 ], [ -66, -5, 31, 21 ], 
      [ 35, -22, -49, 31 ] ], 
  [ [ -31, -7, 9, 18 ], [ 147, -31, -126, 27 ], [ -66, -5, 32, 21 ], 
      [ 35, -22, -49, 32 ] ], 
  [ [ -1, 0, 0, 0 ], [ 0, -1, 0, 0 ], [ 0, 0, -1, 0 ], [ 0, 0, 0, -1 ] ], 
  [ [ 1, 0, 0, 0 ], [ 0, 1, 0, 0 ], [ 0, 0, 1, 0 ], [ 0, 0, 0, 1 ] ], 
  [ [ 31, 7, -9, -18 ], [ -147, 31, 126, -27 ], [ 66, 5, -32, -21 ], 
      [ -35, 22, 49, -32 ] ], 
  [ [ 32, 7, -9, -18 ], [ -147, 32, 126, -27 ], [ 66, 5, -31, -21 ], 
      [ -35, 22, 49, -31 ] ] ]),BoundaryImage:=rec(ListIFace:=[ 5, 8 ],ListSign:=[ -1, 1 ],ListElt:=[ [ [ -37, -6, 14, 17 ], [ 126, -37, -119, 42 ], [ -72, -3, 38, 18 ], 
      [ 21, -24, -42, 38 ] ], 
  [ [ 26, -11, 29, -21 ], [ 231, 26, 147, 87 ], [ 0, -19, 17, -42 ], 
      [ 133, 0, 98, 17 ] ] ])),rec(TheMatrixStab:=Group([ [ [ -32, -7, -9, -18 ], [ 147, -32, 126, -27 ], [ 66, 5, 31, 21 ], 
      [ -35, 22, -49, 31 ] ], 
  [ [ -31, -7, -9, -18 ], [ 147, -31, 126, -27 ], [ 66, 5, 32, 21 ], 
      [ -35, 22, -49, 32 ] ], 
  [ [ -1, 0, 0, 0 ], [ 0, -1, 0, 0 ], [ 0, 0, -1, 0 ], [ 0, 0, 0, -1 ] ], 
  [ [ 1, 0, 0, 0 ], [ 0, 1, 0, 0 ], [ 0, 0, 1, 0 ], [ 0, 0, 0, 1 ] ], 
  [ [ 31, 7, 9, 18 ], [ -147, 31, -126, 27 ], [ -66, -5, -32, -21 ], 
      [ 35, -22, 49, -32 ] ], 
  [ [ 32, 7, 9, 18 ], [ -147, 32, -126, 27 ], [ -66, -5, -31, -21 ], 
      [ 35, -22, 49, -31 ] ] ]),TheRotSubgroup:=Group([ [ [ -32, -7, -9, -18 ], [ 147, -32, 126, -27 ], [ 66, 5, 31, 21 ], 
      [ -35, 22, -49, 31 ] ], 
  [ [ -31, -7, -9, -18 ], [ 147, -31, 126, -27 ], [ 66, 5, 32, 21 ], 
      [ -35, 22, -49, 32 ] ], 
  [ [ -1, 0, 0, 0 ], [ 0, -1, 0, 0 ], [ 0, 0, -1, 0 ], [ 0, 0, 0, -1 ] ], 
  [ [ 1, 0, 0, 0 ], [ 0, 1, 0, 0 ], [ 0, 0, 1, 0 ], [ 0, 0, 0, 1 ] ], 
  [ [ 31, 7, 9, 18 ], [ -147, 31, -126, 27 ], [ -66, -5, -32, -21 ], 
      [ 35, -22, 49, -32 ] ], 
  [ [ 32, 7, 9, 18 ], [ -147, 32, -126, 27 ], [ -66, -5, -31, -21 ], 
      [ 35, -22, 49, -31 ] ] ]),BoundaryImage:=rec(ListIFace:=[ 6, 7 ],ListSign:=[ -1, 1 ],ListElt:=[ [ [ 5, 14, -15, 25 ], [ -294, 5, -175, -45 ], [ -51, -19, -5, -42 ], 
      [ 133, -17, 98, -5 ] ], 
  [ [ 16, -4, -15, 8 ], [ 84, 16, -56, -45 ], [ -9, 8, 12, -18 ], 
      [ -56, -3, 42, 12 ] ] ]))],[rec(TheMatrixStab:=Group([ [ [ -1, 0, 0, 0 ], [ 0, -1, 0, 0 ], [ 0, 0, -1, 0 ], [ 0, 0, 0, -1 ] ], 
  [ [ 1, 0, 0, 0 ], [ 0, 1, 0, 0 ], [ 0, 0, 1, 0 ], [ 0, 0, 0, 1 ] ] ]),TheRotSubgroup:=Group([ [ [ -1, 0, 0, 0 ], [ 0, -1, 0, 0 ], [ 0, 0, -1, 0 ], [ 0, 0, 0, -1 ] ], 
  [ [ 1, 0, 0, 0 ], [ 0, 1, 0, 0 ], [ 0, 0, 1, 0 ], [ 0, 0, 0, 1 ] ] ]),BoundaryImage:=rec(ListIFace:=[ 1, 5, 2, 9, 11, 16, 15, 10, 12, 4, 1, 3 ],ListSign:=[ 1, 1, -1, -1, 1, -1, -1, -1, 1, 1, -1, -1 ],ListElt:=[ [ [ -1, 0, 0, 0 ], [ 0, -1, 0, 0 ], [ 0, 0, -1, 0 ], [ 0, 0, 0, -1 ] ], 
  [ [ -16, 0, -8, -3 ], [ 0, -16, 21, -24 ], [ -24, 3, -16, 0 ], 
      [ -21, -8, 0, -16 ] ], 
  [ [ -1, 0, 0, 0 ], [ 0, -1, 0, 0 ], [ 0, 0, -1, 0 ], [ 0, 0, 0, -1 ] ], 
  [ [ -1, 0, 0, 0 ], [ 0, -1, 0, 0 ], [ 0, 0, -1, 0 ], [ 0, 0, 0, -1 ] ], 
  [ [ 14, -3, -11, 4 ], [ 63, 14, -28, -33 ], [ 9, -7, -11, 12 ], 
      [ 49, 3, -28, -11 ] ], 
  [ [ 14, 31, -32, 56 ], [ -651, 14, -392, -96 ], [ 135, 43, 22, 99 ], 
      [ -301, 45, -231, 22 ] ], 
  [ [ 32, -8, -29, 8 ], [ 168, 32, -56, -87 ], [ 21, -16, -33, 24 ], 
      [ 112, 7, -56, -33 ] ], 
  [ [ -36, -7, -13, -19 ], [ 147, -36, 133, -39 ], [ -78, -4, -42, -21 ], 
      [ 28, -26, 49, -42 ] ], 
  [ [ -5, -4, 1, -10 ], [ 84, -5, 70, 3 ], [ -21, -5, -10, -15 ], 
      [ 35, -7, 35, -10 ] ], 
  [ [ 2, -6, -10, 9 ], [ 126, 2, -63, -30 ], [ -18, -9, -4, 18 ], 
      [ 63, -6, -42, -4 ] ], 
  [ [ -28, 3, 18, 0 ], [ -63, -28, 0, 54 ], [ -30, 9, 26, -9 ], 
      [ -63, -10, 21, 26 ] ], 
  [ [ -19, 6, -18, 6 ], [ -126, -19, -42, -54 ], [ -6, 12, -19, 18 ], 
      [ -84, -2, -42, -19 ] ] ])),rec(TheMatrixStab:=Group([ [ [ -1, 0, 0, 0 ], [ 0, -1, 0, 0 ], [ 0, 0, -1, 0 ], [ 0, 0, 0, -1 ] ], 
  [ [ 1, 0, 0, 0 ], [ 0, 1, 0, 0 ], [ 0, 0, 1, 0 ], [ 0, 0, 0, 1 ] ] ]),TheRotSubgroup:=Group([ [ [ -1, 0, 0, 0 ], [ 0, -1, 0, 0 ], [ 0, 0, -1, 0 ], [ 0, 0, 0, -1 ] ], 
  [ [ 1, 0, 0, 0 ], [ 0, 1, 0, 0 ], [ 0, 0, 1, 0 ], [ 0, 0, 0, 1 ] ] ]),BoundaryImage:=rec(ListIFace:=[ 2, 7, 4 ],ListSign:=[ 1, 1, -1 ],ListElt:=[ [ [ -1, 0, 0, 0 ], [ 0, -1, 0, 0 ], [ 0, 0, -1, 0 ], [ 0, 0, 0, -1 ] ], 
  [ [ -6, 1, 5, -1 ], [ -21, -6, 7, 15 ], [ -6, 2, 6, -3 ], [ -14, -2, 7, 6 ] 
     ], [ [ 1, 0, 0, 0 ], [ 0, 1, 0, 0 ], [ 0, 0, 1, 0 ], [ 0, 0, 0, 1 ] ] ])),rec(TheMatrixStab:=Group([ [ [ -1, 0, 0, 0 ], [ 0, -1, 0, 0 ], [ 0, 0, -1, 0 ], [ 0, 0, 0, -1 ] ], 
  [ [ 1, 0, 0, 0 ], [ 0, 1, 0, 0 ], [ 0, 0, 1, 0 ], [ 0, 0, 0, 1 ] ] ]),TheRotSubgroup:=Group([ [ [ -1, 0, 0, 0 ], [ 0, -1, 0, 0 ], [ 0, 0, -1, 0 ], [ 0, 0, 0, -1 ] ], 
  [ [ 1, 0, 0, 0 ], [ 0, 1, 0, 0 ], [ 0, 0, 1, 0 ], [ 0, 0, 0, 1 ] ] ]),BoundaryImage:=rec(ListIFace:=[ 3, 5, 8 ],ListSign:=[ 1, -1, -1 ],ListElt:=[ [ [ 1, 0, 0, 0 ], [ 0, 1, 0, 0 ], [ 0, 0, 1, 0 ], [ 0, 0, 0, 1 ] ], 
  [ [ 1, 0, 0, 0 ], [ 0, 1, 0, 0 ], [ 0, 0, 1, 0 ], [ 0, 0, 0, 1 ] ], 
  [ [ 6, -1, 5, -1 ], [ 21, 6, 7, 15 ], [ -6, 2, -6, 3 ], [ -14, -2, -7, -6 ] 
     ] ])),rec(TheMatrixStab:=Group([ [ [ -1, 0, 0, 0 ], [ 0, -1, 0, 0 ], [ 0, 0, -1, 0 ], [ 0, 0, 0, -1 ] ], 
  [ [ 1, 0, 0, 0 ], [ 0, 1, 0, 0 ], [ 0, 0, 1, 0 ], [ 0, 0, 0, 1 ] ] ]),TheRotSubgroup:=Group([ [ [ -1, 0, 0, 0 ], [ 0, -1, 0, 0 ], [ 0, 0, -1, 0 ], [ 0, 0, 0, -1 ] ], 
  [ [ 1, 0, 0, 0 ], [ 0, 1, 0, 0 ], [ 0, 0, 1, 0 ], [ 0, 0, 0, 1 ] ] ]),BoundaryImage:=rec(ListIFace:=[ 2, 11, 6, 18, 10, 5, 9, 4, 6, 17, 3, 12 ],ListSign:=[ 1, 1, -1, -1, -1, -1, -1, -1, 1, -1, 1, 1 ],ListElt:=[ [ [ 1, 0, 0, 0 ], [ 0, 1, 0, 0 ], [ 0, 0, 1, 0 ], [ 0, 0, 0, 1 ] ], 
  [ [ -1, 0, 0, 0 ], [ 0, -1, 0, 0 ], [ 0, 0, -1, 0 ], [ 0, 0, 0, -1 ] ], 
  [ [ 2, 0, -1, 0 ], [ 0, 2, 0, -3 ], [ 3, 0, -1, 0 ], [ 0, 1, 0, -1 ] ], 
  [ [ -4, -7, 7, -13 ], [ 147, -4, 91, 21 ], [ -12, -9, 5, -18 ], 
      [ 63, -4, 42, 5 ] ], 
  [ [ -1, -4, 4, -7 ], [ 84, -1, 49, 12 ], [ -3, -5, 4, -9 ], 
      [ 35, -1, 21, 4 ] ], 
  [ [ -2, 0, -1, 0 ], [ 0, -2, 0, -3 ], [ -3, 0, -2, 0 ], [ 0, -1, 0, -2 ] ], 
  [ [ 4, -1, -4, 1 ], [ 21, 4, -7, -12 ], [ 9, -1, -7, 0 ], [ 7, 3, 0, -7 ] ],
  [ [ -2, 0, 3, 0 ], [ 0, -2, 0, 9 ], [ -3, 0, 4, 0 ], [ 0, -1, 0, 4 ] ], 
  [ [ -2, 0, 3, 0 ], [ 0, -2, 0, 9 ], [ -3, 0, 4, 0 ], [ 0, -1, 0, 4 ] ], 
  [ [ -4, 1, 4, -1 ], [ -21, -4, 7, 12 ], [ -9, 1, 7, 0 ], [ -7, -3, 0, 7 ] ],
  [ [ -5, 0, -4, 0 ], [ 0, -5, 0, -12 ], [ -6, 0, -5, 0 ], [ 0, -2, 0, -5 ] ],
  [ [ -5, 0, -4, 0 ], [ 0, -5, 0, -12 ], [ -6, 0, -5, 0 ], [ 0, -2, 0, -5 ] ] 
 ])),rec(TheMatrixStab:=Group([ [ [ -1, 0, 0, 0 ], [ 0, -1, 0, 0 ], [ 0, 0, -1, 0 ], [ 0, 0, 0, -1 ] ], 
  [ [ 1, 0, 0, 0 ], [ 0, 1, 0, 0 ], [ 0, 0, 1, 0 ], [ 0, 0, 0, 1 ] ] ]),TheRotSubgroup:=Group([ [ [ -1, 0, 0, 0 ], [ 0, -1, 0, 0 ], [ 0, 0, -1, 0 ], [ 0, 0, 0, -1 ] ], 
  [ [ 1, 0, 0, 0 ], [ 0, 1, 0, 0 ], [ 0, 0, 1, 0 ], [ 0, 0, 0, 1 ] ] ]),BoundaryImage:=rec(ListIFace:=[ 2, 4, 8 ],ListSign:=[ 1, -1, 1 ],ListElt:=[ [ [ -1, 0, 0, 0 ], [ 0, -1, 0, 0 ], [ 0, 0, -1, 0 ], [ 0, 0, 0, -1 ] ], 
  [ [ 2, 0, -1, 0 ], [ 0, 2, 0, -3 ], [ 3, 0, -1, 0 ], [ 0, 1, 0, -1 ] ], 
  [ [ 7, 0, 4, 1 ], [ 0, 7, -7, 12 ], [ 12, -1, 8, 0 ], [ 7, 4, 0, 8 ] ] ])),rec(TheMatrixStab:=Group([ [ [ -1, 0, 0, 0 ], [ 0, -1, 0, 0 ], [ 0, 0, -1, 0 ], [ 0, 0, 0, -1 ] ], 
  [ [ 1, 0, 0, 0 ], [ 0, 1, 0, 0 ], [ 0, 0, 1, 0 ], [ 0, 0, 0, 1 ] ] ]),TheRotSubgroup:=Group([ [ [ -1, 0, 0, 0 ], [ 0, -1, 0, 0 ], [ 0, 0, -1, 0 ], [ 0, 0, 0, -1 ] ], 
  [ [ 1, 0, 0, 0 ], [ 0, 1, 0, 0 ], [ 0, 0, 1, 0 ], [ 0, 0, 0, 1 ] ] ]),BoundaryImage:=rec(ListIFace:=[ 3, 5, 7 ],ListSign:=[ 1, -1, -1 ],ListElt:=[ [ [ -1, 0, 0, 0 ], [ 0, -1, 0, 0 ], [ 0, 0, -1, 0 ], [ 0, 0, 0, -1 ] ], 
  [ [ -2, 0, -1, 0 ], [ 0, -2, 0, -3 ], [ 3, 0, 1, 0 ], [ 0, 1, 0, 1 ] ], 
  [ [ -7, 0, 4, 1 ], [ 0, -7, -7, 12 ], [ 12, -1, -8, 0 ], [ 7, 4, 0, -8 ] ] ])),rec(TheMatrixStab:=Group([ [ [ -1, 0, 0, 0 ], [ 0, -1, 0, 0 ], [ 0, 0, -1, 0 ], [ 0, 0, 0, -1 ] ], 
  [ [ 1, 0, 0, 0 ], [ 0, 1, 0, 0 ], [ 0, 0, 1, 0 ], [ 0, 0, 0, 1 ] ] ]),TheRotSubgroup:=Group([ [ [ -1, 0, 0, 0 ], [ 0, -1, 0, 0 ], [ 0, 0, -1, 0 ], [ 0, 0, 0, -1 ] ], 
  [ [ 1, 0, 0, 0 ], [ 0, 1, 0, 0 ], [ 0, 0, 1, 0 ], [ 0, 0, 0, 1 ] ] ]),BoundaryImage:=rec(ListIFace:=[ 7, 9, 13, 11, 8, 12, 10, 14 ],ListSign:=[ 1, -1, -1, 1, -1, 1, -1, -1 ],ListElt:=[ [ [ -1, 0, 0, 0 ], [ 0, -1, 0, 0 ], [ 0, 0, -1, 0 ], [ 0, 0, 0, -1 ] ], 
  [ [ 6, -1, -5, 1 ], [ 21, 6, -7, -15 ], [ 6, -2, -6, 3 ], [ 14, 2, -7, -6 ] 
     ], [ [ -64, 1, 38, 10 ], [ -21, -64, -70, 114 ], [ -87, 11, 64, -3 ], 
      [ -77, -29, 7, 64 ] ], 
  [ [ 17, 3, -10, -7 ], [ -63, 17, 49, -30 ], [ 33, 2, -21, -6 ], 
      [ -14, 11, 14, -21 ] ], 
  [ [ 50, -3, 33, 3 ], [ 63, 50, -21, 99 ], [ 63, -11, 50, -9 ], 
      [ 77, 21, 21, 50 ] ], 
  [ [ -10, 2, -9, 2 ], [ -42, -10, -14, -27 ], [ -9, 4, -11, 6 ], 
      [ -28, -3, -14, -11 ] ], 
  [ [ 50, -3, 33, 3 ], [ 63, 50, -21, 99 ], [ 63, -11, 50, -9 ], 
      [ 77, 21, 21, 50 ] ], 
  [ [ 35, 34, -23, 65 ], [ -714, 35, -455, -69 ], [ 144, 44, 27, 102 ], 
      [ -308, 48, -238, 27 ] ] ])),rec(TheMatrixStab:=Group([ [ [ -1, 0, 0, 0 ], [ 0, -1, 0, 0 ], [ 0, 0, -1, 0 ], [ 0, 0, 0, -1 ] ], 
  [ [ 1, 0, 0, 0 ], [ 0, 1, 0, 0 ], [ 0, 0, 1, 0 ], [ 0, 0, 0, 1 ] ] ]),TheRotSubgroup:=Group([ [ [ -1, 0, 0, 0 ], [ 0, -1, 0, 0 ], [ 0, 0, -1, 0 ], [ 0, 0, 0, -1 ] ], 
  [ [ 1, 0, 0, 0 ], [ 0, 1, 0, 0 ], [ 0, 0, 1, 0 ], [ 0, 0, 0, 1 ] ] ]),BoundaryImage:=rec(ListIFace:=[ 7, 11, 13, 10, 9, 14, 8, 12 ],ListSign:=[ 1, -1, 1, 1, 1, 1, -1, -1 ],ListElt:=[ [ [ -1, 0, 0, 0 ], [ 0, -1, 0, 0 ], [ 0, 0, -1, 0 ], [ 0, 0, 0, -1 ] ], 
  [ [ -1, 0, 0, 0 ], [ 0, -1, 0, 0 ], [ 0, 0, -1, 0 ], [ 0, 0, 0, -1 ] ], 
  [ [ -55, -18, 9, 41 ], [ 378, -55, -287, 27 ], [ -108, -20, 37, 54 ], 
      [ 140, -36, -126, 37 ] ], 
  [ [ -8, 0, -4, -1 ], [ 0, -8, 7, -12 ], [ -12, 1, -7, 0 ], 
      [ -7, -4, 0, -7 ] ], 
  [ [ 3, -7, -10, 11 ], [ 147, 3, -77, -30 ], [ -9, -10, -7, 18 ], 
      [ 70, -3, -42, -7 ] ], 
  [ [ 68, -7, 48, 0 ], [ 147, 68, 0, 144 ], [ 81, -17, 68, -15 ], 
      [ 119, 27, 35, 68 ] ], 
  [ [ -22, 5, -19, 7 ], [ -105, -22, -49, -57 ], [ -21, 9, -22, 15 ], 
      [ -63, -7, -35, -22 ] ], 
  [ [ -22, 5, -19, 7 ], [ -105, -22, -49, -57 ], [ -21, 9, -22, 15 ], 
      [ -63, -7, -35, -22 ] ] ])),rec(TheMatrixStab:=Group([ [ [ -1, 0, 0, 0 ], [ 0, -1, 0, 0 ], [ 0, 0, -1, 0 ], [ 0, 0, 0, -1 ] ], 
  [ [ 1, 0, 0, 0 ], [ 0, 1, 0, 0 ], [ 0, 0, 1, 0 ], [ 0, 0, 0, 1 ] ] ]),TheRotSubgroup:=Group([ [ [ -1, 0, 0, 0 ], [ 0, -1, 0, 0 ], [ 0, 0, -1, 0 ], [ 0, 0, 0, -1 ] ], 
  [ [ 1, 0, 0, 0 ], [ 0, 1, 0, 0 ], [ 0, 0, 1, 0 ], [ 0, 0, 0, 1 ] ] ]),BoundaryImage:=rec(ListIFace:=[ 13, 15, 16, 14 ],ListSign:=[ 1, -1, -1, 1 ],ListElt:=[ [ [ 1, 0, 0, 0 ], [ 0, 1, 0, 0 ], [ 0, 0, 1, 0 ], [ 0, 0, 0, 1 ] ], 
  [ [ -33, 8, 29, -8 ], [ -168, -33, 56, 87 ], [ -21, 16, 32, -24 ], 
      [ -112, -7, 56, 32 ] ], 
  [ [ -229, 58, -207, 58 ], [ -1218, -229, -406, -621 ], 
      [ -144, 116, -233, 174 ], [ -812, -48, -406, -233 ] ], 
  [ [ 7, 77, -93, 134 ], [ -1617, 7, -938, -279 ], [ 249, 108, 7, 231 ], 
      [ -756, 83, -539, 7 ] ] ])),rec(TheMatrixStab:=Group([ [ [ -1, 0, 0, 0 ], [ 0, -1, 0, 0 ], [ 0, 0, -1, 0 ], [ 0, 0, 0, -1 ] ], 
  [ [ 1, 0, 0, 0 ], [ 0, 1, 0, 0 ], [ 0, 0, 1, 0 ], [ 0, 0, 0, 1 ] ] ]),TheRotSubgroup:=Group([ [ [ -1, 0, 0, 0 ], [ 0, -1, 0, 0 ], [ 0, 0, -1, 0 ], [ 0, 0, 0, -1 ] ], 
  [ [ 1, 0, 0, 0 ], [ 0, 1, 0, 0 ], [ 0, 0, 1, 0 ], [ 0, 0, 0, 1 ] ] ]),BoundaryImage:=rec(ListIFace:=[ 13, 17, 14, 18 ],ListSign:=[ 1, -1, 1, -1 ],ListElt:=[ [ [ -1, 0, 0, 0 ], [ 0, -1, 0, 0 ], [ 0, 0, -1, 0 ], [ 0, 0, 0, -1 ] ], 
  [ [ 5, 14, 15, -25 ], [ -294, 5, 175, 45 ], [ 51, 19, -5, -42 ], 
      [ -133, 17, 98, -5 ] ], 
  [ [ -65, -77, 60, -145 ], [ 1617, -65, 1015, 180 ], 
      [ -330, -99, -65, -231 ], [ 693, -110, 539, -65 ] ], 
  [ [ 133, 16, 57, 54 ], [ -336, 133, -378, 171 ], [ 237, 3, 136, 51 ], 
      [ -21, 79, -119, 136 ] ] ]))]];