HAP_GCOMPLEX_SETUP:=[false]; 
HAP_GCOMPLEX_LIST:=[[rec(TheMatrixStab:=Group([ [ [ -5, 0, 3, 1 ], [ 0, -5, -2, 8 ], [ -8, 1, 5, 0 ], [ -2, -3, 0, 5 ] ], 
  [ [ -4, 0, 2, 1 ], [ 0, -4, -3, 5 ], [ -5, 1, 3, 0 ], [ -3, -2, 0, 3 ] ], 
  [ [ -3, -1, 1, 2 ], [ 14, -3, -9, 1 ], [ -7, -1, 3, 3 ], [ 7, -2, -5, 1 ] ],
  [ [ -3, 0, 2, 1 ], [ 0, -3, -3, 5 ], [ -5, 1, 4, 0 ], [ -3, -2, 0, 4 ] ], 
  [ [ -3, 1, 2, -1 ], [ -14, -3, 7, 7 ], [ -1, 2, 1, -3 ], [ -9, -1, 5, 3 ] ],
  [ [ -2, -1, 1, 2 ], [ 14, -2, -9, 1 ], [ -7, -1, 4, 3 ], [ 7, -2, -5, 2 ] ],
  [ [ -2, 0, 1, 0 ], [ 0, -2, 1, 3 ], [ -3, 0, 1, 0 ], [ 1, -1, 0, 1 ] ], 
  [ [ -2, 1, 2, -1 ], [ -14, -2, 7, 7 ], [ -1, 2, 2, -3 ], [ -9, -1, 5, 4 ] ],
  [ [ -1, -1, 0, 2 ], [ 14, -1, -10, -2 ], [ -4, -1, 2, 3 ], [ 6, -1, -5, 0 ] 
     ], [ [ -1, 0, 0, 0 ], [ 0, -1, 0, 0 ], [ 0, 0, -1, 0 ], [ 0, 0, 0, -1 ] ]
    , [ [ -1, 0, 1, 0 ], [ 0, -1, 1, 3 ], [ -3, 0, 2, 0 ], [ 1, -1, 0, 2 ] ], 
  [ [ -1, 1, 1, -1 ], [ -14, -1, 6, 4 ], [ 2, 2, 0, -3 ], [ -10, 0, 5, 2 ] ], 
  [ [ 1, -1, -1, 1 ], [ 14, 1, -6, -4 ], [ -2, -2, 0, 3 ], [ 10, 0, -5, -2 ] ]
    , [ [ 1, 0, -1, 0 ], [ 0, 1, -1, -3 ], [ 3, 0, -2, 0 ], [ -1, 1, 0, -2 ] ]
    , [ [ 1, 0, 0, 0 ], [ 0, 1, 0, 0 ], [ 0, 0, 1, 0 ], [ 0, 0, 0, 1 ] ], 
  [ [ 1, 1, 0, -2 ], [ -14, 1, 10, 2 ], [ 4, 1, -2, -3 ], [ -6, 1, 5, 0 ] ], 
  [ [ 2, -1, -2, 1 ], [ 14, 2, -7, -7 ], [ 1, -2, -2, 3 ], [ 9, 1, -5, -4 ] ],
  [ [ 2, 0, -1, 0 ], [ 0, 2, -1, -3 ], [ 3, 0, -1, 0 ], [ -1, 1, 0, -1 ] ], 
  [ [ 2, 1, -1, -2 ], [ -14, 2, 9, -1 ], [ 7, 1, -4, -3 ], [ -7, 2, 5, -2 ] ],
  [ [ 3, -1, -2, 1 ], [ 14, 3, -7, -7 ], [ 1, -2, -1, 3 ], [ 9, 1, -5, -3 ] ],
  [ [ 3, 0, -2, -1 ], [ 0, 3, 3, -5 ], [ 5, -1, -4, 0 ], [ 3, 2, 0, -4 ] ], 
  [ [ 3, 1, -1, -2 ], [ -14, 3, 9, -1 ], [ 7, 1, -3, -3 ], [ -7, 2, 5, -1 ] ],
  [ [ 4, 0, -2, -1 ], [ 0, 4, 3, -5 ], [ 5, -1, -3, 0 ], [ 3, 2, 0, -3 ] ], 
  [ [ 5, 0, -3, -1 ], [ 0, 5, 2, -8 ], [ 8, -1, -5, 0 ], [ 2, 3, 0, -5 ] ] ]),TheRotSubgroup:=Group([ [ [ -5, 0, 3, 1 ], [ 0, -5, -2, 8 ], [ -8, 1, 5, 0 ], [ -2, -3, 0, 5 ] ], 
  [ [ -4, 0, 2, 1 ], [ 0, -4, -3, 5 ], [ -5, 1, 3, 0 ], [ -3, -2, 0, 3 ] ], 
  [ [ -3, -1, 1, 2 ], [ 14, -3, -9, 1 ], [ -7, -1, 3, 3 ], [ 7, -2, -5, 1 ] ],
  [ [ -3, 0, 2, 1 ], [ 0, -3, -3, 5 ], [ -5, 1, 4, 0 ], [ -3, -2, 0, 4 ] ], 
  [ [ -3, 1, 2, -1 ], [ -14, -3, 7, 7 ], [ -1, 2, 1, -3 ], [ -9, -1, 5, 3 ] ],
  [ [ -2, -1, 1, 2 ], [ 14, -2, -9, 1 ], [ -7, -1, 4, 3 ], [ 7, -2, -5, 2 ] ],
  [ [ -2, 0, 1, 0 ], [ 0, -2, 1, 3 ], [ -3, 0, 1, 0 ], [ 1, -1, 0, 1 ] ], 
  [ [ -2, 1, 2, -1 ], [ -14, -2, 7, 7 ], [ -1, 2, 2, -3 ], [ -9, -1, 5, 4 ] ],
  [ [ -1, -1, 0, 2 ], [ 14, -1, -10, -2 ], [ -4, -1, 2, 3 ], [ 6, -1, -5, 0 ] 
     ], [ [ -1, 0, 0, 0 ], [ 0, -1, 0, 0 ], [ 0, 0, -1, 0 ], [ 0, 0, 0, -1 ] ]
    , [ [ -1, 0, 1, 0 ], [ 0, -1, 1, 3 ], [ -3, 0, 2, 0 ], [ 1, -1, 0, 2 ] ], 
  [ [ -1, 1, 1, -1 ], [ -14, -1, 6, 4 ], [ 2, 2, 0, -3 ], [ -10, 0, 5, 2 ] ], 
  [ [ 1, -1, -1, 1 ], [ 14, 1, -6, -4 ], [ -2, -2, 0, 3 ], [ 10, 0, -5, -2 ] ]
    , [ [ 1, 0, -1, 0 ], [ 0, 1, -1, -3 ], [ 3, 0, -2, 0 ], [ -1, 1, 0, -2 ] ]
    , [ [ 1, 0, 0, 0 ], [ 0, 1, 0, 0 ], [ 0, 0, 1, 0 ], [ 0, 0, 0, 1 ] ], 
  [ [ 1, 1, 0, -2 ], [ -14, 1, 10, 2 ], [ 4, 1, -2, -3 ], [ -6, 1, 5, 0 ] ], 
  [ [ 2, -1, -2, 1 ], [ 14, 2, -7, -7 ], [ 1, -2, -2, 3 ], [ 9, 1, -5, -4 ] ],
  [ [ 2, 0, -1, 0 ], [ 0, 2, -1, -3 ], [ 3, 0, -1, 0 ], [ -1, 1, 0, -1 ] ], 
  [ [ 2, 1, -1, -2 ], [ -14, 2, 9, -1 ], [ 7, 1, -4, -3 ], [ -7, 2, 5, -2 ] ],
  [ [ 3, -1, -2, 1 ], [ 14, 3, -7, -7 ], [ 1, -2, -1, 3 ], [ 9, 1, -5, -3 ] ],
  [ [ 3, 0, -2, -1 ], [ 0, 3, 3, -5 ], [ 5, -1, -4, 0 ], [ 3, 2, 0, -4 ] ], 
  [ [ 3, 1, -1, -2 ], [ -14, 3, 9, -1 ], [ 7, 1, -3, -3 ], [ -7, 2, 5, -1 ] ],
  [ [ 4, 0, -2, -1 ], [ 0, 4, 3, -5 ], [ 5, -1, -3, 0 ], [ 3, 2, 0, -3 ] ], 
  [ [ 5, 0, -3, -1 ], [ 0, 5, 2, -8 ], [ 8, -1, -5, 0 ], [ 2, 3, 0, -5 ] ] ]),BoundaryImage:=rec(ListIFace:=[  ],ListSign:=[  ],ListElt:=[  ])),rec(TheMatrixStab:=Group([ [ [ -93, 0, 55, 17 ], [ 0, -93, -30, 148 ], [ -148, 17, 93, 0 ], 
      [ -30, -55, 0, 93 ] ], 
  [ [ -90, 0, 53, 16 ], [ 0, -90, -27, 143 ], [ -143, 16, 89, 0 ], 
      [ -27, -53, 0, 89 ] ], 
  [ [ -89, 0, 53, 16 ], [ 0, -89, -27, 143 ], [ -143, 16, 90, 0 ], 
      [ -27, -53, 0, 90 ] ], 
  [ [ -47, -21, 21, 42 ], [ 294, -47, -189, 21 ], [ -127, -25, 67, 63 ], 
      [ 159, -34, -105, 25 ] ], 
  [ [ -47, 21, 34, -25 ], [ -294, -47, 159, 127 ], [ -21, 42, 25, -63 ], 
      [ -189, -21, 105, 67 ] ], 
  [ [ -46, -21, 21, 42 ], [ 294, -46, -189, 21 ], [ -127, -25, 68, 63 ], 
      [ 159, -34, -105, 26 ] ], 
  [ [ -46, 21, 34, -25 ], [ -294, -46, 159, 127 ], [ -21, 42, 26, -63 ], 
      [ -189, -21, 105, 68 ] ], 
  [ [ -43, -21, 19, 41 ], [ 294, -43, -186, 16 ], [ -122, -26, 64, 63 ], 
      [ 162, -32, -105, 22 ] ], 
  [ [ -43, 21, 32, -26 ], [ -294, -43, 162, 122 ], [ -16, 41, 22, -63 ], 
      [ -186, -19, 105, 64 ] ], 
  [ [ -4, 0, 2, 1 ], [ 0, -4, -3, 5 ], [ -5, 1, 3, 0 ], [ -3, -2, 0, 3 ] ], 
  [ [ -3, 0, 2, 1 ], [ 0, -3, -3, 5 ], [ -5, 1, 4, 0 ], [ -3, -2, 0, 4 ] ], 
  [ [ -1, 0, 0, 0 ], [ 0, -1, 0, 0 ], [ 0, 0, -1, 0 ], [ 0, 0, 0, -1 ] ], 
  [ [ 1, 0, 0, 0 ], [ 0, 1, 0, 0 ], [ 0, 0, 1, 0 ], [ 0, 0, 0, 1 ] ], 
  [ [ 3, 0, -2, -1 ], [ 0, 3, 3, -5 ], [ 5, -1, -4, 0 ], [ 3, 2, 0, -4 ] ], 
  [ [ 4, 0, -2, -1 ], [ 0, 4, 3, -5 ], [ 5, -1, -3, 0 ], [ 3, 2, 0, -3 ] ], 
  [ [ 43, -21, -32, 26 ], [ 294, 43, -162, -122 ], [ 16, -41, -22, 63 ], 
      [ 186, 19, -105, -64 ] ], 
  [ [ 43, 21, -19, -41 ], [ -294, 43, 186, -16 ], [ 122, 26, -64, -63 ], 
      [ -162, 32, 105, -22 ] ], 
  [ [ 46, -21, -34, 25 ], [ 294, 46, -159, -127 ], [ 21, -42, -26, 63 ], 
      [ 189, 21, -105, -68 ] ], 
  [ [ 46, 21, -21, -42 ], [ -294, 46, 189, -21 ], [ 127, 25, -68, -63 ], 
      [ -159, 34, 105, -26 ] ], 
  [ [ 47, -21, -34, 25 ], [ 294, 47, -159, -127 ], [ 21, -42, -25, 63 ], 
      [ 189, 21, -105, -67 ] ], 
  [ [ 47, 21, -21, -42 ], [ -294, 47, 189, -21 ], [ 127, 25, -67, -63 ], 
      [ -159, 34, 105, -25 ] ], 
  [ [ 89, 0, -53, -16 ], [ 0, 89, 27, -143 ], [ 143, -16, -90, 0 ], 
      [ 27, 53, 0, -90 ] ], 
  [ [ 90, 0, -53, -16 ], [ 0, 90, 27, -143 ], [ 143, -16, -89, 0 ], 
      [ 27, 53, 0, -89 ] ], 
  [ [ 93, 0, -55, -17 ], [ 0, 93, 30, -148 ], [ 148, -17, -93, 0 ], 
      [ 30, 55, 0, -93 ] ] ]),TheRotSubgroup:=Group([ [ [ -93, 0, 55, 17 ], [ 0, -93, -30, 148 ], [ -148, 17, 93, 0 ], 
      [ -30, -55, 0, 93 ] ], 
  [ [ -90, 0, 53, 16 ], [ 0, -90, -27, 143 ], [ -143, 16, 89, 0 ], 
      [ -27, -53, 0, 89 ] ], 
  [ [ -89, 0, 53, 16 ], [ 0, -89, -27, 143 ], [ -143, 16, 90, 0 ], 
      [ -27, -53, 0, 90 ] ], 
  [ [ -47, -21, 21, 42 ], [ 294, -47, -189, 21 ], [ -127, -25, 67, 63 ], 
      [ 159, -34, -105, 25 ] ], 
  [ [ -47, 21, 34, -25 ], [ -294, -47, 159, 127 ], [ -21, 42, 25, -63 ], 
      [ -189, -21, 105, 67 ] ], 
  [ [ -46, -21, 21, 42 ], [ 294, -46, -189, 21 ], [ -127, -25, 68, 63 ], 
      [ 159, -34, -105, 26 ] ], 
  [ [ -46, 21, 34, -25 ], [ -294, -46, 159, 127 ], [ -21, 42, 26, -63 ], 
      [ -189, -21, 105, 68 ] ], 
  [ [ -43, -21, 19, 41 ], [ 294, -43, -186, 16 ], [ -122, -26, 64, 63 ], 
      [ 162, -32, -105, 22 ] ], 
  [ [ -43, 21, 32, -26 ], [ -294, -43, 162, 122 ], [ -16, 41, 22, -63 ], 
      [ -186, -19, 105, 64 ] ], 
  [ [ -4, 0, 2, 1 ], [ 0, -4, -3, 5 ], [ -5, 1, 3, 0 ], [ -3, -2, 0, 3 ] ], 
  [ [ -3, 0, 2, 1 ], [ 0, -3, -3, 5 ], [ -5, 1, 4, 0 ], [ -3, -2, 0, 4 ] ], 
  [ [ -1, 0, 0, 0 ], [ 0, -1, 0, 0 ], [ 0, 0, -1, 0 ], [ 0, 0, 0, -1 ] ], 
  [ [ 1, 0, 0, 0 ], [ 0, 1, 0, 0 ], [ 0, 0, 1, 0 ], [ 0, 0, 0, 1 ] ], 
  [ [ 3, 0, -2, -1 ], [ 0, 3, 3, -5 ], [ 5, -1, -4, 0 ], [ 3, 2, 0, -4 ] ], 
  [ [ 4, 0, -2, -1 ], [ 0, 4, 3, -5 ], [ 5, -1, -3, 0 ], [ 3, 2, 0, -3 ] ], 
  [ [ 43, -21, -32, 26 ], [ 294, 43, -162, -122 ], [ 16, -41, -22, 63 ], 
      [ 186, 19, -105, -64 ] ], 
  [ [ 43, 21, -19, -41 ], [ -294, 43, 186, -16 ], [ 122, 26, -64, -63 ], 
      [ -162, 32, 105, -22 ] ], 
  [ [ 46, -21, -34, 25 ], [ 294, 46, -159, -127 ], [ 21, -42, -26, 63 ], 
      [ 189, 21, -105, -68 ] ], 
  [ [ 46, 21, -21, -42 ], [ -294, 46, 189, -21 ], [ 127, 25, -68, -63 ], 
      [ -159, 34, 105, -26 ] ], 
  [ [ 47, -21, -34, 25 ], [ 294, 47, -159, -127 ], [ 21, -42, -25, 63 ], 
      [ 189, 21, -105, -67 ] ], 
  [ [ 47, 21, -21, -42 ], [ -294, 47, 189, -21 ], [ 127, 25, -67, -63 ], 
      [ -159, 34, 105, -25 ] ], 
  [ [ 89, 0, -53, -16 ], [ 0, 89, 27, -143 ], [ 143, -16, -90, 0 ], 
      [ 27, 53, 0, -90 ] ], 
  [ [ 90, 0, -53, -16 ], [ 0, 90, 27, -143 ], [ 143, -16, -89, 0 ], 
      [ 27, 53, 0, -89 ] ], 
  [ [ 93, 0, -55, -17 ], [ 0, 93, 30, -148 ], [ 148, -17, -93, 0 ], 
      [ 30, 55, 0, -93 ] ] ]),BoundaryImage:=rec(ListIFace:=[  ],ListSign:=[  ],ListElt:=[  ])),rec(TheMatrixStab:=Group([ [ [ -29, -17, 6, 34 ], [ 238, -29, -164, -16 ], [ -95, -17, 46, 51 ], 
      [ 111, -26, -85, 12 ] ], 
  [ [ -1, 0, 0, 0 ], [ 0, -1, 0, 0 ], [ 0, 0, -1, 0 ], [ 0, 0, 0, -1 ] ], 
  [ [ 1, 0, 0, 0 ], [ 0, 1, 0, 0 ], [ 0, 0, 1, 0 ], [ 0, 0, 0, 1 ] ], 
  [ [ 29, 17, -6, -34 ], [ -238, 29, 164, 16 ], [ 95, 17, -46, -51 ], 
      [ -111, 26, 85, -12 ] ] ]),TheRotSubgroup:=Group([ [ [ -29, -17, 6, 34 ], [ 238, -29, -164, -16 ], [ -95, -17, 46, 51 ], 
      [ 111, -26, -85, 12 ] ], 
  [ [ -1, 0, 0, 0 ], [ 0, -1, 0, 0 ], [ 0, 0, -1, 0 ], [ 0, 0, 0, -1 ] ], 
  [ [ 1, 0, 0, 0 ], [ 0, 1, 0, 0 ], [ 0, 0, 1, 0 ], [ 0, 0, 0, 1 ] ], 
  [ [ 29, 17, -6, -34 ], [ -238, 29, 164, 16 ], [ 95, 17, -46, -51 ], 
      [ -111, 26, 85, -12 ] ] ]),BoundaryImage:=rec(ListIFace:=[  ],ListSign:=[  ],ListElt:=[  ])),rec(TheMatrixStab:=Group([ [ [ -97, -243, -22, 406 ], [ 3402, -97, -2052, -472 ], 
      [ -775, -367, 340, 729 ], [ 1971, -136, -1215, -146 ] ], 
  [ [ -1, 0, 0, 0 ], [ 0, -1, 0, 0 ], [ 0, 0, -1, 0 ], [ 0, 0, 0, -1 ] ], 
  [ [ 1, 0, 0, 0 ], [ 0, 1, 0, 0 ], [ 0, 0, 1, 0 ], [ 0, 0, 0, 1 ] ], 
  [ [ 97, 243, 22, -406 ], [ -3402, 97, 2052, 472 ], [ 775, 367, -340, -729 ],
      [ -1971, 136, 1215, 146 ] ] ]),TheRotSubgroup:=Group([ [ [ -97, -243, -22, 406 ], [ 3402, -97, -2052, -472 ], 
      [ -775, -367, 340, 729 ], [ 1971, -136, -1215, -146 ] ], 
  [ [ -1, 0, 0, 0 ], [ 0, -1, 0, 0 ], [ 0, 0, -1, 0 ], [ 0, 0, 0, -1 ] ], 
  [ [ 1, 0, 0, 0 ], [ 0, 1, 0, 0 ], [ 0, 0, 1, 0 ], [ 0, 0, 0, 1 ] ], 
  [ [ 97, 243, 22, -406 ], [ -3402, 97, 2052, 472 ], [ 775, 367, -340, -729 ],
      [ -1971, 136, 1215, 146 ] ] ]),BoundaryImage:=rec(ListIFace:=[  ],ListSign:=[  ],ListElt:=[  ])),rec(TheMatrixStab:=Group([ [ [ -19, 4, 12, -2 ], [ -56, -19, 22, 38 ], [ -19, 11, 15, -12 ], 
      [ -45, -10, 20, 23 ] ], 
  [ [ -15, -5, 6, 10 ], [ 70, -15, -44, 8 ], [ -41, -5, 20, 15 ], 
      [ 37, -12, -25, 10 ] ], 
  [ [ -1, -1, 0, 2 ], [ 14, -1, -10, -2 ], [ -4, -1, 2, 3 ], [ 6, -1, -5, 0 ] 
     ], [ [ -1, 0, 0, 0 ], [ 0, -1, 0, 0 ], [ 0, 0, -1, 0 ], [ 0, 0, 0, -1 ] ]
    , [ [ 1, 0, 0, 0 ], [ 0, 1, 0, 0 ], [ 0, 0, 1, 0 ], [ 0, 0, 0, 1 ] ], 
  [ [ 1, 1, 0, -2 ], [ -14, 1, 10, 2 ], [ 4, 1, -2, -3 ], [ -6, 1, 5, 0 ] ], 
  [ [ 15, 5, -6, -10 ], [ -70, 15, 44, -8 ], [ 41, 5, -20, -15 ], 
      [ -37, 12, 25, -10 ] ], 
  [ [ 19, -4, -12, 2 ], [ 56, 19, -22, -38 ], [ 19, -11, -15, 12 ], 
      [ 45, 10, -20, -23 ] ] ]),TheRotSubgroup:=Group([ [ [ -19, 4, 12, -2 ], [ -56, -19, 22, 38 ], [ -19, 11, 15, -12 ], 
      [ -45, -10, 20, 23 ] ], 
  [ [ -15, -5, 6, 10 ], [ 70, -15, -44, 8 ], [ -41, -5, 20, 15 ], 
      [ 37, -12, -25, 10 ] ], 
  [ [ -1, -1, 0, 2 ], [ 14, -1, -10, -2 ], [ -4, -1, 2, 3 ], [ 6, -1, -5, 0 ] 
     ], [ [ -1, 0, 0, 0 ], [ 0, -1, 0, 0 ], [ 0, 0, -1, 0 ], [ 0, 0, 0, -1 ] ]
    , [ [ 1, 0, 0, 0 ], [ 0, 1, 0, 0 ], [ 0, 0, 1, 0 ], [ 0, 0, 0, 1 ] ], 
  [ [ 1, 1, 0, -2 ], [ -14, 1, 10, 2 ], [ 4, 1, -2, -3 ], [ -6, 1, 5, 0 ] ], 
  [ [ 15, 5, -6, -10 ], [ -70, 15, 44, -8 ], [ 41, 5, -20, -15 ], 
      [ -37, 12, 25, -10 ] ], 
  [ [ 19, -4, -12, 2 ], [ 56, 19, -22, -38 ], [ 19, -11, -15, 12 ], 
      [ 45, 10, -20, -23 ] ] ]),BoundaryImage:=rec(ListIFace:=[  ],ListSign:=[  ],ListElt:=[  ])),rec(TheMatrixStab:=Group([ [ [ -125, -17, 70, 50 ], [ 238, -125, -180, 160 ], [ -239, -5, 142, 51 ], 
      [ 103, -78, -85, 108 ] ], 
  [ [ -47, 26, 36, -34 ], [ -364, -47, 206, 142 ], [ -11, 49, 21, -78 ], 
      [ -225, -20, 130, 73 ] ], 
  [ [ -43, 21, 32, -26 ], [ -294, -43, 162, 122 ], [ -16, 41, 22, -63 ], 
      [ -186, -19, 105, 64 ] ], 
  [ [ -1, 0, 0, 0 ], [ 0, -1, 0, 0 ], [ 0, 0, -1, 0 ], [ 0, 0, 0, -1 ] ], 
  [ [ 1, 0, 0, 0 ], [ 0, 1, 0, 0 ], [ 0, 0, 1, 0 ], [ 0, 0, 0, 1 ] ], 
  [ [ 43, -21, -32, 26 ], [ 294, 43, -162, -122 ], [ 16, -41, -22, 63 ], 
      [ 186, 19, -105, -64 ] ], 
  [ [ 47, -26, -36, 34 ], [ 364, 47, -206, -142 ], [ 11, -49, -21, 78 ], 
      [ 225, 20, -130, -73 ] ], 
  [ [ 125, 17, -70, -50 ], [ -238, 125, 180, -160 ], [ 239, 5, -142, -51 ], 
      [ -103, 78, 85, -108 ] ] ]),TheRotSubgroup:=Group([ [ [ -125, -17, 70, 50 ], [ 238, -125, -180, 160 ], [ -239, -5, 142, 51 ], 
      [ 103, -78, -85, 108 ] ], 
  [ [ -47, 26, 36, -34 ], [ -364, -47, 206, 142 ], [ -11, 49, 21, -78 ], 
      [ -225, -20, 130, 73 ] ], 
  [ [ -43, 21, 32, -26 ], [ -294, -43, 162, 122 ], [ -16, 41, 22, -63 ], 
      [ -186, -19, 105, 64 ] ], 
  [ [ -1, 0, 0, 0 ], [ 0, -1, 0, 0 ], [ 0, 0, -1, 0 ], [ 0, 0, 0, -1 ] ], 
  [ [ 1, 0, 0, 0 ], [ 0, 1, 0, 0 ], [ 0, 0, 1, 0 ], [ 0, 0, 0, 1 ] ], 
  [ [ 43, -21, -32, 26 ], [ 294, 43, -162, -122 ], [ 16, -41, -22, 63 ], 
      [ 186, 19, -105, -64 ] ], 
  [ [ 47, -26, -36, 34 ], [ 364, 47, -206, -142 ], [ 11, -49, -21, 78 ], 
      [ 225, 20, -130, -73 ] ], 
  [ [ 125, 17, -70, -50 ], [ -238, 125, 180, -160 ], [ 239, 5, -142, -51 ], 
      [ -103, 78, 85, -108 ] ] ]),BoundaryImage:=rec(ListIFace:=[  ],ListSign:=[  ],ListElt:=[  ]))],[rec(TheMatrixStab:=Group([ [ [ -1, 0, 0, 0 ], [ 0, -1, 0, 0 ], [ 0, 0, -1, 0 ], [ 0, 0, 0, -1 ] ], 
  [ [ 1, 0, 0, 0 ], [ 0, 1, 0, 0 ], [ 0, 0, 1, 0 ], [ 0, 0, 0, 1 ] ] ]),TheRotSubgroup:=Group([ [ [ -1, 0, 0, 0 ], [ 0, -1, 0, 0 ], [ 0, 0, -1, 0 ], [ 0, 0, 0, -1 ] ], 
  [ [ 1, 0, 0, 0 ], [ 0, 1, 0, 0 ], [ 0, 0, 1, 0 ], [ 0, 0, 0, 1 ] ] ]),BoundaryImage:=rec(ListIFace:=[ 1, 3 ],ListSign:=[ -1, 1 ],ListElt:=[ [ [ 1, 1, 0, -2 ], [ -14, 1, 10, 2 ], [ 4, 1, -2, -3 ], [ -6, 1, 5, 0 ] ], 
  [ [ -29, -17, 6, 34 ], [ 238, -29, -164, -16 ], [ -95, -17, 46, 51 ], 
      [ 111, -26, -85, 12 ] ] ])),rec(TheMatrixStab:=Group([ [ [ -1, 0, 0, 0 ], [ 0, -1, 0, 0 ], [ 0, 0, -1, 0 ], [ 0, 0, 0, -1 ] ], 
  [ [ 1, 0, 0, 0 ], [ 0, 1, 0, 0 ], [ 0, 0, 1, 0 ], [ 0, 0, 0, 1 ] ] ]),TheRotSubgroup:=Group([ [ [ -1, 0, 0, 0 ], [ 0, -1, 0, 0 ], [ 0, 0, -1, 0 ], [ 0, 0, 0, -1 ] ], 
  [ [ 1, 0, 0, 0 ], [ 0, 1, 0, 0 ], [ 0, 0, 1, 0 ], [ 0, 0, 0, 1 ] ] ]),BoundaryImage:=rec(ListIFace:=[ 2, 4 ],ListSign:=[ -1, 1 ],ListElt:=[ [ [ -3, 0, 2, 1 ], [ 0, -3, -3, 5 ], [ -5, 1, 4, 0 ], [ -3, -2, 0, 4 ] ], 
  [ [ -1, 0, 0, 0 ], [ 0, -1, 0, 0 ], [ 0, 0, -1, 0 ], [ 0, 0, 0, -1 ] ] ])),rec(TheMatrixStab:=Group([ [ [ -3, -1, 1, 2 ], [ 14, -3, -9, 1 ], [ -7, -1, 3, 3 ], [ 7, -2, -5, 1 ] ],
  [ [ -2, -1, 1, 2 ], [ 14, -2, -9, 1 ], [ -7, -1, 4, 3 ], [ 7, -2, -5, 2 ] ],
  [ [ -1, 0, 0, 0 ], [ 0, -1, 0, 0 ], [ 0, 0, -1, 0 ], [ 0, 0, 0, -1 ] ], 
  [ [ 1, 0, 0, 0 ], [ 0, 1, 0, 0 ], [ 0, 0, 1, 0 ], [ 0, 0, 0, 1 ] ], 
  [ [ 2, 1, -1, -2 ], [ -14, 2, 9, -1 ], [ 7, 1, -4, -3 ], [ -7, 2, 5, -2 ] ],
  [ [ 3, 1, -1, -2 ], [ -14, 3, 9, -1 ], [ 7, 1, -3, -3 ], [ -7, 2, 5, -1 ] ] 
 ]),TheRotSubgroup:=Group([ [ [ -3, -1, 1, 2 ], [ 14, -3, -9, 1 ], [ -7, -1, 3, 3 ], [ 7, -2, -5, 1 ] ],
  [ [ -2, -1, 1, 2 ], [ 14, -2, -9, 1 ], [ -7, -1, 4, 3 ], [ 7, -2, -5, 2 ] ],
  [ [ -1, 0, 0, 0 ], [ 0, -1, 0, 0 ], [ 0, 0, -1, 0 ], [ 0, 0, 0, -1 ] ], 
  [ [ 1, 0, 0, 0 ], [ 0, 1, 0, 0 ], [ 0, 0, 1, 0 ], [ 0, 0, 0, 1 ] ], 
  [ [ 2, 1, -1, -2 ], [ -14, 2, 9, -1 ], [ 7, 1, -4, -3 ], [ -7, 2, 5, -2 ] ],
  [ [ 3, 1, -1, -2 ], [ -14, 3, 9, -1 ], [ 7, 1, -3, -3 ], [ -7, 2, 5, -1 ] ] 
 ]),BoundaryImage:=rec(ListIFace:=[ 1, 2 ],ListSign:=[ -1, 1 ],ListElt:=[ [ [ 3, 1, -1, -2 ], [ -14, 3, 9, -1 ], [ 7, 1, -3, -3 ], [ -7, 2, 5, -1 ] ],
  [ [ -54, 13, 36, -11 ], [ -182, -54, 91, 119 ], [ -69, 36, 52, -45 ], 
      [ -145, -35, 75, 82 ] ] ])),rec(TheMatrixStab:=Group([ [ [ -1, -1, 0, 2 ], [ 14, -1, -10, -2 ], [ -4, -1, 2, 3 ], [ 6, -1, -5, 0 ] 
     ], [ [ -1, 0, 0, 0 ], [ 0, -1, 0, 0 ], [ 0, 0, -1, 0 ], [ 0, 0, 0, -1 ] ]
    , [ [ 1, 0, 0, 0 ], [ 0, 1, 0, 0 ], [ 0, 0, 1, 0 ], [ 0, 0, 0, 1 ] ], 
  [ [ 1, 1, 0, -2 ], [ -14, 1, 10, 2 ], [ 4, 1, -2, -3 ], [ -6, 1, 5, 0 ] ] ]),TheRotSubgroup:=Group([ [ [ -1, -1, 0, 2 ], [ 14, -1, -10, -2 ], [ -4, -1, 2, 3 ], [ 6, -1, -5, 0 ] 
     ], [ [ -1, 0, 0, 0 ], [ 0, -1, 0, 0 ], [ 0, 0, -1, 0 ], [ 0, 0, 0, -1 ] ]
    , [ [ 1, 0, 0, 0 ], [ 0, 1, 0, 0 ], [ 0, 0, 1, 0 ], [ 0, 0, 0, 1 ] ], 
  [ [ 1, 1, 0, -2 ], [ -14, 1, 10, 2 ], [ 4, 1, -2, -3 ], [ -6, 1, 5, 0 ] ] ]),BoundaryImage:=rec(ListIFace:=[ 1, 5 ],ListSign:=[ -1, 1 ],ListElt:=[ [ [ -2, 1, 2, -1 ], [ -14, -2, 7, 7 ], [ -1, 2, 2, -3 ], [ -9, -1, 5, 4 ] ],
  [ [ 1, 1, 0, -2 ], [ -14, 1, 10, 2 ], [ 4, 1, -2, -3 ], [ -6, 1, 5, 0 ] ] ])),rec(TheMatrixStab:=Group([ [ [ -43, 21, 32, -26 ], [ -294, -43, 162, 122 ], [ -16, 41, 22, -63 ], 
      [ -186, -19, 105, 64 ] ], 
  [ [ -1, 0, 0, 0 ], [ 0, -1, 0, 0 ], [ 0, 0, -1, 0 ], [ 0, 0, 0, -1 ] ], 
  [ [ 1, 0, 0, 0 ], [ 0, 1, 0, 0 ], [ 0, 0, 1, 0 ], [ 0, 0, 0, 1 ] ], 
  [ [ 43, -21, -32, 26 ], [ 294, 43, -162, -122 ], [ 16, -41, -22, 63 ], 
      [ 186, 19, -105, -64 ] ] ]),TheRotSubgroup:=Group([ [ [ -43, 21, 32, -26 ], [ -294, -43, 162, 122 ], [ -16, 41, 22, -63 ], 
      [ -186, -19, 105, 64 ] ], 
  [ [ -1, 0, 0, 0 ], [ 0, -1, 0, 0 ], [ 0, 0, -1, 0 ], [ 0, 0, 0, -1 ] ], 
  [ [ 1, 0, 0, 0 ], [ 0, 1, 0, 0 ], [ 0, 0, 1, 0 ], [ 0, 0, 0, 1 ] ], 
  [ [ 43, -21, -32, 26 ], [ 294, 43, -162, -122 ], [ 16, -41, -22, 63 ], 
      [ 186, 19, -105, -64 ] ] ]),BoundaryImage:=rec(ListIFace:=[ 2, 6 ],ListSign:=[ -1, 1 ],ListElt:=[ [ [ -46, -21, 21, 42 ], [ 294, -46, -189, 21 ], [ -127, -25, 68, 63 ], 
      [ 159, -34, -105, 26 ] ], 
  [ [ 47, -26, -36, 34 ], [ 364, 47, -206, -142 ], [ 11, -49, -21, 78 ], 
      [ 225, 20, -130, -73 ] ] ])),rec(TheMatrixStab:=Group([ [ [ -4, 0, 2, 1 ], [ 0, -4, -3, 5 ], [ -5, 1, 3, 0 ], [ -3, -2, 0, 3 ] ], 
  [ [ -3, 0, 2, 1 ], [ 0, -3, -3, 5 ], [ -5, 1, 4, 0 ], [ -3, -2, 0, 4 ] ], 
  [ [ -1, 0, 0, 0 ], [ 0, -1, 0, 0 ], [ 0, 0, -1, 0 ], [ 0, 0, 0, -1 ] ], 
  [ [ 1, 0, 0, 0 ], [ 0, 1, 0, 0 ], [ 0, 0, 1, 0 ], [ 0, 0, 0, 1 ] ], 
  [ [ 3, 0, -2, -1 ], [ 0, 3, 3, -5 ], [ 5, -1, -4, 0 ], [ 3, 2, 0, -4 ] ], 
  [ [ 4, 0, -2, -1 ], [ 0, 4, 3, -5 ], [ 5, -1, -3, 0 ], [ 3, 2, 0, -3 ] ] ]),TheRotSubgroup:=Group([ [ [ -4, 0, 2, 1 ], [ 0, -4, -3, 5 ], [ -5, 1, 3, 0 ], [ -3, -2, 0, 3 ] ], 
  [ [ -3, 0, 2, 1 ], [ 0, -3, -3, 5 ], [ -5, 1, 4, 0 ], [ -3, -2, 0, 4 ] ], 
  [ [ -1, 0, 0, 0 ], [ 0, -1, 0, 0 ], [ 0, 0, -1, 0 ], [ 0, 0, 0, -1 ] ], 
  [ [ 1, 0, 0, 0 ], [ 0, 1, 0, 0 ], [ 0, 0, 1, 0 ], [ 0, 0, 0, 1 ] ], 
  [ [ 3, 0, -2, -1 ], [ 0, 3, 3, -5 ], [ 5, -1, -4, 0 ], [ 3, 2, 0, -4 ] ], 
  [ [ 4, 0, -2, -1 ], [ 0, 4, 3, -5 ], [ 5, -1, -3, 0 ], [ 3, 2, 0, -3 ] ] ]),BoundaryImage:=rec(ListIFace:=[ 1, 2 ],ListSign:=[ -1, 1 ],ListElt:=[ [ [ 1, -1, -1, 1 ], [ 14, 1, -6, -4 ], [ -2, -2, 0, 3 ], [ 10, 0, -5, -2 ] ]
    , [ [ 46, -21, -34, 25 ], [ 294, 46, -159, -127 ], [ 21, -42, -26, 63 ], 
      [ 189, 21, -105, -68 ] ] ])),rec(TheMatrixStab:=Group([ [ [ -29, -17, 6, 34 ], [ 238, -29, -164, -16 ], [ -95, -17, 46, 51 ], 
      [ 111, -26, -85, 12 ] ], 
  [ [ -1, 0, 0, 0 ], [ 0, -1, 0, 0 ], [ 0, 0, -1, 0 ], [ 0, 0, 0, -1 ] ], 
  [ [ 1, 0, 0, 0 ], [ 0, 1, 0, 0 ], [ 0, 0, 1, 0 ], [ 0, 0, 0, 1 ] ], 
  [ [ 29, 17, -6, -34 ], [ -238, 29, 164, 16 ], [ 95, 17, -46, -51 ], 
      [ -111, 26, 85, -12 ] ] ]),TheRotSubgroup:=Group([ [ [ -29, -17, 6, 34 ], [ 238, -29, -164, -16 ], [ -95, -17, 46, 51 ], 
      [ 111, -26, -85, 12 ] ], 
  [ [ -1, 0, 0, 0 ], [ 0, -1, 0, 0 ], [ 0, 0, -1, 0 ], [ 0, 0, 0, -1 ] ], 
  [ [ 1, 0, 0, 0 ], [ 0, 1, 0, 0 ], [ 0, 0, 1, 0 ], [ 0, 0, 0, 1 ] ], 
  [ [ 29, 17, -6, -34 ], [ -238, 29, 164, 16 ], [ 95, 17, -46, -51 ], 
      [ -111, 26, 85, -12 ] ] ]),BoundaryImage:=rec(ListIFace:=[ 3, 5 ],ListSign:=[ -1, 1 ],ListElt:=[ [ [ 1, 0, 0, 0 ], [ 0, 1, 0, 0 ], [ 0, 0, 1, 0 ], [ 0, 0, 0, 1 ] ], 
  [ [ -31, -15, 10, 28 ], [ 210, -31, -130, 2 ], [ -92, -14, 44, 39 ], 
      [ 96, -26, -65, 18 ] ] ])),rec(TheMatrixStab:=Group([ [ [ -97, -243, -22, 406 ], [ 3402, -97, -2052, -472 ], 
      [ -775, -367, 340, 729 ], [ 1971, -136, -1215, -146 ] ], 
  [ [ -1, 0, 0, 0 ], [ 0, -1, 0, 0 ], [ 0, 0, -1, 0 ], [ 0, 0, 0, -1 ] ], 
  [ [ 1, 0, 0, 0 ], [ 0, 1, 0, 0 ], [ 0, 0, 1, 0 ], [ 0, 0, 0, 1 ] ], 
  [ [ 97, 243, 22, -406 ], [ -3402, 97, 2052, 472 ], [ 775, 367, -340, -729 ],
      [ -1971, 136, 1215, 146 ] ] ]),TheRotSubgroup:=Group([ [ [ -97, -243, -22, 406 ], [ 3402, -97, -2052, -472 ], 
      [ -775, -367, 340, 729 ], [ 1971, -136, -1215, -146 ] ], 
  [ [ -1, 0, 0, 0 ], [ 0, -1, 0, 0 ], [ 0, 0, -1, 0 ], [ 0, 0, 0, -1 ] ], 
  [ [ 1, 0, 0, 0 ], [ 0, 1, 0, 0 ], [ 0, 0, 1, 0 ], [ 0, 0, 0, 1 ] ], 
  [ [ 97, 243, 22, -406 ], [ -3402, 97, 2052, 472 ], [ 775, 367, -340, -729 ],
      [ -1971, 136, 1215, 146 ] ] ]),BoundaryImage:=rec(ListIFace:=[ 4, 6 ],ListSign:=[ -1, 1 ],ListElt:=[ [ [ -97, -243, -22, 406 ], [ 3402, -97, -2052, -472 ], 
      [ -775, -367, 340, 729 ], [ 1971, -136, -1215, -146 ] ], 
  [ [ -145, -116, 54, 214 ], [ 1624, -145, -1016, -52 ], 
      [ -526, -157, 271, 348 ], [ 908, -123, -580, 39 ] ] ])),rec(TheMatrixStab:=Group([ [ [ -1, 0, 0, 0 ], [ 0, -1, 0, 0 ], [ 0, 0, -1, 0 ], [ 0, 0, 0, -1 ] ], 
  [ [ 1, 0, 0, 0 ], [ 0, 1, 0, 0 ], [ 0, 0, 1, 0 ], [ 0, 0, 0, 1 ] ] ]),TheRotSubgroup:=Group([ [ [ -1, 0, 0, 0 ], [ 0, -1, 0, 0 ], [ 0, 0, -1, 0 ], [ 0, 0, 0, -1 ] ], 
  [ [ 1, 0, 0, 0 ], [ 0, 1, 0, 0 ], [ 0, 0, 1, 0 ], [ 0, 0, 0, 1 ] ] ]),BoundaryImage:=rec(ListIFace:=[ 3, 6 ],ListSign:=[ -1, 1 ],ListElt:=[ [ [ 29, 17, -6, -34 ], [ -238, 29, 164, 16 ], [ 95, 17, -46, -51 ], 
      [ -111, 26, 85, -12 ] ], 
  [ [ -74, -21, 38, 47 ], [ 294, -74, -197, 67 ], [ -169, -13, 97, 51 ], 
      [ 117, -52, -85, 63 ] ] ])),rec(TheMatrixStab:=Group([ [ [ -1, 0, 0, 0 ], [ 0, -1, 0, 0 ], [ 0, 0, -1, 0 ], [ 0, 0, 0, -1 ] ], 
  [ [ 1, 0, 0, 0 ], [ 0, 1, 0, 0 ], [ 0, 0, 1, 0 ], [ 0, 0, 0, 1 ] ] ]),TheRotSubgroup:=Group([ [ [ -1, 0, 0, 0 ], [ 0, -1, 0, 0 ], [ 0, 0, -1, 0 ], [ 0, 0, 0, -1 ] ], 
  [ [ 1, 0, 0, 0 ], [ 0, 1, 0, 0 ], [ 0, 0, 1, 0 ], [ 0, 0, 0, 1 ] ] ]),BoundaryImage:=rec(ListIFace:=[ 4, 5 ],ListSign:=[ -1, 1 ],ListElt:=[ [ [ -1, 0, 0, 0 ], [ 0, -1, 0, 0 ], [ 0, 0, -1, 0 ], [ 0, 0, 0, -1 ] ], 
  [ [ 184, -4, -101, -28 ], [ 56, 184, 39, -275 ], [ 281, -40, -167, 6 ], 
      [ 93, 107, -10, -171 ] ] ])),rec(TheMatrixStab:=Group([ [ [ -29, -17, 6, 34 ], [ 238, -29, -164, -16 ], [ -95, -17, 46, 51 ], 
      [ 111, -26, -85, 12 ] ], 
  [ [ -1, 0, 0, 0 ], [ 0, -1, 0, 0 ], [ 0, 0, -1, 0 ], [ 0, 0, 0, -1 ] ], 
  [ [ 1, 0, 0, 0 ], [ 0, 1, 0, 0 ], [ 0, 0, 1, 0 ], [ 0, 0, 0, 1 ] ], 
  [ [ 29, 17, -6, -34 ], [ -238, 29, 164, 16 ], [ 95, 17, -46, -51 ], 
      [ -111, 26, 85, -12 ] ] ]),TheRotSubgroup:=Group([ [ [ -29, -17, 6, 34 ], [ 238, -29, -164, -16 ], [ -95, -17, 46, 51 ], 
      [ 111, -26, -85, 12 ] ], 
  [ [ -1, 0, 0, 0 ], [ 0, -1, 0, 0 ], [ 0, 0, -1, 0 ], [ 0, 0, 0, -1 ] ], 
  [ [ 1, 0, 0, 0 ], [ 0, 1, 0, 0 ], [ 0, 0, 1, 0 ], [ 0, 0, 0, 1 ] ], 
  [ [ 29, 17, -6, -34 ], [ -238, 29, 164, 16 ], [ 95, 17, -46, -51 ], 
      [ -111, 26, 85, -12 ] ] ]),BoundaryImage:=rec(ListIFace:=[ 3, 5 ],ListSign:=[ -1, 1 ],ListElt:=[ [ [ 29, 17, -6, -34 ], [ -238, 29, 164, 16 ], [ 95, 17, -46, -51 ], 
      [ -111, 26, 85, -12 ] ], 
  [ [ 59, 4, -31, -17 ], [ -56, 59, 54, -76 ], [ 94, -8, -55, -6 ], 
      [ 6, 34, 10, -51 ] ] ])),rec(TheMatrixStab:=Group([ [ [ -97, -243, -22, 406 ], [ 3402, -97, -2052, -472 ], 
      [ -775, -367, 340, 729 ], [ 1971, -136, -1215, -146 ] ], 
  [ [ -1, 0, 0, 0 ], [ 0, -1, 0, 0 ], [ 0, 0, -1, 0 ], [ 0, 0, 0, -1 ] ], 
  [ [ 1, 0, 0, 0 ], [ 0, 1, 0, 0 ], [ 0, 0, 1, 0 ], [ 0, 0, 0, 1 ] ], 
  [ [ 97, 243, 22, -406 ], [ -3402, 97, 2052, 472 ], [ 775, 367, -340, -729 ],
      [ -1971, 136, 1215, 146 ] ] ]),TheRotSubgroup:=Group([ [ [ -97, -243, -22, 406 ], [ 3402, -97, -2052, -472 ], 
      [ -775, -367, 340, 729 ], [ 1971, -136, -1215, -146 ] ], 
  [ [ -1, 0, 0, 0 ], [ 0, -1, 0, 0 ], [ 0, 0, -1, 0 ], [ 0, 0, 0, -1 ] ], 
  [ [ 1, 0, 0, 0 ], [ 0, 1, 0, 0 ], [ 0, 0, 1, 0 ], [ 0, 0, 0, 1 ] ], 
  [ [ 97, 243, 22, -406 ], [ -3402, 97, 2052, 472 ], [ 775, 367, -340, -729 ],
      [ -1971, 136, 1215, 146 ] ] ]),BoundaryImage:=rec(ListIFace:=[ 4, 6 ],ListSign:=[ -1, 1 ],ListElt:=[ [ [ 1, 0, 0, 0 ], [ 0, 1, 0, 0 ], [ 0, 0, 1, 0 ], [ 0, 0, 0, 1 ] ], 
  [ [ -53, 93, 59, -143 ], [ -1302, -53, 774, 320 ], [ 154, 157, -48, -285 ], 
      [ -784, -1, 475, 142 ] ] ]))],[rec(TheMatrixStab:=Group([ [ [ -1, 0, 0, 0 ], [ 0, -1, 0, 0 ], [ 0, 0, -1, 0 ], [ 0, 0, 0, -1 ] ], 
  [ [ 1, 0, 0, 0 ], [ 0, 1, 0, 0 ], [ 0, 0, 1, 0 ], [ 0, 0, 0, 1 ] ] ]),TheRotSubgroup:=Group([ [ [ -1, 0, 0, 0 ], [ 0, -1, 0, 0 ], [ 0, 0, -1, 0 ], [ 0, 0, 0, -1 ] ], 
  [ [ 1, 0, 0, 0 ], [ 0, 1, 0, 0 ], [ 0, 0, 1, 0 ], [ 0, 0, 0, 1 ] ] ]),BoundaryImage:=rec(ListIFace:=[ 1, 7, 4, 3, 5, 8, 3, 2 ],ListSign:=[ 1, 1, -1, -1, -1, 1, 1, 1 ],ListElt:=[ [ [ 1, 0, 0, 0 ], [ 0, 1, 0, 0 ], [ 0, 0, 1, 0 ], [ 0, 0, 0, 1 ] ], 
  [ [ 1, 0, 0, 0 ], [ 0, 1, 0, 0 ], [ 0, 0, 1, 0 ], [ 0, 0, 0, 1 ] ], 
  [ [ 41, -6, -26, 0 ], [ 84, 41, -26, -78 ], [ 39, -18, -31, 18 ], 
      [ 71, 19, -30, -43 ] ], 
  [ [ -3, 0, 2, 1 ], [ 0, -3, -3, 5 ], [ -5, 1, 4, 0 ], [ -3, -2, 0, 4 ] ], 
  [ [ -3, 19, 8, -30 ], [ -266, -3, 158, 54 ], [ 56, 29, -24, -57 ], 
      [ -154, 9, 95, 14 ] ], 
  [ [ 375, -22, -230, -34 ], [ 308, 375, -60, -656 ], 
      [ 478, -119, -323, 102 ], [ 396, 199, -170, -391 ] ], 
  [ [ -21, -9, 8, 16 ], [ 126, -21, -72, 8 ], [ -59, -8, 28, 21 ], 
      [ 57, -17, -35, 14 ] ], 
  [ [ -17, -43, -4, 72 ], [ 602, -17, -364, -84 ], [ -163, -58, 78, 123 ], 
      [ 325, -35, -205, -4 ] ] ])),rec(TheMatrixStab:=Group([ [ [ -1, 0, 0, 0 ], [ 0, -1, 0, 0 ], [ 0, 0, -1, 0 ], [ 0, 0, 0, -1 ] ], 
  [ [ 1, 0, 0, 0 ], [ 0, 1, 0, 0 ], [ 0, 0, 1, 0 ], [ 0, 0, 0, 1 ] ] ]),TheRotSubgroup:=Group([ [ [ -1, 0, 0, 0 ], [ 0, -1, 0, 0 ], [ 0, 0, -1, 0 ], [ 0, 0, 0, -1 ] ], 
  [ [ 1, 0, 0, 0 ], [ 0, 1, 0, 0 ], [ 0, 0, 1, 0 ], [ 0, 0, 0, 1 ] ] ]),BoundaryImage:=rec(ListIFace:=[ 1, 9, 5, 2, 4, 10 ],ListSign:=[ 1, 1, -1, 1, -1, 1 ],ListElt:=[ [ [ 1, 0, 0, 0 ], [ 0, 1, 0, 0 ], [ 0, 0, 1, 0 ], [ 0, 0, 0, 1 ] ], 
  [ [ 1, 0, 0, 0 ], [ 0, 1, 0, 0 ], [ 0, 0, 1, 0 ], [ 0, 0, 0, 1 ] ], 
  [ [ -6, -14, -1, 24 ], [ 196, -6, -121, -27 ], [ -51, -18, 25, 39 ], 
      [ 101, -11, -65, -1 ] ], 
  [ [ -109, 7, 67, 9 ], [ -98, -109, 22, 192 ], [ -131, 34, 89, -30 ], 
      [ -115, -55, 50, 109 ] ], 
  [ [ 3, 0, -2, -1 ], [ 0, 3, 3, -5 ], [ 5, -1, -4, 0 ], [ 3, 2, 0, -4 ] ], 
  [ [ -109, 7, 67, 9 ], [ -98, -109, 22, 192 ], [ -131, 34, 89, -30 ], 
      [ -115, -55, 50, 109 ] ] ])),rec(TheMatrixStab:=Group([ [ [ -1, 0, 0, 0 ], [ 0, -1, 0, 0 ], [ 0, 0, -1, 0 ], [ 0, 0, 0, -1 ] ], 
  [ [ 1, 0, 0, 0 ], [ 0, 1, 0, 0 ], [ 0, 0, 1, 0 ], [ 0, 0, 0, 1 ] ] ]),TheRotSubgroup:=Group([ [ [ -1, 0, 0, 0 ], [ 0, -1, 0, 0 ], [ 0, 0, -1, 0 ], [ 0, 0, 0, -1 ] ], 
  [ [ 1, 0, 0, 0 ], [ 0, 1, 0, 0 ], [ 0, 0, 1, 0 ], [ 0, 0, 0, 1 ] ] ]),BoundaryImage:=rec(ListIFace:=[ 1, 11, 4, 6, 5, 12, 6, 2 ],ListSign:=[ 1, 1, -1, -1, -1, 1, 1, 1 ],ListElt:=[ [ [ -1, 0, 0, 0 ], [ 0, -1, 0, 0 ], [ 0, 0, -1, 0 ], [ 0, 0, 0, -1 ] ], 
  [ [ -1, 0, 0, 0 ], [ 0, -1, 0, 0 ], [ 0, 0, -1, 0 ], [ 0, 0, 0, -1 ] ], 
  [ [ 9, -11, -9, 15 ], [ 154, 9, -84, -42 ], [ -23, -17, 7, 30 ], 
      [ 87, -2, -50, -13 ] ], 
  [ [ 2, -1, -2, 1 ], [ 14, 2, -7, -7 ], [ 1, -2, -2, 3 ], [ 9, 1, -5, -4 ] ],
  [ [ 1, -1, -1, 1 ], [ 14, 1, -6, -4 ], [ -2, -2, 0, 3 ], [ 10, 0, -5, -2 ] ]
    , 
  [ [ -345, 16, 210, 38 ], [ -224, -345, 20, 592 ], [ -402, 99, 271, -84 ], 
      [ -328, -167, 140, 327 ] ], 
  [ [ 9, -11, -9, 15 ], [ 154, 9, -84, -42 ], [ -23, -17, 7, 30 ], 
      [ 87, -2, -50, -13 ] ], 
  [ [ -45, -45, 12, 80 ], [ 630, -45, -388, -44 ], [ -203, -50, 104, 117 ], 
      [ 301, -51, -195, 26 ] ] ])),rec(TheMatrixStab:=Group([ [ [ -1, 0, 0, 0 ], [ 0, -1, 0, 0 ], [ 0, 0, -1, 0 ], [ 0, 0, 0, -1 ] ], 
  [ [ 1, 0, 0, 0 ], [ 0, 1, 0, 0 ], [ 0, 0, 1, 0 ], [ 0, 0, 0, 1 ] ] ]),TheRotSubgroup:=Group([ [ [ -1, 0, 0, 0 ], [ 0, -1, 0, 0 ], [ 0, 0, -1, 0 ], [ 0, 0, 0, -1 ] ], 
  [ [ 1, 0, 0, 0 ], [ 0, 1, 0, 0 ], [ 0, 0, 1, 0 ], [ 0, 0, 0, 1 ] ] ]),BoundaryImage:=rec(ListIFace:=[ 1, 9, 4, 10, 2, 5 ],ListSign:=[ 1, 1, -1, 1, 1, -1 ],ListElt:=[ [ [ -1, 0, 0, 0 ], [ 0, -1, 0, 0 ], [ 0, 0, -1, 0 ], [ 0, 0, 0, -1 ] ], 
  [ [ -29, -17, 6, 34 ], [ 238, -29, -164, -16 ], [ -95, -17, 46, 51 ], 
      [ 111, -26, -85, 12 ] ], 
  [ [ -2, 0, 1, 0 ], [ 0, -2, 1, 3 ], [ -3, 0, 1, 0 ], [ 1, -1, 0, 1 ] ], 
  [ [ 159, -14, -99, -7 ], [ 196, 159, -64, -290 ], [ 170, -61, -121, 66 ], 
      [ 228, 77, -110, -165 ] ], 
  [ [ -123, 6, 75, 13 ], [ -84, -123, 10, 212 ], [ -151, 38, 102, -33 ], 
      [ -127, -63, 55, 124 ] ], 
  [ [ 87, -16, -57, 10 ], [ 224, 87, -107, -181 ], [ 68, -43, -54, 57 ], 
      [ 178, 37, -95, -92 ] ] ])),rec(TheMatrixStab:=Group([ [ [ -1, 0, 0, 0 ], [ 0, -1, 0, 0 ], [ 0, 0, -1, 0 ], [ 0, 0, 0, -1 ] ], 
  [ [ 1, 0, 0, 0 ], [ 0, 1, 0, 0 ], [ 0, 0, 1, 0 ], [ 0, 0, 0, 1 ] ] ]),TheRotSubgroup:=Group([ [ [ -1, 0, 0, 0 ], [ 0, -1, 0, 0 ], [ 0, 0, -1, 0 ], [ 0, 0, 0, -1 ] ], 
  [ [ 1, 0, 0, 0 ], [ 0, 1, 0, 0 ], [ 0, 0, 1, 0 ], [ 0, 0, 0, 1 ] ] ]),BoundaryImage:=rec(ListIFace:=[ 7, 9, 8, 10 ],ListSign:=[ 1, -1, 1, -1 ],ListElt:=[ [ [ 1, 0, 0, 0 ], [ 0, 1, 0, 0 ], [ 0, 0, 1, 0 ], [ 0, 0, 0, 1 ] ], 
  [ [ 1, 0, 0, 0 ], [ 0, 1, 0, 0 ], [ 0, 0, 1, 0 ], [ 0, 0, 0, 1 ] ], 
  [ [ 151, -40, -103, 36 ], [ 560, 151, -283, -345 ], [ 89, -91, -83, 129 ], 
      [ 395, 60, -215, -169 ] ], 
  [ [ 151, -40, -103, 36 ], [ 560, 151, -283, -345 ], [ 89, -91, -83, 129 ], 
      [ 395, 60, -215, -169 ] ] ])),rec(TheMatrixStab:=Group([ [ [ -1, 0, 0, 0 ], [ 0, -1, 0, 0 ], [ 0, 0, -1, 0 ], [ 0, 0, 0, -1 ] ], 
  [ [ 1, 0, 0, 0 ], [ 0, 1, 0, 0 ], [ 0, 0, 1, 0 ], [ 0, 0, 0, 1 ] ] ]),TheRotSubgroup:=Group([ [ [ -1, 0, 0, 0 ], [ 0, -1, 0, 0 ], [ 0, 0, -1, 0 ], [ 0, 0, 0, -1 ] ], 
  [ [ 1, 0, 0, 0 ], [ 0, 1, 0, 0 ], [ 0, 0, 1, 0 ], [ 0, 0, 0, 1 ] ] ]),BoundaryImage:=rec(ListIFace:=[ 9, 11, 12, 10 ],ListSign:=[ 1, -1, -1, 1 ],ListElt:=[ [ [ -1, 0, 0, 0 ], [ 0, -1, 0, 0 ], [ 0, 0, -1, 0 ], [ 0, 0, 0, -1 ] ], 
  [ [ -1, 0, 0, 0 ], [ 0, -1, 0, 0 ], [ 0, 0, -1, 0 ], [ 0, 0, 0, -1 ] ], 
  [ [ 68, 93, -10, -161 ], [ -1302, 68, 795, 131 ], [ 389, 113, -194, -252 ], 
      [ -657, 92, 420, -26 ] ], 
  [ [ 209, 21, -117, -72 ], [ -294, 209, 243, -279 ], [ 351, -18, -214, -36 ],
      [ -33, 123, 60, -190 ] ] ]))]];