HAP_GCOMPLEX_SETUP:=[false]; 
HAP_GCOMPLEX_LIST:=[[rec(TheMatrixStab:=Group([ [ [ -4, 0, 2, 1 ], [ 0, -4, -13, 2 ], [ -2, 1, 4, 0 ], [ -13, -2, 0, 4 ] ], 
  [ [ -2, -1, -2, 1 ], [ 13, -2, -13, -2 ], [ -4, 0, 2, 1 ], 
      [ 0, -4, -13, 2 ] ], 
  [ [ -2, 1, 4, 0 ], [ -13, -2, 0, 4 ], [ 2, 1, 2, -1 ], [ -13, 2, 13, 2 ] ], 
  [ [ -1, 0, 0, 0 ], [ 0, -1, 0, 0 ], [ 0, 0, -1, 0 ], [ 0, 0, 0, -1 ] ], 
  [ [ -1, 0, 1, 0 ], [ 0, -1, 0, 1 ], [ -1, 0, 0, 0 ], [ 0, -1, 0, 0 ] ], 
  [ [ 0, 0, -1, 0 ], [ 0, 0, 0, -1 ], [ 1, 0, -1, 0 ], [ 0, 1, 0, -1 ] ], 
  [ [ 0, 0, 1, 0 ], [ 0, 0, 0, 1 ], [ -1, 0, 1, 0 ], [ 0, -1, 0, 1 ] ], 
  [ [ 1, 0, -1, 0 ], [ 0, 1, 0, -1 ], [ 1, 0, 0, 0 ], [ 0, 1, 0, 0 ] ], 
  [ [ 1, 0, 0, 0 ], [ 0, 1, 0, 0 ], [ 0, 0, 1, 0 ], [ 0, 0, 0, 1 ] ], 
  [ [ 2, -1, -4, 0 ], [ 13, 2, 0, -4 ], [ -2, -1, -2, 1 ], 
      [ 13, -2, -13, -2 ] ], 
  [ [ 2, 1, 2, -1 ], [ -13, 2, 13, 2 ], [ 4, 0, -2, -1 ], [ 0, 4, 13, -2 ] ], 
  [ [ 4, 0, -2, -1 ], [ 0, 4, 13, -2 ], [ 2, -1, -4, 0 ], [ 13, 2, 0, -4 ] ] ]),TheRotSubgroup:=Group([ [ [ -4, 0, 2, 1 ], [ 0, -4, -13, 2 ], [ -2, 1, 4, 0 ], [ -13, -2, 0, 4 ] ], 
  [ [ -2, -1, -2, 1 ], [ 13, -2, -13, -2 ], [ -4, 0, 2, 1 ], 
      [ 0, -4, -13, 2 ] ], 
  [ [ -2, 1, 4, 0 ], [ -13, -2, 0, 4 ], [ 2, 1, 2, -1 ], [ -13, 2, 13, 2 ] ], 
  [ [ -1, 0, 0, 0 ], [ 0, -1, 0, 0 ], [ 0, 0, -1, 0 ], [ 0, 0, 0, -1 ] ], 
  [ [ -1, 0, 1, 0 ], [ 0, -1, 0, 1 ], [ -1, 0, 0, 0 ], [ 0, -1, 0, 0 ] ], 
  [ [ 0, 0, -1, 0 ], [ 0, 0, 0, -1 ], [ 1, 0, -1, 0 ], [ 0, 1, 0, -1 ] ], 
  [ [ 0, 0, 1, 0 ], [ 0, 0, 0, 1 ], [ -1, 0, 1, 0 ], [ 0, -1, 0, 1 ] ], 
  [ [ 1, 0, -1, 0 ], [ 0, 1, 0, -1 ], [ 1, 0, 0, 0 ], [ 0, 1, 0, 0 ] ], 
  [ [ 1, 0, 0, 0 ], [ 0, 1, 0, 0 ], [ 0, 0, 1, 0 ], [ 0, 0, 0, 1 ] ], 
  [ [ 2, -1, -4, 0 ], [ 13, 2, 0, -4 ], [ -2, -1, -2, 1 ], 
      [ 13, -2, -13, -2 ] ], 
  [ [ 2, 1, 2, -1 ], [ -13, 2, 13, 2 ], [ 4, 0, -2, -1 ], [ 0, 4, 13, -2 ] ], 
  [ [ 4, 0, -2, -1 ], [ 0, 4, 13, -2 ], [ 2, -1, -4, 0 ], [ 13, 2, 0, -4 ] ] ]),BoundaryImage:=rec(ListIFace:=[  ],ListSign:=[  ],ListElt:=[  ])),rec(TheMatrixStab:=Group([ [ [ -204, 0, 102, 49 ], [ 0, -204, -637, 102 ], [ -102, 49, 204, 0 ], 
      [ -637, -102, 0, 204 ] ], 
  [ [ -102, -49, -102, 49 ], [ 637, -102, -637, -102 ], [ -204, 0, 102, 49 ], 
      [ 0, -204, -637, 102 ] ], 
  [ [ -102, 49, 204, 0 ], [ -637, -102, 0, 204 ], [ 102, 49, 102, -49 ], 
      [ -637, 102, 637, 102 ] ], 
  [ [ -1, 0, 0, 0 ], [ 0, -1, 0, 0 ], [ 0, 0, -1, 0 ], [ 0, 0, 0, -1 ] ], 
  [ [ -1, 0, 1, 0 ], [ 0, -1, 0, 1 ], [ -1, 0, 0, 0 ], [ 0, -1, 0, 0 ] ], 
  [ [ 0, 0, -1, 0 ], [ 0, 0, 0, -1 ], [ 1, 0, -1, 0 ], [ 0, 1, 0, -1 ] ], 
  [ [ 0, 0, 1, 0 ], [ 0, 0, 0, 1 ], [ -1, 0, 1, 0 ], [ 0, -1, 0, 1 ] ], 
  [ [ 1, 0, -1, 0 ], [ 0, 1, 0, -1 ], [ 1, 0, 0, 0 ], [ 0, 1, 0, 0 ] ], 
  [ [ 1, 0, 0, 0 ], [ 0, 1, 0, 0 ], [ 0, 0, 1, 0 ], [ 0, 0, 0, 1 ] ], 
  [ [ 102, -49, -204, 0 ], [ 637, 102, 0, -204 ], [ -102, -49, -102, 49 ], 
      [ 637, -102, -637, -102 ] ], 
  [ [ 102, 49, 102, -49 ], [ -637, 102, 637, 102 ], [ 204, 0, -102, -49 ], 
      [ 0, 204, 637, -102 ] ], 
  [ [ 204, 0, -102, -49 ], [ 0, 204, 637, -102 ], [ 102, -49, -204, 0 ], 
      [ 637, 102, 0, -204 ] ] ]),TheRotSubgroup:=Group([ [ [ -204, 0, 102, 49 ], [ 0, -204, -637, 102 ], [ -102, 49, 204, 0 ], 
      [ -637, -102, 0, 204 ] ], 
  [ [ -102, -49, -102, 49 ], [ 637, -102, -637, -102 ], [ -204, 0, 102, 49 ], 
      [ 0, -204, -637, 102 ] ], 
  [ [ -102, 49, 204, 0 ], [ -637, -102, 0, 204 ], [ 102, 49, 102, -49 ], 
      [ -637, 102, 637, 102 ] ], 
  [ [ -1, 0, 0, 0 ], [ 0, -1, 0, 0 ], [ 0, 0, -1, 0 ], [ 0, 0, 0, -1 ] ], 
  [ [ -1, 0, 1, 0 ], [ 0, -1, 0, 1 ], [ -1, 0, 0, 0 ], [ 0, -1, 0, 0 ] ], 
  [ [ 0, 0, -1, 0 ], [ 0, 0, 0, -1 ], [ 1, 0, -1, 0 ], [ 0, 1, 0, -1 ] ], 
  [ [ 0, 0, 1, 0 ], [ 0, 0, 0, 1 ], [ -1, 0, 1, 0 ], [ 0, -1, 0, 1 ] ], 
  [ [ 1, 0, -1, 0 ], [ 0, 1, 0, -1 ], [ 1, 0, 0, 0 ], [ 0, 1, 0, 0 ] ], 
  [ [ 1, 0, 0, 0 ], [ 0, 1, 0, 0 ], [ 0, 0, 1, 0 ], [ 0, 0, 0, 1 ] ], 
  [ [ 102, -49, -204, 0 ], [ 637, 102, 0, -204 ], [ -102, -49, -102, 49 ], 
      [ 637, -102, -637, -102 ] ], 
  [ [ 102, 49, 102, -49 ], [ -637, 102, 637, 102 ], [ 204, 0, -102, -49 ], 
      [ 0, 204, 637, -102 ] ], 
  [ [ 204, 0, -102, -49 ], [ 0, 204, 637, -102 ], [ 102, -49, -204, 0 ], 
      [ 637, 102, 0, -204 ] ] ]),BoundaryImage:=rec(ListIFace:=[  ],ListSign:=[  ],ListElt:=[  ])),rec(TheMatrixStab:=Group([ [ [ -1, 0, 0, 0 ], [ 0, -1, 0, 0 ], [ 0, 0, -1, 0 ], [ 0, 0, 0, -1 ] ], 
  [ [ 1, 0, 0, 0 ], [ 0, 1, 0, 0 ], [ 0, 0, 1, 0 ], [ 0, 0, 0, 1 ] ] ]),TheRotSubgroup:=Group([ [ [ -1, 0, 0, 0 ], [ 0, -1, 0, 0 ], [ 0, 0, -1, 0 ], [ 0, 0, 0, -1 ] ], 
  [ [ 1, 0, 0, 0 ], [ 0, 1, 0, 0 ], [ 0, 0, 1, 0 ], [ 0, 0, 0, 1 ] ] ]),BoundaryImage:=rec(ListIFace:=[  ],ListSign:=[  ],ListElt:=[  ])),rec(TheMatrixStab:=Group([ [ [ -1, 0, 0, 0 ], [ 0, -1, 0, 0 ], [ 0, 0, -1, 0 ], [ 0, 0, 0, -1 ] ], 
  [ [ 1, 0, 0, 0 ], [ 0, 1, 0, 0 ], [ 0, 0, 1, 0 ], [ 0, 0, 0, 1 ] ] ]),TheRotSubgroup:=Group([ [ [ -1, 0, 0, 0 ], [ 0, -1, 0, 0 ], [ 0, 0, -1, 0 ], [ 0, 0, 0, -1 ] ], 
  [ [ 1, 0, 0, 0 ], [ 0, 1, 0, 0 ], [ 0, 0, 1, 0 ], [ 0, 0, 0, 1 ] ] ]),BoundaryImage:=rec(ListIFace:=[  ],ListSign:=[  ],ListElt:=[  ])),rec(TheMatrixStab:=Group([ [ [ -21, 1, 13, 4 ], [ -13, -21, -52, 13 ], [ -9, 6, 21, -1 ], 
      [ -78, -9, 13, 21 ] ], 
  [ [ -12, 5, 20, 0 ], [ -65, -12, 0, 20 ], [ 9, 6, 12, -5 ], 
      [ -78, 9, 65, 12 ] ], 
  [ [ -9, -4, -7, 4 ], [ 52, -9, -52, -7 ], [ -18, 0, 9, 4 ], 
      [ 0, -18, -52, 9 ] ], 
  [ [ -8, -3, -4, 3 ], [ 39, -8, -39, -4 ], [ -15, 0, 7, 3 ], 
      [ 0, -15, -39, 7 ] ], 
  [ [ -7, -3, -4, 3 ], [ 39, -7, -39, -4 ], [ -15, 0, 8, 3 ], 
      [ 0, -15, -39, 8 ] ], 
  [ [ -1, 0, 0, 0 ], [ 0, -1, 0, 0 ], [ 0, 0, -1, 0 ], [ 0, 0, 0, -1 ] ], 
  [ [ 1, 0, 0, 0 ], [ 0, 1, 0, 0 ], [ 0, 0, 1, 0 ], [ 0, 0, 0, 1 ] ], 
  [ [ 7, 3, 4, -3 ], [ -39, 7, 39, 4 ], [ 15, 0, -8, -3 ], [ 0, 15, 39, -8 ] ]
    , 
  [ [ 8, 3, 4, -3 ], [ -39, 8, 39, 4 ], [ 15, 0, -7, -3 ], [ 0, 15, 39, -7 ] ]
    , 
  [ [ 9, 4, 7, -4 ], [ -52, 9, 52, 7 ], [ 18, 0, -9, -4 ], [ 0, 18, 52, -9 ] ]
    , 
  [ [ 12, -5, -20, 0 ], [ 65, 12, 0, -20 ], [ -9, -6, -12, 5 ], 
      [ 78, -9, -65, -12 ] ], 
  [ [ 21, -1, -13, -4 ], [ 13, 21, 52, -13 ], [ 9, -6, -21, 1 ], 
      [ 78, 9, -13, -21 ] ] ]),TheRotSubgroup:=Group([ [ [ -21, 1, 13, 4 ], [ -13, -21, -52, 13 ], [ -9, 6, 21, -1 ], 
      [ -78, -9, 13, 21 ] ], 
  [ [ -12, 5, 20, 0 ], [ -65, -12, 0, 20 ], [ 9, 6, 12, -5 ], 
      [ -78, 9, 65, 12 ] ], 
  [ [ -9, -4, -7, 4 ], [ 52, -9, -52, -7 ], [ -18, 0, 9, 4 ], 
      [ 0, -18, -52, 9 ] ], 
  [ [ -8, -3, -4, 3 ], [ 39, -8, -39, -4 ], [ -15, 0, 7, 3 ], 
      [ 0, -15, -39, 7 ] ], 
  [ [ -7, -3, -4, 3 ], [ 39, -7, -39, -4 ], [ -15, 0, 8, 3 ], 
      [ 0, -15, -39, 8 ] ], 
  [ [ -1, 0, 0, 0 ], [ 0, -1, 0, 0 ], [ 0, 0, -1, 0 ], [ 0, 0, 0, -1 ] ], 
  [ [ 1, 0, 0, 0 ], [ 0, 1, 0, 0 ], [ 0, 0, 1, 0 ], [ 0, 0, 0, 1 ] ], 
  [ [ 7, 3, 4, -3 ], [ -39, 7, 39, 4 ], [ 15, 0, -8, -3 ], [ 0, 15, 39, -8 ] ]
    , 
  [ [ 8, 3, 4, -3 ], [ -39, 8, 39, 4 ], [ 15, 0, -7, -3 ], [ 0, 15, 39, -7 ] ]
    , 
  [ [ 9, 4, 7, -4 ], [ -52, 9, 52, 7 ], [ 18, 0, -9, -4 ], [ 0, 18, 52, -9 ] ]
    , 
  [ [ 12, -5, -20, 0 ], [ 65, 12, 0, -20 ], [ -9, -6, -12, 5 ], 
      [ 78, -9, -65, -12 ] ], 
  [ [ 21, -1, -13, -4 ], [ 13, 21, 52, -13 ], [ 9, -6, -21, 1 ], 
      [ 78, 9, -13, -21 ] ] ]),BoundaryImage:=rec(ListIFace:=[  ],ListSign:=[  ],ListElt:=[  ])),rec(TheMatrixStab:=Group([ [ [ -196, -29, 9, 62 ], [ 377, -196, -806, 9 ], [ -188, 32, 196, 29 ], 
      [ -416, -188, -377, 196 ] ], 
  [ [ -187, -33, -9, 62 ], [ 429, -187, -806, -9 ], [ -195, 28, 187, 33 ], 
      [ -364, -195, -429, 187 ] ], 
  [ [ -112, 53, 223, 0 ], [ -689, -112, 0, 223 ], [ 108, 53, 111, -53 ], 
      [ -689, 108, 689, 111 ] ], 
  [ [ -111, 53, 223, 0 ], [ -689, -111, 0, 223 ], [ 108, 53, 112, -53 ], 
      [ -689, 108, 689, 112 ] ], 
  [ [ -9, 4, 18, 0 ], [ -52, -9, 0, 18 ], [ 7, 4, 9, -4 ], [ -52, 7, 52, 9 ] ]
    , [ [ -1, 0, 0, 0 ], [ 0, -1, 0, 0 ], [ 0, 0, -1, 0 ], [ 0, 0, 0, -1 ] ], 
  [ [ 1, 0, 0, 0 ], [ 0, 1, 0, 0 ], [ 0, 0, 1, 0 ], [ 0, 0, 0, 1 ] ], 
  [ [ 9, -4, -18, 0 ], [ 52, 9, 0, -18 ], [ -7, -4, -9, 4 ], 
      [ 52, -7, -52, -9 ] ], 
  [ [ 111, -53, -223, 0 ], [ 689, 111, 0, -223 ], [ -108, -53, -112, 53 ], 
      [ 689, -108, -689, -112 ] ], 
  [ [ 112, -53, -223, 0 ], [ 689, 112, 0, -223 ], [ -108, -53, -111, 53 ], 
      [ 689, -108, -689, -111 ] ], 
  [ [ 187, 33, 9, -62 ], [ -429, 187, 806, 9 ], [ 195, -28, -187, -33 ], 
      [ 364, 195, 429, -187 ] ], 
  [ [ 196, 29, -9, -62 ], [ -377, 196, 806, -9 ], [ 188, -32, -196, -29 ], 
      [ 416, 188, 377, -196 ] ] ]),TheRotSubgroup:=Group([ [ [ -196, -29, 9, 62 ], [ 377, -196, -806, 9 ], [ -188, 32, 196, 29 ], 
      [ -416, -188, -377, 196 ] ], 
  [ [ -187, -33, -9, 62 ], [ 429, -187, -806, -9 ], [ -195, 28, 187, 33 ], 
      [ -364, -195, -429, 187 ] ], 
  [ [ -112, 53, 223, 0 ], [ -689, -112, 0, 223 ], [ 108, 53, 111, -53 ], 
      [ -689, 108, 689, 111 ] ], 
  [ [ -111, 53, 223, 0 ], [ -689, -111, 0, 223 ], [ 108, 53, 112, -53 ], 
      [ -689, 108, 689, 112 ] ], 
  [ [ -9, 4, 18, 0 ], [ -52, -9, 0, 18 ], [ 7, 4, 9, -4 ], [ -52, 7, 52, 9 ] ]
    , [ [ -1, 0, 0, 0 ], [ 0, -1, 0, 0 ], [ 0, 0, -1, 0 ], [ 0, 0, 0, -1 ] ], 
  [ [ 1, 0, 0, 0 ], [ 0, 1, 0, 0 ], [ 0, 0, 1, 0 ], [ 0, 0, 0, 1 ] ], 
  [ [ 9, -4, -18, 0 ], [ 52, 9, 0, -18 ], [ -7, -4, -9, 4 ], 
      [ 52, -7, -52, -9 ] ], 
  [ [ 111, -53, -223, 0 ], [ 689, 111, 0, -223 ], [ -108, -53, -112, 53 ], 
      [ 689, -108, -689, -112 ] ], 
  [ [ 112, -53, -223, 0 ], [ 689, 112, 0, -223 ], [ -108, -53, -111, 53 ], 
      [ 689, -108, -689, -111 ] ], 
  [ [ 187, 33, 9, -62 ], [ -429, 187, 806, 9 ], [ 195, -28, -187, -33 ], 
      [ 364, 195, 429, -187 ] ], 
  [ [ 196, 29, -9, -62 ], [ -377, 196, 806, -9 ], [ 188, -32, -196, -29 ], 
      [ 416, 188, 377, -196 ] ] ]),BoundaryImage:=rec(ListIFace:=[  ],ListSign:=[  ],ListElt:=[  ])),rec(TheMatrixStab:=Group([ [ [ -8, -1, 0, 2 ], [ 13, -8, -26, 0 ], [ -8, 2, 8, 1 ], 
      [ -26, -8, -13, 8 ] ], 
  [ [ -3, 2, 6, 0 ], [ -26, -3, 0, 6 ], [ 7, 2, 3, -2 ], [ -26, 7, 26, 3 ] ], 
  [ [ -2, 1, 4, 0 ], [ -13, -2, 0, 4 ], [ 2, 1, 2, -1 ], [ -13, 2, 13, 2 ] ], 
  [ [ -1, 0, 0, 0 ], [ 0, -1, 0, 0 ], [ 0, 0, -1, 0 ], [ 0, 0, 0, -1 ] ], 
  [ [ 1, 0, 0, 0 ], [ 0, 1, 0, 0 ], [ 0, 0, 1, 0 ], [ 0, 0, 0, 1 ] ], 
  [ [ 2, -1, -4, 0 ], [ 13, 2, 0, -4 ], [ -2, -1, -2, 1 ], 
      [ 13, -2, -13, -2 ] ], 
  [ [ 3, -2, -6, 0 ], [ 26, 3, 0, -6 ], [ -7, -2, -3, 2 ], 
      [ 26, -7, -26, -3 ] ], 
  [ [ 8, 1, 0, -2 ], [ -13, 8, 26, 0 ], [ 8, -2, -8, -1 ], [ 26, 8, 13, -8 ] 
     ] ]),TheRotSubgroup:=Group([ [ [ -8, -1, 0, 2 ], [ 13, -8, -26, 0 ], [ -8, 2, 8, 1 ], 
      [ -26, -8, -13, 8 ] ], 
  [ [ -3, 2, 6, 0 ], [ -26, -3, 0, 6 ], [ 7, 2, 3, -2 ], [ -26, 7, 26, 3 ] ], 
  [ [ -2, 1, 4, 0 ], [ -13, -2, 0, 4 ], [ 2, 1, 2, -1 ], [ -13, 2, 13, 2 ] ], 
  [ [ -1, 0, 0, 0 ], [ 0, -1, 0, 0 ], [ 0, 0, -1, 0 ], [ 0, 0, 0, -1 ] ], 
  [ [ 1, 0, 0, 0 ], [ 0, 1, 0, 0 ], [ 0, 0, 1, 0 ], [ 0, 0, 0, 1 ] ], 
  [ [ 2, -1, -4, 0 ], [ 13, 2, 0, -4 ], [ -2, -1, -2, 1 ], 
      [ 13, -2, -13, -2 ] ], 
  [ [ 3, -2, -6, 0 ], [ 26, 3, 0, -6 ], [ -7, -2, -3, 2 ], 
      [ 26, -7, -26, -3 ] ], 
  [ [ 8, 1, 0, -2 ], [ -13, 8, 26, 0 ], [ 8, -2, -8, -1 ], [ 26, 8, 13, -8 ] 
     ] ]),BoundaryImage:=rec(ListIFace:=[  ],ListSign:=[  ],ListElt:=[  ])),rec(TheMatrixStab:=Group([ [ [ -408, 65, 408, 66 ], [ -845, -408, -858, 408 ], [ 0, 130, 408, -65 ], 
      [ -1690, 0, 845, 408 ] ], 
  [ [ -211, -102, -215, 102 ], [ 1326, -211, -1326, -215 ], 
      [ -422, 0, 211, 102 ], [ 0, -422, -1326, 211 ] ], 
  [ [ -102, -49, -102, 49 ], [ 637, -102, -637, -102 ], [ -204, 0, 102, 49 ], 
      [ 0, -204, -637, 102 ] ], 
  [ [ -1, 0, 0, 0 ], [ 0, -1, 0, 0 ], [ 0, 0, -1, 0 ], [ 0, 0, 0, -1 ] ], 
  [ [ 1, 0, 0, 0 ], [ 0, 1, 0, 0 ], [ 0, 0, 1, 0 ], [ 0, 0, 0, 1 ] ], 
  [ [ 102, 49, 102, -49 ], [ -637, 102, 637, 102 ], [ 204, 0, -102, -49 ], 
      [ 0, 204, 637, -102 ] ], 
  [ [ 211, 102, 215, -102 ], [ -1326, 211, 1326, 215 ], 
      [ 422, 0, -211, -102 ], [ 0, 422, 1326, -211 ] ], 
  [ [ 408, -65, -408, -66 ], [ 845, 408, 858, -408 ], [ 0, -130, -408, 65 ], 
      [ 1690, 0, -845, -408 ] ] ]),TheRotSubgroup:=Group([ [ [ -408, 65, 408, 66 ], [ -845, -408, -858, 408 ], [ 0, 130, 408, -65 ], 
      [ -1690, 0, 845, 408 ] ], 
  [ [ -211, -102, -215, 102 ], [ 1326, -211, -1326, -215 ], 
      [ -422, 0, 211, 102 ], [ 0, -422, -1326, 211 ] ], 
  [ [ -102, -49, -102, 49 ], [ 637, -102, -637, -102 ], [ -204, 0, 102, 49 ], 
      [ 0, -204, -637, 102 ] ], 
  [ [ -1, 0, 0, 0 ], [ 0, -1, 0, 0 ], [ 0, 0, -1, 0 ], [ 0, 0, 0, -1 ] ], 
  [ [ 1, 0, 0, 0 ], [ 0, 1, 0, 0 ], [ 0, 0, 1, 0 ], [ 0, 0, 0, 1 ] ], 
  [ [ 102, 49, 102, -49 ], [ -637, 102, 637, 102 ], [ 204, 0, -102, -49 ], 
      [ 0, 204, 637, -102 ] ], 
  [ [ 211, 102, 215, -102 ], [ -1326, 211, 1326, 215 ], 
      [ 422, 0, -211, -102 ], [ 0, 422, 1326, -211 ] ], 
  [ [ 408, -65, -408, -66 ], [ 845, 408, 858, -408 ], [ 0, -130, -408, 65 ], 
      [ 1690, 0, -845, -408 ] ] ]),BoundaryImage:=rec(ListIFace:=[  ],ListSign:=[  ],ListElt:=[  ]))],[rec(TheMatrixStab:=Group([ [ [ -1, 0, 0, 0 ], [ 0, -1, 0, 0 ], [ 0, 0, -1, 0 ], [ 0, 0, 0, -1 ] ], 
  [ [ 1, 0, 0, 0 ], [ 0, 1, 0, 0 ], [ 0, 0, 1, 0 ], [ 0, 0, 0, 1 ] ] ]),TheRotSubgroup:=Group([ [ [ -1, 0, 0, 0 ], [ 0, -1, 0, 0 ], [ 0, 0, -1, 0 ], [ 0, 0, 0, -1 ] ], 
  [ [ 1, 0, 0, 0 ], [ 0, 1, 0, 0 ], [ 0, 0, 1, 0 ], [ 0, 0, 0, 1 ] ] ]),BoundaryImage:=rec(ListIFace:=[ 1, 3 ],ListSign:=[ -1, 1 ],ListElt:=[ [ [ 2, 1, 2, -1 ], [ -13, 2, 13, 2 ], [ 4, 0, -2, -1 ], [ 0, 4, 13, -2 ] ], 
  [ [ -1, 0, 0, 0 ], [ 0, -1, 0, 0 ], [ 0, 0, -1, 0 ], [ 0, 0, 0, -1 ] ] ])),rec(TheMatrixStab:=Group([ [ [ -1, 0, 0, 0 ], [ 0, -1, 0, 0 ], [ 0, 0, -1, 0 ], [ 0, 0, 0, -1 ] ], 
  [ [ 1, 0, 0, 0 ], [ 0, 1, 0, 0 ], [ 0, 0, 1, 0 ], [ 0, 0, 0, 1 ] ] ]),TheRotSubgroup:=Group([ [ [ -1, 0, 0, 0 ], [ 0, -1, 0, 0 ], [ 0, 0, -1, 0 ], [ 0, 0, 0, -1 ] ], 
  [ [ 1, 0, 0, 0 ], [ 0, 1, 0, 0 ], [ 0, 0, 1, 0 ], [ 0, 0, 0, 1 ] ] ]),BoundaryImage:=rec(ListIFace:=[ 2, 4 ],ListSign:=[ -1, 1 ],ListElt:=[ [ [ 1, 0, -1, 0 ], [ 0, 1, 0, -1 ], [ 1, 0, 0, 0 ], [ 0, 1, 0, 0 ] ], 
  [ [ -1, 0, 0, 0 ], [ 0, -1, 0, 0 ], [ 0, 0, -1, 0 ], [ 0, 0, 0, -1 ] ] ])),rec(TheMatrixStab:=Group([ [ [ -1, 0, 0, 0 ], [ 0, -1, 0, 0 ], [ 0, 0, -1, 0 ], [ 0, 0, 0, -1 ] ], 
  [ [ 1, 0, 0, 0 ], [ 0, 1, 0, 0 ], [ 0, 0, 1, 0 ], [ 0, 0, 0, 1 ] ] ]),TheRotSubgroup:=Group([ [ [ -1, 0, 0, 0 ], [ 0, -1, 0, 0 ], [ 0, 0, -1, 0 ], [ 0, 0, 0, -1 ] ], 
  [ [ 1, 0, 0, 0 ], [ 0, 1, 0, 0 ], [ 0, 0, 1, 0 ], [ 0, 0, 0, 1 ] ] ]),BoundaryImage:=rec(ListIFace:=[ 1, 5 ],ListSign:=[ -1, 1 ],ListElt:=[ [ [ 0, 0, 1, 0 ], [ 0, 0, 0, 1 ], [ -1, 0, 1, 0 ], [ 0, -1, 0, 1 ] ], 
  [ [ 12, -5, -20, 0 ], [ 65, 12, 0, -20 ], [ -9, -6, -12, 5 ], 
      [ 78, -9, -65, -12 ] ] ])),rec(TheMatrixStab:=Group([ [ [ -1, 0, 0, 0 ], [ 0, -1, 0, 0 ], [ 0, 0, -1, 0 ], [ 0, 0, 0, -1 ] ], 
  [ [ 1, 0, 0, 0 ], [ 0, 1, 0, 0 ], [ 0, 0, 1, 0 ], [ 0, 0, 0, 1 ] ] ]),TheRotSubgroup:=Group([ [ [ -1, 0, 0, 0 ], [ 0, -1, 0, 0 ], [ 0, 0, -1, 0 ], [ 0, 0, 0, -1 ] ], 
  [ [ 1, 0, 0, 0 ], [ 0, 1, 0, 0 ], [ 0, 0, 1, 0 ], [ 0, 0, 0, 1 ] ] ]),BoundaryImage:=rec(ListIFace:=[ 2, 6 ],ListSign:=[ -1, 1 ],ListElt:=[ [ [ -204, 0, 102, 49 ], [ 0, -204, -637, 102 ], [ -102, 49, 204, 0 ], 
      [ -637, -102, 0, 204 ] ], 
  [ [ -9, 4, 18, 0 ], [ -52, -9, 0, 18 ], [ 7, 4, 9, -4 ], [ -52, 7, 52, 9 ] 
     ] ])),rec(TheMatrixStab:=Group([ [ [ -1, 0, 0, 0 ], [ 0, -1, 0, 0 ], [ 0, 0, -1, 0 ], [ 0, 0, 0, -1 ] ], 
  [ [ -1, 0, 1, 0 ], [ 0, -1, 0, 1 ], [ -1, 0, 0, 0 ], [ 0, -1, 0, 0 ] ], 
  [ [ 0, 0, -1, 0 ], [ 0, 0, 0, -1 ], [ 1, 0, -1, 0 ], [ 0, 1, 0, -1 ] ], 
  [ [ 0, 0, 1, 0 ], [ 0, 0, 0, 1 ], [ -1, 0, 1, 0 ], [ 0, -1, 0, 1 ] ], 
  [ [ 1, 0, -1, 0 ], [ 0, 1, 0, -1 ], [ 1, 0, 0, 0 ], [ 0, 1, 0, 0 ] ], 
  [ [ 1, 0, 0, 0 ], [ 0, 1, 0, 0 ], [ 0, 0, 1, 0 ], [ 0, 0, 0, 1 ] ] ]),TheRotSubgroup:=Group([ [ [ -1, 0, 0, 0 ], [ 0, -1, 0, 0 ], [ 0, 0, -1, 0 ], [ 0, 0, 0, -1 ] ], 
  [ [ -1, 0, 1, 0 ], [ 0, -1, 0, 1 ], [ -1, 0, 0, 0 ], [ 0, -1, 0, 0 ] ], 
  [ [ 0, 0, -1, 0 ], [ 0, 0, 0, -1 ], [ 1, 0, -1, 0 ], [ 0, 1, 0, -1 ] ], 
  [ [ 0, 0, 1, 0 ], [ 0, 0, 0, 1 ], [ -1, 0, 1, 0 ], [ 0, -1, 0, 1 ] ], 
  [ [ 1, 0, -1, 0 ], [ 0, 1, 0, -1 ], [ 1, 0, 0, 0 ], [ 0, 1, 0, 0 ] ], 
  [ [ 1, 0, 0, 0 ], [ 0, 1, 0, 0 ], [ 0, 0, 1, 0 ], [ 0, 0, 0, 1 ] ] ]),BoundaryImage:=rec(ListIFace:=[ 1, 2 ],ListSign:=[ -1, 1 ],ListElt:=[ [ [ 0, 0, 1, 0 ], [ 0, 0, 0, 1 ], [ -1, 0, 1, 0 ], [ 0, -1, 0, 1 ] ], 
  [ [ 204, 0, -102, -49 ], [ 0, 204, 637, -102 ], [ 102, -49, -204, 0 ], 
      [ 637, 102, 0, -204 ] ] ])),rec(TheMatrixStab:=Group([ [ [ -1, 0, 0, 0 ], [ 0, -1, 0, 0 ], [ 0, 0, -1, 0 ], [ 0, 0, 0, -1 ] ], 
  [ [ 1, 0, 0, 0 ], [ 0, 1, 0, 0 ], [ 0, 0, 1, 0 ], [ 0, 0, 0, 1 ] ] ]),TheRotSubgroup:=Group([ [ [ -1, 0, 0, 0 ], [ 0, -1, 0, 0 ], [ 0, 0, -1, 0 ], [ 0, 0, 0, -1 ] ], 
  [ [ 1, 0, 0, 0 ], [ 0, 1, 0, 0 ], [ 0, 0, 1, 0 ], [ 0, 0, 0, 1 ] ] ]),BoundaryImage:=rec(ListIFace:=[ 3, 4 ],ListSign:=[ -1, 1 ],ListElt:=[ [ [ -1, 0, 0, 0 ], [ 0, -1, 0, 0 ], [ 0, 0, -1, 0 ], [ 0, 0, 0, -1 ] ], 
  [ [ 37, 4, -6, -11 ], [ -52, 37, 143, -6 ], [ 31, -9, -44, -3 ], 
      [ 117, 31, 39, -44 ] ] ])),rec(TheMatrixStab:=Group([ [ [ -1, 0, 0, 0 ], [ 0, -1, 0, 0 ], [ 0, 0, -1, 0 ], [ 0, 0, 0, -1 ] ], 
  [ [ 1, 0, 0, 0 ], [ 0, 1, 0, 0 ], [ 0, 0, 1, 0 ], [ 0, 0, 0, 1 ] ] ]),TheRotSubgroup:=Group([ [ [ -1, 0, 0, 0 ], [ 0, -1, 0, 0 ], [ 0, 0, -1, 0 ], [ 0, 0, 0, -1 ] ], 
  [ [ 1, 0, 0, 0 ], [ 0, 1, 0, 0 ], [ 0, 0, 1, 0 ], [ 0, 0, 0, 1 ] ] ]),BoundaryImage:=rec(ListIFace:=[ 3, 4 ],ListSign:=[ -1, 1 ],ListElt:=[ [ [ 44, -5, -31, -7 ], [ 65, 44, 91, -31 ], [ 6, -13, -37, 4 ], 
      [ 169, 6, -52, -37 ] ], 
  [ [ 1, 0, 0, 0 ], [ 0, 1, 0, 0 ], [ 0, 0, 1, 0 ], [ 0, 0, 0, 1 ] ] ])),rec(TheMatrixStab:=Group([ [ [ -1, 0, 0, 0 ], [ 0, -1, 0, 0 ], [ 0, 0, -1, 0 ], [ 0, 0, 0, -1 ] ], 
  [ [ 1, 0, 0, 0 ], [ 0, 1, 0, 0 ], [ 0, 0, 1, 0 ], [ 0, 0, 0, 1 ] ] ]),TheRotSubgroup:=Group([ [ [ -1, 0, 0, 0 ], [ 0, -1, 0, 0 ], [ 0, 0, -1, 0 ], [ 0, 0, 0, -1 ] ], 
  [ [ 1, 0, 0, 0 ], [ 0, 1, 0, 0 ], [ 0, 0, 1, 0 ], [ 0, 0, 0, 1 ] ] ]),BoundaryImage:=rec(ListIFace:=[ 3, 6 ],ListSign:=[ -1, 1 ],ListElt:=[ [ [ 1, 0, 0, 0 ], [ 0, 1, 0, 0 ], [ 0, 0, 1, 0 ], [ 0, 0, 0, 1 ] ], 
  [ [ 37, 4, -6, -11 ], [ -52, 37, 143, -6 ], [ 31, -9, -44, -3 ], 
      [ 117, 31, 39, -44 ] ] ])),rec(TheMatrixStab:=Group([ [ [ -1, 0, 0, 0 ], [ 0, -1, 0, 0 ], [ 0, 0, -1, 0 ], [ 0, 0, 0, -1 ] ], 
  [ [ 1, 0, 0, 0 ], [ 0, 1, 0, 0 ], [ 0, 0, 1, 0 ], [ 0, 0, 0, 1 ] ] ]),TheRotSubgroup:=Group([ [ [ -1, 0, 0, 0 ], [ 0, -1, 0, 0 ], [ 0, 0, -1, 0 ], [ 0, 0, 0, -1 ] ], 
  [ [ 1, 0, 0, 0 ], [ 0, 1, 0, 0 ], [ 0, 0, 1, 0 ], [ 0, 0, 0, 1 ] ] ]),BoundaryImage:=rec(ListIFace:=[ 4, 5 ],ListSign:=[ -1, 1 ],ListElt:=[ [ [ -1, 0, 0, 0 ], [ 0, -1, 0, 0 ], [ 0, 0, -1, 0 ], [ 0, 0, 0, -1 ] ], 
  [ [ 98, 5, -37, -24 ], [ -65, 98, 312, -37 ], [ 64, -21, -93, -3 ], 
      [ 273, 64, 39, -93 ] ] ])),rec(TheMatrixStab:=Group([ [ [ -1, 0, 0, 0 ], [ 0, -1, 0, 0 ], [ 0, 0, -1, 0 ], [ 0, 0, 0, -1 ] ], 
  [ [ 1, 0, 0, 0 ], [ 0, 1, 0, 0 ], [ 0, 0, 1, 0 ], [ 0, 0, 0, 1 ] ] ]),TheRotSubgroup:=Group([ [ [ -1, 0, 0, 0 ], [ 0, -1, 0, 0 ], [ 0, 0, -1, 0 ], [ 0, 0, 0, -1 ] ], 
  [ [ 1, 0, 0, 0 ], [ 0, 1, 0, 0 ], [ 0, 0, 1, 0 ], [ 0, 0, 0, 1 ] ] ]),BoundaryImage:=rec(ListIFace:=[ 3, 7 ],ListSign:=[ -1, 1 ],ListElt:=[ [ [ 1, 0, 0, 0 ], [ 0, 1, 0, 0 ], [ 0, 0, 1, 0 ], [ 0, 0, 0, 1 ] ], 
  [ [ -3, 2, 6, 0 ], [ -26, -3, 0, 6 ], [ 7, 2, 3, -2 ], [ -26, 7, 26, 3 ] ] ])),rec(TheMatrixStab:=Group([ [ [ -1, 0, 0, 0 ], [ 0, -1, 0, 0 ], [ 0, 0, -1, 0 ], [ 0, 0, 0, -1 ] ], 
  [ [ 1, 0, 0, 0 ], [ 0, 1, 0, 0 ], [ 0, 0, 1, 0 ], [ 0, 0, 0, 1 ] ] ]),TheRotSubgroup:=Group([ [ [ -1, 0, 0, 0 ], [ 0, -1, 0, 0 ], [ 0, 0, -1, 0 ], [ 0, 0, 0, -1 ] ], 
  [ [ 1, 0, 0, 0 ], [ 0, 1, 0, 0 ], [ 0, 0, 1, 0 ], [ 0, 0, 0, 1 ] ] ]),BoundaryImage:=rec(ListIFace:=[ 4, 8 ],ListSign:=[ -1, 1 ],ListElt:=[ [ [ -1, 0, 0, 0 ], [ 0, -1, 0, 0 ], [ 0, 0, -1, 0 ], [ 0, 0, 0, -1 ] ], 
  [ [ 102, 49, 102, -49 ], [ -637, 102, 637, 102 ], [ 204, 0, -102, -49 ], 
      [ 0, 204, 637, -102 ] ] ])),rec(TheMatrixStab:=Group([ [ [ -8, -3, -4, 3 ], [ 39, -8, -39, -4 ], [ -15, 0, 7, 3 ], 
      [ 0, -15, -39, 7 ] ], 
  [ [ -7, -3, -4, 3 ], [ 39, -7, -39, -4 ], [ -15, 0, 8, 3 ], 
      [ 0, -15, -39, 8 ] ], 
  [ [ -1, 0, 0, 0 ], [ 0, -1, 0, 0 ], [ 0, 0, -1, 0 ], [ 0, 0, 0, -1 ] ], 
  [ [ 1, 0, 0, 0 ], [ 0, 1, 0, 0 ], [ 0, 0, 1, 0 ], [ 0, 0, 0, 1 ] ], 
  [ [ 7, 3, 4, -3 ], [ -39, 7, 39, 4 ], [ 15, 0, -8, -3 ], [ 0, 15, 39, -8 ] ]
    , 
  [ [ 8, 3, 4, -3 ], [ -39, 8, 39, 4 ], [ 15, 0, -7, -3 ], [ 0, 15, 39, -7 ] 
     ] ]),TheRotSubgroup:=Group([ [ [ -8, -3, -4, 3 ], [ 39, -8, -39, -4 ], [ -15, 0, 7, 3 ], 
      [ 0, -15, -39, 7 ] ], 
  [ [ -7, -3, -4, 3 ], [ 39, -7, -39, -4 ], [ -15, 0, 8, 3 ], 
      [ 0, -15, -39, 8 ] ], 
  [ [ -1, 0, 0, 0 ], [ 0, -1, 0, 0 ], [ 0, 0, -1, 0 ], [ 0, 0, 0, -1 ] ], 
  [ [ 1, 0, 0, 0 ], [ 0, 1, 0, 0 ], [ 0, 0, 1, 0 ], [ 0, 0, 0, 1 ] ], 
  [ [ 7, 3, 4, -3 ], [ -39, 7, 39, 4 ], [ 15, 0, -8, -3 ], [ 0, 15, 39, -8 ] ]
    , 
  [ [ 8, 3, 4, -3 ], [ -39, 8, 39, 4 ], [ 15, 0, -7, -3 ], [ 0, 15, 39, -7 ] 
     ] ]),BoundaryImage:=rec(ListIFace:=[ 5, 6 ],ListSign:=[ -1, 1 ],ListElt:=[ [ [ 8, 3, 4, -3 ], [ -39, 8, 39, 4 ], [ 15, 0, -7, -3 ], [ 0, 15, 39, -7 ] ]
    , 
  [ [ -151, 82, 333, -5 ], [ -1066, -151, 65, 333 ], [ 181, 86, 178, -87 ], 
      [ -1118, 181, 1131, 178 ] ] ])),rec(TheMatrixStab:=Group([ [ [ -8, -1, 0, 2 ], [ 13, -8, -26, 0 ], [ -8, 2, 8, 1 ], 
      [ -26, -8, -13, 8 ] ], 
  [ [ -1, 0, 0, 0 ], [ 0, -1, 0, 0 ], [ 0, 0, -1, 0 ], [ 0, 0, 0, -1 ] ], 
  [ [ 1, 0, 0, 0 ], [ 0, 1, 0, 0 ], [ 0, 0, 1, 0 ], [ 0, 0, 0, 1 ] ], 
  [ [ 8, 1, 0, -2 ], [ -13, 8, 26, 0 ], [ 8, -2, -8, -1 ], [ 26, 8, 13, -8 ] 
     ] ]),TheRotSubgroup:=Group([ [ [ -8, -1, 0, 2 ], [ 13, -8, -26, 0 ], [ -8, 2, 8, 1 ], 
      [ -26, -8, -13, 8 ] ], 
  [ [ -1, 0, 0, 0 ], [ 0, -1, 0, 0 ], [ 0, 0, -1, 0 ], [ 0, 0, 0, -1 ] ], 
  [ [ 1, 0, 0, 0 ], [ 0, 1, 0, 0 ], [ 0, 0, 1, 0 ], [ 0, 0, 0, 1 ] ], 
  [ [ 8, 1, 0, -2 ], [ -13, 8, 26, 0 ], [ 8, -2, -8, -1 ], [ 26, 8, 13, -8 ] 
     ] ]),BoundaryImage:=rec(ListIFace:=[ 7, 8 ],ListSign:=[ -1, 1 ],ListElt:=[ [ [ 2, -1, -4, 0 ], [ 13, 2, 0, -4 ], [ -2, -1, -2, 1 ], 
      [ 13, -2, -13, -2 ] ], 
  [ [ 91, 12, -8, -28 ], [ -156, 91, 364, -8 ], [ 83, -24, -117, -8 ], 
      [ 312, 83, 104, -117 ] ] ]))],[rec(TheMatrixStab:=Group([ [ [ -1, 0, 0, 0 ], [ 0, -1, 0, 0 ], [ 0, 0, -1, 0 ], [ 0, 0, 0, -1 ] ], 
  [ [ 1, 0, 0, 0 ], [ 0, 1, 0, 0 ], [ 0, 0, 1, 0 ], [ 0, 0, 0, 1 ] ] ]),TheRotSubgroup:=Group([ [ [ -1, 0, 0, 0 ], [ 0, -1, 0, 0 ], [ 0, 0, -1, 0 ], [ 0, 0, 0, -1 ] ], 
  [ [ 1, 0, 0, 0 ], [ 0, 1, 0, 0 ], [ 0, 0, 1, 0 ], [ 0, 0, 0, 1 ] ] ]),BoundaryImage:=rec(ListIFace:=[ 1, 7, 3, 9 ],ListSign:=[ 1, 1, -1, 1 ],ListElt:=[ [ [ -1, 0, 0, 0 ], [ 0, -1, 0, 0 ], [ 0, 0, -1, 0 ], [ 0, 0, 0, -1 ] ], 
  [ [ 37, -4, -31, -7 ], [ 52, 37, 91, -31 ], [ 6, -13, -44, 5 ], 
      [ 169, 6, -65, -44 ] ], 
  [ [ -1, 0, 0, 0 ], [ 0, -1, 0, 0 ], [ 0, 0, -1, 0 ], [ 0, 0, 0, -1 ] ], 
  [ [ 37, -4, -31, -7 ], [ 52, 37, 91, -31 ], [ 6, -13, -44, 5 ], 
      [ 169, 6, -65, -44 ] ] ])),rec(TheMatrixStab:=Group([ [ [ -1, 0, 0, 0 ], [ 0, -1, 0, 0 ], [ 0, 0, -1, 0 ], [ 0, 0, 0, -1 ] ], 
  [ [ 1, 0, 0, 0 ], [ 0, 1, 0, 0 ], [ 0, 0, 1, 0 ], [ 0, 0, 0, 1 ] ] ]),TheRotSubgroup:=Group([ [ [ -1, 0, 0, 0 ], [ 0, -1, 0, 0 ], [ 0, 0, -1, 0 ], [ 0, 0, 0, -1 ] ], 
  [ [ 1, 0, 0, 0 ], [ 0, 1, 0, 0 ], [ 0, 0, 1, 0 ], [ 0, 0, 0, 1 ] ] ]),BoundaryImage:=rec(ListIFace:=[ 2, 4, 8, 6 ],ListSign:=[ 1, -1, 1, -1 ],ListElt:=[ [ [ 1, 0, 0, 0 ], [ 0, 1, 0, 0 ], [ 0, 0, 1, 0 ], [ 0, 0, 0, 1 ] ], 
  [ [ -1, 0, 0, 0 ], [ 0, -1, 0, 0 ], [ 0, 0, -1, 0 ], [ 0, 0, 0, -1 ] ], 
  [ [ -44, -3, 6, 11 ], [ 39, -44, -143, 6 ], [ -31, 9, 37, 4 ], 
      [ -117, -31, -52, 37 ] ], 
  [ [ -44, -3, 6, 11 ], [ 39, -44, -143, 6 ], [ -31, 9, 37, 4 ], 
      [ -117, -31, -52, 37 ] ] ])),rec(TheMatrixStab:=Group([ [ [ -1, 0, 0, 0 ], [ 0, -1, 0, 0 ], [ 0, 0, -1, 0 ], [ 0, 0, 0, -1 ] ], 
  [ [ 1, 0, 0, 0 ], [ 0, 1, 0, 0 ], [ 0, 0, 1, 0 ], [ 0, 0, 0, 1 ] ] ]),TheRotSubgroup:=Group([ [ [ -1, 0, 0, 0 ], [ 0, -1, 0, 0 ], [ 0, 0, -1, 0 ], [ 0, 0, 0, -1 ] ], 
  [ [ 1, 0, 0, 0 ], [ 0, 1, 0, 0 ], [ 0, 0, 1, 0 ], [ 0, 0, 0, 1 ] ] ]),BoundaryImage:=rec(ListIFace:=[ 1, 6, 9, 3 ],ListSign:=[ 1, 1, 1, -1 ],ListElt:=[ [ [ 1, 0, 0, 0 ], [ 0, 1, 0, 0 ], [ 0, 0, 1, 0 ], [ 0, 0, 0, 1 ] ], 
  [ [ 1, 0, 0, 0 ], [ 0, 1, 0, 0 ], [ 0, 0, 1, 0 ], [ 0, 0, 0, 1 ] ], 
  [ [ -37, -4, 6, 11 ], [ 52, -37, -143, 6 ], [ -31, 9, 44, 3 ], 
      [ -117, -31, -39, 44 ] ], 
  [ [ 1, 0, -1, 0 ], [ 0, 1, 0, -1 ], [ 1, 0, 0, 0 ], [ 0, 1, 0, 0 ] ] ])),rec(TheMatrixStab:=Group([ [ [ -1, 0, 0, 0 ], [ 0, -1, 0, 0 ], [ 0, 0, -1, 0 ], [ 0, 0, 0, -1 ] ], 
  [ [ 1, 0, 0, 0 ], [ 0, 1, 0, 0 ], [ 0, 0, 1, 0 ], [ 0, 0, 0, 1 ] ] ]),TheRotSubgroup:=Group([ [ [ -1, 0, 0, 0 ], [ 0, -1, 0, 0 ], [ 0, 0, -1, 0 ], [ 0, 0, 0, -1 ] ], 
  [ [ 1, 0, 0, 0 ], [ 0, 1, 0, 0 ], [ 0, 0, 1, 0 ], [ 0, 0, 0, 1 ] ] ]),BoundaryImage:=rec(ListIFace:=[ 2, 7, 4, 8 ],ListSign:=[ 1, -1, -1, 1 ],ListElt:=[ [ [ -1, 0, 0, 0 ], [ 0, -1, 0, 0 ], [ 0, 0, -1, 0 ], [ 0, 0, 0, -1 ] ], 
  [ [ -1, 0, 0, 0 ], [ 0, -1, 0, 0 ], [ 0, 0, -1, 0 ], [ 0, 0, 0, -1 ] ], 
  [ [ 0, 0, -1, 0 ], [ 0, 0, 0, -1 ], [ 1, 0, -1, 0 ], [ 0, 1, 0, -1 ] ], 
  [ [ -44, 5, 31, 7 ], [ -65, -44, -91, 31 ], [ -6, 13, 37, -4 ], 
      [ -169, -6, 52, 37 ] ] ])),rec(TheMatrixStab:=Group([ [ [ -2, 1, 4, 0 ], [ -13, -2, 0, 4 ], [ 2, 1, 2, -1 ], [ -13, 2, 13, 2 ] ], 
  [ [ -1, 0, 0, 0 ], [ 0, -1, 0, 0 ], [ 0, 0, -1, 0 ], [ 0, 0, 0, -1 ] ], 
  [ [ 1, 0, 0, 0 ], [ 0, 1, 0, 0 ], [ 0, 0, 1, 0 ], [ 0, 0, 0, 1 ] ], 
  [ [ 2, -1, -4, 0 ], [ 13, 2, 0, -4 ], [ -2, -1, -2, 1 ], 
      [ 13, -2, -13, -2 ] ] ]),TheRotSubgroup:=Group([ [ [ -1, 0, 0, 0 ], [ 0, -1, 0, 0 ], [ 0, 0, -1, 0 ], [ 0, 0, 0, -1 ] ], 
  [ [ 1, 0, 0, 0 ], [ 0, 1, 0, 0 ], [ 0, 0, 1, 0 ], [ 0, 0, 0, 1 ] ] ]),BoundaryImage:=rec(ListIFace:=[ 1, 10, 1, 10 ],ListSign:=[ 1, 1, -1, -1 ],ListElt:=[ [ [ 1, 0, 0, 0 ], [ 0, 1, 0, 0 ], [ 0, 0, 1, 0 ], [ 0, 0, 0, 1 ] ], 
  [ [ 1, 0, 0, 0 ], [ 0, 1, 0, 0 ], [ 0, 0, 1, 0 ], [ 0, 0, 0, 1 ] ], 
  [ [ -2, 1, 4, 0 ], [ -13, -2, 0, 4 ], [ 2, 1, 2, -1 ], [ -13, 2, 13, 2 ] ], 
  [ [ 2, -1, -4, 0 ], [ 13, 2, 0, -4 ], [ -2, -1, -2, 1 ], 
      [ 13, -2, -13, -2 ] ] ])),rec(TheMatrixStab:=Group([ [ [ -102, -49, -102, 49 ], [ 637, -102, -637, -102 ], [ -204, 0, 102, 49 ], 
      [ 0, -204, -637, 102 ] ], 
  [ [ -1, 0, 0, 0 ], [ 0, -1, 0, 0 ], [ 0, 0, -1, 0 ], [ 0, 0, 0, -1 ] ], 
  [ [ 1, 0, 0, 0 ], [ 0, 1, 0, 0 ], [ 0, 0, 1, 0 ], [ 0, 0, 0, 1 ] ], 
  [ [ 102, 49, 102, -49 ], [ -637, 102, 637, 102 ], [ 204, 0, -102, -49 ], 
      [ 0, 204, 637, -102 ] ] ]),TheRotSubgroup:=Group([ [ [ -1, 0, 0, 0 ], [ 0, -1, 0, 0 ], [ 0, 0, -1, 0 ], [ 0, 0, 0, -1 ] ], 
  [ [ 1, 0, 0, 0 ], [ 0, 1, 0, 0 ], [ 0, 0, 1, 0 ], [ 0, 0, 0, 1 ] ] ]),BoundaryImage:=rec(ListIFace:=[ 2, 2, 11, 11 ],ListSign:=[ 1, -1, -1, 1 ],ListElt:=[ [ [ 1, 0, 0, 0 ], [ 0, 1, 0, 0 ], [ 0, 0, 1, 0 ], [ 0, 0, 0, 1 ] ], 
  [ [ 102, 49, 102, -49 ], [ -637, 102, 637, 102 ], [ 204, 0, -102, -49 ], 
      [ 0, 204, 637, -102 ] ], 
  [ [ 102, 49, 102, -49 ], [ -637, 102, 637, 102 ], [ 204, 0, -102, -49 ], 
      [ 0, 204, 637, -102 ] ], 
  [ [ 1, 0, 0, 0 ], [ 0, 1, 0, 0 ], [ 0, 0, 1, 0 ], [ 0, 0, 0, 1 ] ] ])),rec(TheMatrixStab:=Group([ [ [ -9, -4, -7, 4 ], [ 52, -9, -52, -7 ], [ -18, 0, 9, 4 ], 
      [ 0, -18, -52, 9 ] ], 
  [ [ -1, 0, 0, 0 ], [ 0, -1, 0, 0 ], [ 0, 0, -1, 0 ], [ 0, 0, 0, -1 ] ], 
  [ [ 1, 0, 0, 0 ], [ 0, 1, 0, 0 ], [ 0, 0, 1, 0 ], [ 0, 0, 0, 1 ] ], 
  [ [ 9, 4, 7, -4 ], [ -52, 9, 52, 7 ], [ 18, 0, -9, -4 ], [ 0, 18, 52, -9 ] 
     ] ]),TheRotSubgroup:=Group([ [ [ -1, 0, 0, 0 ], [ 0, -1, 0, 0 ], [ 0, 0, -1, 0 ], [ 0, 0, 0, -1 ] ], 
  [ [ 1, 0, 0, 0 ], [ 0, 1, 0, 0 ], [ 0, 0, 1, 0 ], [ 0, 0, 0, 1 ] ] ]),BoundaryImage:=rec(ListIFace:=[ 3, 5, 3, 5, 4, 4 ],ListSign:=[ 1, -1, -1, 1, 1, -1 ],ListElt:=[ [ [ 1, 0, 0, 0 ], [ 0, 1, 0, 0 ], [ 0, 0, 1, 0 ], [ 0, 0, 0, 1 ] ], 
  [ [ 0, 0, 1, 0 ], [ 0, 0, 0, 1 ], [ -1, 0, 1, 0 ], [ 0, -1, 0, 1 ] ], 
  [ [ 9, 4, 7, -4 ], [ -52, 9, 52, 7 ], [ 18, 0, -9, -4 ], [ 0, 18, 52, -9 ] ]
    , 
  [ [ -7, 4, 16, 0 ], [ -52, -7, 0, 16 ], [ 9, 4, 9, -4 ], [ -52, 9, 52, 9 ] ]
    , 
  [ [ -16, 0, 9, 4 ], [ 0, -16, -52, 9 ], [ -9, 4, 18, 0 ], 
      [ -52, -9, 0, 18 ] ], 
  [ [ 1, 0, -1, 0 ], [ 0, 1, 0, -1 ], [ 1, 0, 0, 0 ], [ 0, 1, 0, 0 ] ] ])),rec(TheMatrixStab:=Group([ [ [ -2, -1, -2, 1 ], [ 13, -2, -13, -2 ], [ -4, 0, 2, 1 ], 
      [ 0, -4, -13, 2 ] ], 
  [ [ -1, 0, 0, 0 ], [ 0, -1, 0, 0 ], [ 0, 0, -1, 0 ], [ 0, 0, 0, -1 ] ], 
  [ [ 1, 0, 0, 0 ], [ 0, 1, 0, 0 ], [ 0, 0, 1, 0 ], [ 0, 0, 0, 1 ] ], 
  [ [ 2, 1, 2, -1 ], [ -13, 2, 13, 2 ], [ 4, 0, -2, -1 ], [ 0, 4, 13, -2 ] ] ]),TheRotSubgroup:=Group([ [ [ -1, 0, 0, 0 ], [ 0, -1, 0, 0 ], [ 0, 0, -1, 0 ], [ 0, 0, 0, -1 ] ], 
  [ [ 1, 0, 0, 0 ], [ 0, 1, 0, 0 ], [ 0, 0, 1, 0 ], [ 0, 0, 0, 1 ] ] ]),BoundaryImage:=rec(ListIFace:=[ 3, 3, 12, 4, 4, 12 ],ListSign:=[ 1, -1, 1, -1, 1, -1 ],ListElt:=[ [ [ -1, 0, 0, 0 ], [ 0, -1, 0, 0 ], [ 0, 0, -1, 0 ], [ 0, 0, 0, -1 ] ], 
  [ [ 2, 1, 2, -1 ], [ -13, 2, 13, 2 ], [ 4, 0, -2, -1 ], [ 0, 4, 13, -2 ] ], 
  [ [ -12, 5, 20, 0 ], [ -65, -12, 0, 20 ], [ 9, 6, 12, -5 ], 
      [ -78, 9, 65, 12 ] ], 
  [ [ 14, 31, 90, -19 ], [ -403, 14, 247, 90 ], [ 118, 19, 0, -38 ], 
      [ -247, 118, 494, 0 ] ], 
  [ [ 108, -4, -67, -24 ], [ 52, 108, 312, -67 ], [ 67, -32, -134, 0 ], 
      [ 416, 67, 0, -134 ] ], 
  [ [ -7, -1, 1, 2 ], [ 13, -7, -26, 1 ], [ -12, 1, 9, 2 ], 
      [ -13, -12, -26, 9 ] ] ])),rec(TheMatrixStab:=Group([ [ [ -1, 0, 0, 0 ], [ 0, -1, 0, 0 ], [ 0, 0, -1, 0 ], [ 0, 0, 0, -1 ] ], 
  [ [ 1, 0, 0, 0 ], [ 0, 1, 0, 0 ], [ 0, 0, 1, 0 ], [ 0, 0, 0, 1 ] ] ]),TheRotSubgroup:=Group([ [ [ -1, 0, 0, 0 ], [ 0, -1, 0, 0 ], [ 0, 0, -1, 0 ], [ 0, 0, 0, -1 ] ], 
  [ [ 1, 0, 0, 0 ], [ 0, 1, 0, 0 ], [ 0, 0, 1, 0 ], [ 0, 0, 0, 1 ] ] ]),BoundaryImage:=rec(ListIFace:=[ 6, 7, 11, 11, 13, 10, 13, 10, 6, 7 ],ListSign:=[ 1, -1, -1, 1, 1, 1, -1, -1, 1, -1 ],ListElt:=[ [ [ 1, 0, 0, 0 ], [ 0, 1, 0, 0 ], [ 0, 0, 1, 0 ], [ 0, 0, 0, 1 ] ], 
  [ [ 37, -4, -31, -7 ], [ 52, 37, 91, -31 ], [ 6, -13, -44, 5 ], 
      [ 169, 6, -65, -44 ] ], 
  [ [ 37, -4, -31, -7 ], [ 52, 37, 91, -31 ], [ 6, -13, -44, 5 ], 
      [ 169, 6, -65, -44 ] ], 
  [ [ -37, -4, 6, 11 ], [ 52, -37, -143, 6 ], [ -31, 9, 44, 3 ], 
      [ -117, -31, -39, 44 ] ], 
  [ [ 21, 1, -2, -5 ], [ -13, 21, 65, -2 ], [ 14, -5, -18, -2 ], 
      [ 65, 14, 26, -18 ] ], 
  [ [ -6, -7, -15, 4 ], [ 91, -6, -52, -15 ], [ -27, -2, 6, 6 ], 
      [ 26, -27, -78, 6 ] ], 
  [ [ 21, -3, -15, -4 ], [ 39, 21, 52, -15 ], [ 0, -7, -21, 2 ], 
      [ 91, 0, -26, -21 ] ], 
  [ [ 21, -3, -15, -4 ], [ 39, 21, 52, -15 ], [ 0, -7, -21, 2 ], 
      [ 91, 0, -26, -21 ] ], 
  [ [ 21, -3, -15, -4 ], [ 39, 21, 52, -15 ], [ 0, -7, -21, 2 ], 
      [ 91, 0, -26, -21 ] ], 
  [ [ 0, 16, 51, -8 ], [ -208, 0, 104, 51 ], [ 53, 8, -1, -17 ], 
      [ -104, 53, 221, -1 ] ] ])),rec(TheMatrixStab:=Group([ [ [ -3, 2, 6, 0 ], [ -26, -3, 0, 6 ], [ 7, 2, 3, -2 ], [ -26, 7, 26, 3 ] ], 
  [ [ -1, 0, 0, 0 ], [ 0, -1, 0, 0 ], [ 0, 0, -1, 0 ], [ 0, 0, 0, -1 ] ], 
  [ [ 1, 0, 0, 0 ], [ 0, 1, 0, 0 ], [ 0, 0, 1, 0 ], [ 0, 0, 0, 1 ] ], 
  [ [ 3, -2, -6, 0 ], [ 26, 3, 0, -6 ], [ -7, -2, -3, 2 ], 
      [ 26, -7, -26, -3 ] ] ]),TheRotSubgroup:=Group([ [ [ -1, 0, 0, 0 ], [ 0, -1, 0, 0 ], [ 0, 0, -1, 0 ], [ 0, 0, 0, -1 ] ], 
  [ [ 1, 0, 0, 0 ], [ 0, 1, 0, 0 ], [ 0, 0, 1, 0 ], [ 0, 0, 0, 1 ] ] ]),BoundaryImage:=rec(ListIFace:=[ 8, 8, 10, 10 ],ListSign:=[ 1, -1, 1, -1 ],ListElt:=[ [ [ 1, 0, 0, 0 ], [ 0, 1, 0, 0 ], [ 0, 0, 1, 0 ], [ 0, 0, 0, 1 ] ], 
  [ [ -3, 2, 6, 0 ], [ -26, -3, 0, 6 ], [ 7, 2, 3, -2 ], [ -26, 7, 26, 3 ] ], 
  [ [ -3, 2, 6, 0 ], [ -26, -3, 0, 6 ], [ 7, 2, 3, -2 ], [ -26, 7, 26, 3 ] ], 
  [ [ 1, 0, 0, 0 ], [ 0, 1, 0, 0 ], [ 0, 0, 1, 0 ], [ 0, 0, 0, 1 ] ] ])),rec(TheMatrixStab:=Group([ [ [ -211, -102, -215, 102 ], [ 1326, -211, -1326, -215 ], 
      [ -422, 0, 211, 102 ], [ 0, -422, -1326, 211 ] ], 
  [ [ -1, 0, 0, 0 ], [ 0, -1, 0, 0 ], [ 0, 0, -1, 0 ], [ 0, 0, 0, -1 ] ], 
  [ [ 1, 0, 0, 0 ], [ 0, 1, 0, 0 ], [ 0, 0, 1, 0 ], [ 0, 0, 0, 1 ] ], 
  [ [ 211, 102, 215, -102 ], [ -1326, 211, 1326, 215 ], 
      [ 422, 0, -211, -102 ], [ 0, 422, 1326, -211 ] ] ]),TheRotSubgroup:=Group([ [ [ -1, 0, 0, 0 ], [ 0, -1, 0, 0 ], [ 0, 0, -1, 0 ], [ 0, 0, 0, -1 ] ], 
  [ [ 1, 0, 0, 0 ], [ 0, 1, 0, 0 ], [ 0, 0, 1, 0 ], [ 0, 0, 0, 1 ] ] ]),BoundaryImage:=rec(ListIFace:=[ 9, 11, 11, 9 ],ListSign:=[ 1, -1, 1, -1 ],ListElt:=[ [ [ 1, 0, 0, 0 ], [ 0, 1, 0, 0 ], [ 0, 0, 1, 0 ], [ 0, 0, 0, 1 ] ], 
  [ [ 1, 0, 0, 0 ], [ 0, 1, 0, 0 ], [ 0, 0, 1, 0 ], [ 0, 0, 0, 1 ] ], 
  [ [ 211, 102, 215, -102 ], [ -1326, 211, 1326, 215 ], 
      [ 422, 0, -211, -102 ], [ 0, 422, 1326, -211 ] ], 
  [ [ 211, 102, 215, -102 ], [ -1326, 211, 1326, 215 ], 
      [ 422, 0, -211, -102 ], [ 0, 422, 1326, -211 ] ] ]))]];