HAP_GCOMPLEX_SETUP:=[false]; 
HAP_GCOMPLEX_LIST:=[[rec(TheMatrixStab:=Group([ [ [ -2, 0, 1, 1 ], [ 0, -2, -3, 2 ], [ -2, 1, 2, 0 ], [ -3, -1, 0, 2 ] ], 
  [ [ -1, 0, 0, 0 ], [ 0, -1, 0, 0 ], [ 0, 0, -1, 0 ], [ 0, 0, 0, -1 ] ], 
  [ [ -1, 0, 1, 0 ], [ 0, -1, 0, 2 ], [ -2, 0, 1, 0 ], [ 0, -1, 0, 1 ] ], 
  [ [ 0, -1, -1, 1 ], [ 6, 0, -3, -2 ], [ -2, -1, 0, 2 ], [ 3, -1, -3, 0 ] ], 
  [ [ 0, 1, 1, -1 ], [ -6, 0, 3, 2 ], [ 2, 1, 0, -2 ], [ -3, 1, 3, 0 ] ], 
  [ [ 1, 0, -1, 0 ], [ 0, 1, 0, -2 ], [ 2, 0, -1, 0 ], [ 0, 1, 0, -1 ] ], 
  [ [ 1, 0, 0, 0 ], [ 0, 1, 0, 0 ], [ 0, 0, 1, 0 ], [ 0, 0, 0, 1 ] ], 
  [ [ 2, 0, -1, -1 ], [ 0, 2, 3, -2 ], [ 2, -1, -2, 0 ], [ 3, 1, 0, -2 ] ] ]),TheRotSubgroup:=Group([ [ [ -2, 0, 1, 1 ], [ 0, -2, -3, 2 ], [ -2, 1, 2, 0 ], [ -3, -1, 0, 2 ] ], 
  [ [ -1, 0, 0, 0 ], [ 0, -1, 0, 0 ], [ 0, 0, -1, 0 ], [ 0, 0, 0, -1 ] ], 
  [ [ -1, 0, 1, 0 ], [ 0, -1, 0, 2 ], [ -2, 0, 1, 0 ], [ 0, -1, 0, 1 ] ], 
  [ [ 0, -1, -1, 1 ], [ 6, 0, -3, -2 ], [ -2, -1, 0, 2 ], [ 3, -1, -3, 0 ] ], 
  [ [ 0, 1, 1, -1 ], [ -6, 0, 3, 2 ], [ 2, 1, 0, -2 ], [ -3, 1, 3, 0 ] ], 
  [ [ 1, 0, -1, 0 ], [ 0, 1, 0, -2 ], [ 2, 0, -1, 0 ], [ 0, 1, 0, -1 ] ], 
  [ [ 1, 0, 0, 0 ], [ 0, 1, 0, 0 ], [ 0, 0, 1, 0 ], [ 0, 0, 0, 1 ] ], 
  [ [ 2, 0, -1, -1 ], [ 0, 2, 3, -2 ], [ 2, -1, -2, 0 ], [ 3, 1, 0, -2 ] ] ]),BoundaryImage:=rec(ListIFace:=[  ],ListSign:=[  ],ListElt:=[  ])),rec(TheMatrixStab:=Group([ [ [ -22, 0, 11, 9 ], [ 0, -22, -27, 22 ], [ -22, 9, 22, 0 ], 
      [ -27, -11, 0, 22 ] ], 
  [ [ -1, 0, 0, 0 ], [ 0, -1, 0, 0 ], [ 0, 0, -1, 0 ], [ 0, 0, 0, -1 ] ], 
  [ [ -1, 0, 1, 0 ], [ 0, -1, 0, 2 ], [ -2, 0, 1, 0 ], [ 0, -1, 0, 1 ] ], 
  [ [ 0, -9, -11, 9 ], [ 54, 0, -27, -22 ], [ -22, -9, 0, 18 ], 
      [ 27, -11, -27, 0 ] ], 
  [ [ 0, 9, 11, -9 ], [ -54, 0, 27, 22 ], [ 22, 9, 0, -18 ], 
      [ -27, 11, 27, 0 ] ], 
  [ [ 1, 0, -1, 0 ], [ 0, 1, 0, -2 ], [ 2, 0, -1, 0 ], [ 0, 1, 0, -1 ] ], 
  [ [ 1, 0, 0, 0 ], [ 0, 1, 0, 0 ], [ 0, 0, 1, 0 ], [ 0, 0, 0, 1 ] ], 
  [ [ 22, 0, -11, -9 ], [ 0, 22, 27, -22 ], [ 22, -9, -22, 0 ], 
      [ 27, 11, 0, -22 ] ] ]),TheRotSubgroup:=Group([ [ [ -22, 0, 11, 9 ], [ 0, -22, -27, 22 ], [ -22, 9, 22, 0 ], 
      [ -27, -11, 0, 22 ] ], 
  [ [ -1, 0, 0, 0 ], [ 0, -1, 0, 0 ], [ 0, 0, -1, 0 ], [ 0, 0, 0, -1 ] ], 
  [ [ -1, 0, 1, 0 ], [ 0, -1, 0, 2 ], [ -2, 0, 1, 0 ], [ 0, -1, 0, 1 ] ], 
  [ [ 0, -9, -11, 9 ], [ 54, 0, -27, -22 ], [ -22, -9, 0, 18 ], 
      [ 27, -11, -27, 0 ] ], 
  [ [ 0, 9, 11, -9 ], [ -54, 0, 27, 22 ], [ 22, 9, 0, -18 ], 
      [ -27, 11, 27, 0 ] ], 
  [ [ 1, 0, -1, 0 ], [ 0, 1, 0, -2 ], [ 2, 0, -1, 0 ], [ 0, 1, 0, -1 ] ], 
  [ [ 1, 0, 0, 0 ], [ 0, 1, 0, 0 ], [ 0, 0, 1, 0 ], [ 0, 0, 0, 1 ] ], 
  [ [ 22, 0, -11, -9 ], [ 0, 22, 27, -22 ], [ 22, -9, -22, 0 ], 
      [ 27, 11, 0, -22 ] ] ]),BoundaryImage:=rec(ListIFace:=[  ],ListSign:=[  ],ListElt:=[  ])),rec(TheMatrixStab:=Group([ [ [ -3, 0, 1, 1 ], [ 0, -3, -3, 2 ], [ -4, 2, 3, 0 ], [ -6, -2, 0, 3 ] ], 
  [ [ -3, 1, 2, 0 ], [ -6, -3, 0, 4 ], [ -2, 3, 3, -2 ], [ -9, -1, 3, 3 ] ], 
  [ [ -2, -1, 0, 1 ], [ 6, -2, -3, 0 ], [ -6, -1, 1, 2 ], [ 3, -3, -3, 1 ] ], 
  [ [ -1, -1, 0, 1 ], [ 6, -1, -3, 0 ], [ -6, -1, 2, 2 ], [ 3, -3, -3, 2 ] ], 
  [ [ -1, 0, 0, 0 ], [ 0, -1, 0, 0 ], [ 0, 0, -1, 0 ], [ 0, 0, 0, -1 ] ], 
  [ [ 0, -1, -1, 1 ], [ 6, 0, -3, -2 ], [ -2, -1, 0, 2 ], [ 3, -1, -3, 0 ] ], 
  [ [ 0, 1, 1, -1 ], [ -6, 0, 3, 2 ], [ 2, 1, 0, -2 ], [ -3, 1, 3, 0 ] ], 
  [ [ 1, 0, 0, 0 ], [ 0, 1, 0, 0 ], [ 0, 0, 1, 0 ], [ 0, 0, 0, 1 ] ], 
  [ [ 1, 1, 0, -1 ], [ -6, 1, 3, 0 ], [ 6, 1, -2, -2 ], [ -3, 3, 3, -2 ] ], 
  [ [ 2, 1, 0, -1 ], [ -6, 2, 3, 0 ], [ 6, 1, -1, -2 ], [ -3, 3, 3, -1 ] ], 
  [ [ 3, -1, -2, 0 ], [ 6, 3, 0, -4 ], [ 2, -3, -3, 2 ], [ 9, 1, -3, -3 ] ], 
  [ [ 3, 0, -1, -1 ], [ 0, 3, 3, -2 ], [ 4, -2, -3, 0 ], [ 6, 2, 0, -3 ] ] ]),TheRotSubgroup:=Group([ [ [ -3, 0, 1, 1 ], [ 0, -3, -3, 2 ], [ -4, 2, 3, 0 ], [ -6, -2, 0, 3 ] ], 
  [ [ -3, 1, 2, 0 ], [ -6, -3, 0, 4 ], [ -2, 3, 3, -2 ], [ -9, -1, 3, 3 ] ], 
  [ [ -2, -1, 0, 1 ], [ 6, -2, -3, 0 ], [ -6, -1, 1, 2 ], [ 3, -3, -3, 1 ] ], 
  [ [ -1, -1, 0, 1 ], [ 6, -1, -3, 0 ], [ -6, -1, 2, 2 ], [ 3, -3, -3, 2 ] ], 
  [ [ -1, 0, 0, 0 ], [ 0, -1, 0, 0 ], [ 0, 0, -1, 0 ], [ 0, 0, 0, -1 ] ], 
  [ [ 0, -1, -1, 1 ], [ 6, 0, -3, -2 ], [ -2, -1, 0, 2 ], [ 3, -1, -3, 0 ] ], 
  [ [ 0, 1, 1, -1 ], [ -6, 0, 3, 2 ], [ 2, 1, 0, -2 ], [ -3, 1, 3, 0 ] ], 
  [ [ 1, 0, 0, 0 ], [ 0, 1, 0, 0 ], [ 0, 0, 1, 0 ], [ 0, 0, 0, 1 ] ], 
  [ [ 1, 1, 0, -1 ], [ -6, 1, 3, 0 ], [ 6, 1, -2, -2 ], [ -3, 3, 3, -2 ] ], 
  [ [ 2, 1, 0, -1 ], [ -6, 2, 3, 0 ], [ 6, 1, -1, -2 ], [ -3, 3, 3, -1 ] ], 
  [ [ 3, -1, -2, 0 ], [ 6, 3, 0, -4 ], [ 2, -3, -3, 2 ], [ 9, 1, -3, -3 ] ], 
  [ [ 3, 0, -1, -1 ], [ 0, 3, 3, -2 ], [ 4, -2, -3, 0 ], [ 6, 2, 0, -3 ] ] ]),BoundaryImage:=rec(ListIFace:=[  ],ListSign:=[  ],ListElt:=[  ])),rec(TheMatrixStab:=Group([ [ [ -29, 0, 15, 11 ], [ 0, -29, -33, 30 ], [ -30, 11, 28, 0 ], 
      [ -33, -15, 0, 28 ] ], 
  [ [ -28, 0, 15, 11 ], [ 0, -28, -33, 30 ], [ -30, 11, 29, 0 ], 
      [ -33, -15, 0, 29 ] ], 
  [ [ -22, 0, 11, 9 ], [ 0, -22, -27, 22 ], [ -22, 9, 22, 0 ], 
      [ -27, -11, 0, 22 ] ], 
  [ [ -11, -14, -11, 19 ], [ 84, -11, -57, -22 ], [ -44, -10, 11, 28 ], 
      [ 30, -22, -42, 11 ] ], 
  [ [ -11, 14, 22, -10 ], [ -84, -11, 30, 44 ], [ 22, 19, 11, -28 ], 
      [ -57, 11, 42, 11 ] ], 
  [ [ -1, 0, 0, 0 ], [ 0, -1, 0, 0 ], [ 0, 0, -1, 0 ], [ 0, 0, 0, -1 ] ], 
  [ [ 1, 0, 0, 0 ], [ 0, 1, 0, 0 ], [ 0, 0, 1, 0 ], [ 0, 0, 0, 1 ] ], 
  [ [ 11, -14, -22, 10 ], [ 84, 11, -30, -44 ], [ -22, -19, -11, 28 ], 
      [ 57, -11, -42, -11 ] ], 
  [ [ 11, 14, 11, -19 ], [ -84, 11, 57, 22 ], [ 44, 10, -11, -28 ], 
      [ -30, 22, 42, -11 ] ], 
  [ [ 22, 0, -11, -9 ], [ 0, 22, 27, -22 ], [ 22, -9, -22, 0 ], 
      [ 27, 11, 0, -22 ] ], 
  [ [ 28, 0, -15, -11 ], [ 0, 28, 33, -30 ], [ 30, -11, -29, 0 ], 
      [ 33, 15, 0, -29 ] ], 
  [ [ 29, 0, -15, -11 ], [ 0, 29, 33, -30 ], [ 30, -11, -28, 0 ], 
      [ 33, 15, 0, -28 ] ] ]),TheRotSubgroup:=Group([ [ [ -29, 0, 15, 11 ], [ 0, -29, -33, 30 ], [ -30, 11, 28, 0 ], 
      [ -33, -15, 0, 28 ] ], 
  [ [ -28, 0, 15, 11 ], [ 0, -28, -33, 30 ], [ -30, 11, 29, 0 ], 
      [ -33, -15, 0, 29 ] ], 
  [ [ -22, 0, 11, 9 ], [ 0, -22, -27, 22 ], [ -22, 9, 22, 0 ], 
      [ -27, -11, 0, 22 ] ], 
  [ [ -11, -14, -11, 19 ], [ 84, -11, -57, -22 ], [ -44, -10, 11, 28 ], 
      [ 30, -22, -42, 11 ] ], 
  [ [ -11, 14, 22, -10 ], [ -84, -11, 30, 44 ], [ 22, 19, 11, -28 ], 
      [ -57, 11, 42, 11 ] ], 
  [ [ -1, 0, 0, 0 ], [ 0, -1, 0, 0 ], [ 0, 0, -1, 0 ], [ 0, 0, 0, -1 ] ], 
  [ [ 1, 0, 0, 0 ], [ 0, 1, 0, 0 ], [ 0, 0, 1, 0 ], [ 0, 0, 0, 1 ] ], 
  [ [ 11, -14, -22, 10 ], [ 84, 11, -30, -44 ], [ -22, -19, -11, 28 ], 
      [ 57, -11, -42, -11 ] ], 
  [ [ 11, 14, 11, -19 ], [ -84, 11, 57, 22 ], [ 44, 10, -11, -28 ], 
      [ -30, 22, 42, -11 ] ], 
  [ [ 22, 0, -11, -9 ], [ 0, 22, 27, -22 ], [ 22, -9, -22, 0 ], 
      [ 27, 11, 0, -22 ] ], 
  [ [ 28, 0, -15, -11 ], [ 0, 28, 33, -30 ], [ 30, -11, -29, 0 ], 
      [ 33, 15, 0, -29 ] ], 
  [ [ 29, 0, -15, -11 ], [ 0, 29, 33, -30 ], [ 30, -11, -28, 0 ], 
      [ 33, 15, 0, -28 ] ] ]),BoundaryImage:=rec(ListIFace:=[  ],ListSign:=[  ],ListElt:=[  ]))],[rec(TheMatrixStab:=Group([ [ [ -1, 0, 0, 0 ], [ 0, -1, 0, 0 ], [ 0, 0, -1, 0 ], [ 0, 0, 0, -1 ] ], 
  [ [ -1, 0, 1, 0 ], [ 0, -1, 0, 2 ], [ -2, 0, 1, 0 ], [ 0, -1, 0, 1 ] ], 
  [ [ 1, 0, -1, 0 ], [ 0, 1, 0, -2 ], [ 2, 0, -1, 0 ], [ 0, 1, 0, -1 ] ], 
  [ [ 1, 0, 0, 0 ], [ 0, 1, 0, 0 ], [ 0, 0, 1, 0 ], [ 0, 0, 0, 1 ] ] ]),TheRotSubgroup:=Group([ [ [ -1, 0, 0, 0 ], [ 0, -1, 0, 0 ], [ 0, 0, -1, 0 ], [ 0, 0, 0, -1 ] ], 
  [ [ -1, 0, 1, 0 ], [ 0, -1, 0, 2 ], [ -2, 0, 1, 0 ], [ 0, -1, 0, 1 ] ], 
  [ [ 1, 0, -1, 0 ], [ 0, 1, 0, -2 ], [ 2, 0, -1, 0 ], [ 0, 1, 0, -1 ] ], 
  [ [ 1, 0, 0, 0 ], [ 0, 1, 0, 0 ], [ 0, 0, 1, 0 ], [ 0, 0, 0, 1 ] ] ]),BoundaryImage:=rec(ListIFace:=[ 1, 2 ],ListSign:=[ -1, 1 ],ListElt:=[ [ [ 1, 0, -1, 0 ], [ 0, 1, 0, -2 ], [ 2, 0, -1, 0 ], [ 0, 1, 0, -1 ] ], 
  [ [ 1, 0, -1, 0 ], [ 0, 1, 0, -2 ], [ 2, 0, -1, 0 ], [ 0, 1, 0, -1 ] ] ])),rec(TheMatrixStab:=Group([ [ [ -1, 0, 0, 0 ], [ 0, -1, 0, 0 ], [ 0, 0, -1, 0 ], [ 0, 0, 0, -1 ] ], 
  [ [ 0, -1, -1, 1 ], [ 6, 0, -3, -2 ], [ -2, -1, 0, 2 ], [ 3, -1, -3, 0 ] ], 
  [ [ 0, 1, 1, -1 ], [ -6, 0, 3, 2 ], [ 2, 1, 0, -2 ], [ -3, 1, 3, 0 ] ], 
  [ [ 1, 0, 0, 0 ], [ 0, 1, 0, 0 ], [ 0, 0, 1, 0 ], [ 0, 0, 0, 1 ] ] ]),TheRotSubgroup:=Group([ [ [ -1, 0, 0, 0 ], [ 0, -1, 0, 0 ], [ 0, 0, -1, 0 ], [ 0, 0, 0, -1 ] ], 
  [ [ 0, -1, -1, 1 ], [ 6, 0, -3, -2 ], [ -2, -1, 0, 2 ], [ 3, -1, -3, 0 ] ], 
  [ [ 0, 1, 1, -1 ], [ -6, 0, 3, 2 ], [ 2, 1, 0, -2 ], [ -3, 1, 3, 0 ] ], 
  [ [ 1, 0, 0, 0 ], [ 0, 1, 0, 0 ], [ 0, 0, 1, 0 ], [ 0, 0, 0, 1 ] ] ]),BoundaryImage:=rec(ListIFace:=[ 1, 3 ],ListSign:=[ -1, 1 ],ListElt:=[ [ [ 1, 0, -1, 0 ], [ 0, 1, 0, -2 ], [ 2, 0, -1, 0 ], [ 0, 1, 0, -1 ] ], 
  [ [ -1, -1, 0, 1 ], [ 6, -1, -3, 0 ], [ -6, -1, 2, 2 ], [ 3, -3, -3, 2 ] ] ])),rec(TheMatrixStab:=Group([ [ [ -22, 0, 11, 9 ], [ 0, -22, -27, 22 ], [ -22, 9, 22, 0 ], 
      [ -27, -11, 0, 22 ] ], 
  [ [ -1, 0, 0, 0 ], [ 0, -1, 0, 0 ], [ 0, 0, -1, 0 ], [ 0, 0, 0, -1 ] ], 
  [ [ 1, 0, 0, 0 ], [ 0, 1, 0, 0 ], [ 0, 0, 1, 0 ], [ 0, 0, 0, 1 ] ], 
  [ [ 22, 0, -11, -9 ], [ 0, 22, 27, -22 ], [ 22, -9, -22, 0 ], 
      [ 27, 11, 0, -22 ] ] ]),TheRotSubgroup:=Group([ [ [ -22, 0, 11, 9 ], [ 0, -22, -27, 22 ], [ -22, 9, 22, 0 ], 
      [ -27, -11, 0, 22 ] ], 
  [ [ -1, 0, 0, 0 ], [ 0, -1, 0, 0 ], [ 0, 0, -1, 0 ], [ 0, 0, 0, -1 ] ], 
  [ [ 1, 0, 0, 0 ], [ 0, 1, 0, 0 ], [ 0, 0, 1, 0 ], [ 0, 0, 0, 1 ] ], 
  [ [ 22, 0, -11, -9 ], [ 0, 22, 27, -22 ], [ 22, -9, -22, 0 ], 
      [ 27, 11, 0, -22 ] ] ]),BoundaryImage:=rec(ListIFace:=[ 2, 4 ],ListSign:=[ -1, 1 ],ListElt:=[ [ [ -22, 0, 11, 9 ], [ 0, -22, -27, 22 ], [ -22, 9, 22, 0 ], 
      [ -27, -11, 0, 22 ] ], 
  [ [ 22, 0, -11, -9 ], [ 0, 22, 27, -22 ], [ 22, -9, -22, 0 ], 
      [ 27, 11, 0, -22 ] ] ])),rec(TheMatrixStab:=Group([ [ [ -2, 0, 1, 1 ], [ 0, -2, -3, 2 ], [ -2, 1, 2, 0 ], [ -3, -1, 0, 2 ] ], 
  [ [ -1, 0, 0, 0 ], [ 0, -1, 0, 0 ], [ 0, 0, -1, 0 ], [ 0, 0, 0, -1 ] ], 
  [ [ 1, 0, 0, 0 ], [ 0, 1, 0, 0 ], [ 0, 0, 1, 0 ], [ 0, 0, 0, 1 ] ], 
  [ [ 2, 0, -1, -1 ], [ 0, 2, 3, -2 ], [ 2, -1, -2, 0 ], [ 3, 1, 0, -2 ] ] ]),TheRotSubgroup:=Group([ [ [ -2, 0, 1, 1 ], [ 0, -2, -3, 2 ], [ -2, 1, 2, 0 ], [ -3, -1, 0, 2 ] ], 
  [ [ -1, 0, 0, 0 ], [ 0, -1, 0, 0 ], [ 0, 0, -1, 0 ], [ 0, 0, 0, -1 ] ], 
  [ [ 1, 0, 0, 0 ], [ 0, 1, 0, 0 ], [ 0, 0, 1, 0 ], [ 0, 0, 0, 1 ] ], 
  [ [ 2, 0, -1, -1 ], [ 0, 2, 3, -2 ], [ 2, -1, -2, 0 ], [ 3, 1, 0, -2 ] ] ]),BoundaryImage:=rec(ListIFace:=[ 1, 4 ],ListSign:=[ -1, 1 ],ListElt:=[ [ [ 1, 0, 0, 0 ], [ 0, 1, 0, 0 ], [ 0, 0, 1, 0 ], [ 0, 0, 0, 1 ] ], 
  [ [ -3, 2, 4, -1 ], [ -12, -3, 3, 8 ], [ 2, 1, 0, -2 ], [ -3, 1, 3, 0 ] ] ])),rec(TheMatrixStab:=Group([ [ [ -1, 0, 0, 0 ], [ 0, -1, 0, 0 ], [ 0, 0, -1, 0 ], [ 0, 0, 0, -1 ] ], 
  [ [ 0, -9, -11, 9 ], [ 54, 0, -27, -22 ], [ -22, -9, 0, 18 ], 
      [ 27, -11, -27, 0 ] ], 
  [ [ 0, 9, 11, -9 ], [ -54, 0, 27, 22 ], [ 22, 9, 0, -18 ], 
      [ -27, 11, 27, 0 ] ], 
  [ [ 1, 0, 0, 0 ], [ 0, 1, 0, 0 ], [ 0, 0, 1, 0 ], [ 0, 0, 0, 1 ] ] ]),TheRotSubgroup:=Group([ [ [ -1, 0, 0, 0 ], [ 0, -1, 0, 0 ], [ 0, 0, -1, 0 ], [ 0, 0, 0, -1 ] ], 
  [ [ 0, -9, -11, 9 ], [ 54, 0, -27, -22 ], [ -22, -9, 0, 18 ], 
      [ 27, -11, -27, 0 ] ], 
  [ [ 0, 9, 11, -9 ], [ -54, 0, 27, 22 ], [ 22, 9, 0, -18 ], 
      [ -27, 11, 27, 0 ] ], 
  [ [ 1, 0, 0, 0 ], [ 0, 1, 0, 0 ], [ 0, 0, 1, 0 ], [ 0, 0, 0, 1 ] ] ]),BoundaryImage:=rec(ListIFace:=[ 2, 3 ],ListSign:=[ -1, 1 ],ListElt:=[ [ [ 1, 0, 0, 0 ], [ 0, 1, 0, 0 ], [ 0, 0, 1, 0 ], [ 0, 0, 0, 1 ] ], 
  [ [ -13, 1, 5, 2 ], [ -6, -13, -6, 10 ], [ -10, 6, 7, -2 ], 
      [ -18, -5, 3, 7 ] ] ])),rec(TheMatrixStab:=Group([ [ [ -2, -1, 0, 1 ], [ 6, -2, -3, 0 ], [ -6, -1, 1, 2 ], [ 3, -3, -3, 1 ] ], 
  [ [ -1, -1, 0, 1 ], [ 6, -1, -3, 0 ], [ -6, -1, 2, 2 ], [ 3, -3, -3, 2 ] ], 
  [ [ -1, 0, 0, 0 ], [ 0, -1, 0, 0 ], [ 0, 0, -1, 0 ], [ 0, 0, 0, -1 ] ], 
  [ [ 1, 0, 0, 0 ], [ 0, 1, 0, 0 ], [ 0, 0, 1, 0 ], [ 0, 0, 0, 1 ] ], 
  [ [ 1, 1, 0, -1 ], [ -6, 1, 3, 0 ], [ 6, 1, -2, -2 ], [ -3, 3, 3, -2 ] ], 
  [ [ 2, 1, 0, -1 ], [ -6, 2, 3, 0 ], [ 6, 1, -1, -2 ], [ -3, 3, 3, -1 ] ] ]),TheRotSubgroup:=Group([ [ [ -2, -1, 0, 1 ], [ 6, -2, -3, 0 ], [ -6, -1, 1, 2 ], [ 3, -3, -3, 1 ] ], 
  [ [ -1, -1, 0, 1 ], [ 6, -1, -3, 0 ], [ -6, -1, 2, 2 ], [ 3, -3, -3, 2 ] ], 
  [ [ -1, 0, 0, 0 ], [ 0, -1, 0, 0 ], [ 0, 0, -1, 0 ], [ 0, 0, 0, -1 ] ], 
  [ [ 1, 0, 0, 0 ], [ 0, 1, 0, 0 ], [ 0, 0, 1, 0 ], [ 0, 0, 0, 1 ] ], 
  [ [ 1, 1, 0, -1 ], [ -6, 1, 3, 0 ], [ 6, 1, -2, -2 ], [ -3, 3, 3, -2 ] ], 
  [ [ 2, 1, 0, -1 ], [ -6, 2, 3, 0 ], [ 6, 1, -1, -2 ], [ -3, 3, 3, -1 ] ] ]),BoundaryImage:=rec(ListIFace:=[ 3, 4 ],ListSign:=[ -1, 1 ],ListElt:=[ [ [ 1, 0, 0, 0 ], [ 0, 1, 0, 0 ], [ 0, 0, 1, 0 ], [ 0, 0, 0, 1 ] ], 
  [ [ -11, 1, 7, 3 ], [ -6, -11, -9, 14 ], [ -12, 6, 13, -2 ], 
      [ -18, -6, 3, 13 ] ] ]))],[rec(TheMatrixStab:=Group([ [ [ -1, 0, 0, 0 ], [ 0, -1, 0, 0 ], [ 0, 0, -1, 0 ], [ 0, 0, 0, -1 ] ], 
  [ [ 1, 0, 0, 0 ], [ 0, 1, 0, 0 ], [ 0, 0, 1, 0 ], [ 0, 0, 0, 1 ] ] ]),TheRotSubgroup:=Group([ [ [ -1, 0, 0, 0 ], [ 0, -1, 0, 0 ], [ 0, 0, -1, 0 ], [ 0, 0, 0, -1 ] ], 
  [ [ 1, 0, 0, 0 ], [ 0, 1, 0, 0 ], [ 0, 0, 1, 0 ], [ 0, 0, 0, 1 ] ] ]),BoundaryImage:=rec(ListIFace:=[ 1, 5, 6, 3, 2, 1, 6, 4 ],ListSign:=[ 1, 1, 1, -1, -1, -1, -1, 1 ],ListElt:=[ [ [ -1, 0, 1, 0 ], [ 0, -1, 0, 2 ], [ -2, 0, 1, 0 ], [ 0, -1, 0, 1 ] ], 
  [ [ -1, 0, 1, 0 ], [ 0, -1, 0, 2 ], [ -2, 0, 1, 0 ], [ 0, -1, 0, 1 ] ], 
  [ [ -14, 1, 6, 3 ], [ -6, -14, -9, 12 ], [ -12, 7, 10, -2 ], 
      [ -21, -6, 3, 10 ] ], 
  [ [ 5, 2, -1, -4 ], [ -12, 5, 12, -2 ], [ 12, 0, -7, -4 ], [ 0, 6, 6, -7 ] ]
    , 
  [ [ 0, -1, -1, 1 ], [ 6, 0, -3, -2 ], [ -2, -1, 0, 2 ], [ 3, -1, -3, 0 ] ], 
  [ [ 5, 2, -1, -4 ], [ -12, 5, 12, -2 ], [ 12, 0, -7, -4 ], [ 0, 6, 6, -7 ] ]
    , 
  [ [ -1, -1, 0, 1 ], [ 6, -1, -3, 0 ], [ -6, -1, 2, 2 ], [ 3, -3, -3, 2 ] ], 
  [ [ 2, 0, 1, -1 ], [ 0, 2, 3, 2 ], [ 2, -1, 0, -2 ], [ 3, 1, 3, 0 ] ] ])),rec(TheMatrixStab:=Group([ [ [ -1, 0, 0, 0 ], [ 0, -1, 0, 0 ], [ 0, 0, -1, 0 ], [ 0, 0, 0, -1 ] ], 
  [ [ 1, 0, 0, 0 ], [ 0, 1, 0, 0 ], [ 0, 0, 1, 0 ], [ 0, 0, 0, 1 ] ] ]),TheRotSubgroup:=Group([ [ [ -1, 0, 0, 0 ], [ 0, -1, 0, 0 ], [ 0, 0, -1, 0 ], [ 0, 0, 0, -1 ] ], 
  [ [ 1, 0, 0, 0 ], [ 0, 1, 0, 0 ], [ 0, 0, 1, 0 ], [ 0, 0, 0, 1 ] ] ]),BoundaryImage:=rec(ListIFace:=[ 2, 5, 3, 4 ],ListSign:=[ 1, -1, 1, -1 ],ListElt:=[ [ [ 0, -1, -1, 1 ], [ 6, 0, -3, -2 ], [ -2, -1, 0, 2 ], [ 3, -1, -3, 0 ] ], 
  [ [ -5, 2, 5, 0 ], [ -12, -5, 0, 10 ], [ 2, 5, 5, -6 ], [ -15, 1, 9, 5 ] ], 
  [ [ -5, 2, 5, 0 ], [ -12, -5, 0, 10 ], [ 2, 5, 5, -6 ], [ -15, 1, 9, 5 ] ], 
  [ [ -2, 0, 1, 1 ], [ 0, -2, -3, 2 ], [ -2, 1, 2, 0 ], [ -3, -1, 0, 2 ] ] ]))]];