HAP_GCOMPLEX_SETUP:=[false]; 
HAP_GCOMPLEX_LIST:=[[rec(TheMatrixStab:=Group([ [ [ -1, 0, 0, 0 ], [ 0, -1, 0, 0 ], [ 0, 0, -1, 0 ], [ 0, 0, 0, -1 ] ], 
  [ [ -1, 0, 1, 0 ], [ 0, -1, 1, 2 ], [ -2, 0, 1, 0 ], [ 1, -1, 0, 1 ] ], 
  [ [ 1, 0, -1, 0 ], [ 0, 1, -1, -2 ], [ 2, 0, -1, 0 ], [ -1, 1, 0, -1 ] ], 
  [ [ 1, 0, 0, 0 ], [ 0, 1, 0, 0 ], [ 0, 0, 1, 0 ], [ 0, 0, 0, 1 ] ] ]),TheRotSubgroup:=Group([ [ [ -1, 0, 0, 0 ], [ 0, -1, 0, 0 ], [ 0, 0, -1, 0 ], [ 0, 0, 0, -1 ] ], 
  [ [ -1, 0, 1, 0 ], [ 0, -1, 1, 2 ], [ -2, 0, 1, 0 ], [ 1, -1, 0, 1 ] ], 
  [ [ 1, 0, -1, 0 ], [ 0, 1, -1, -2 ], [ 2, 0, -1, 0 ], [ -1, 1, 0, -1 ] ], 
  [ [ 1, 0, 0, 0 ], [ 0, 1, 0, 0 ], [ 0, 0, 1, 0 ], [ 0, 0, 0, 1 ] ] ]),BoundaryImage:=rec(ListIFace:=[  ],ListSign:=[  ],ListElt:=[  ])),rec(TheMatrixStab:=Group([ [ [ -1, 0, 0, 0 ], [ 0, -1, 0, 0 ], [ 0, 0, -1, 0 ], [ 0, 0, 0, -1 ] ], 
  [ [ -1, 0, 1, 0 ], [ 0, -1, 1, 2 ], [ -2, 0, 1, 0 ], [ 1, -1, 0, 1 ] ], 
  [ [ 1, 0, -1, 0 ], [ 0, 1, -1, -2 ], [ 2, 0, -1, 0 ], [ -1, 1, 0, -1 ] ], 
  [ [ 1, 0, 0, 0 ], [ 0, 1, 0, 0 ], [ 0, 0, 1, 0 ], [ 0, 0, 0, 1 ] ] ]),TheRotSubgroup:=Group([ [ [ -1, 0, 0, 0 ], [ 0, -1, 0, 0 ], [ 0, 0, -1, 0 ], [ 0, 0, 0, -1 ] ], 
  [ [ -1, 0, 1, 0 ], [ 0, -1, 1, 2 ], [ -2, 0, 1, 0 ], [ 1, -1, 0, 1 ] ], 
  [ [ 1, 0, -1, 0 ], [ 0, 1, -1, -2 ], [ 2, 0, -1, 0 ], [ -1, 1, 0, -1 ] ], 
  [ [ 1, 0, 0, 0 ], [ 0, 1, 0, 0 ], [ 0, 0, 1, 0 ], [ 0, 0, 0, 1 ] ] ]),BoundaryImage:=rec(ListIFace:=[  ],ListSign:=[  ],ListElt:=[  ])),rec(TheMatrixStab:=Group([ [ [ -19, 0, 12, 5 ], [ 0, -19, -23, 19 ], [ -19, 5, 18, 0 ], 
      [ -23, -12, 0, 18 ] ], 
  [ [ -18, -5, 5, 10 ], [ 65, -18, -65, 0 ], [ -36, 0, 23, 10 ], 
      [ 18, -18, -35, 13 ] ], 
  [ [ -18, 0, 11, 5 ], [ 0, -18, -24, 17 ], [ -17, 5, 17, 0 ], 
      [ -24, -11, 0, 17 ] ], 
  [ [ -18, 0, 12, 5 ], [ 0, -18, -23, 19 ], [ -19, 5, 19, 0 ], 
      [ -23, -12, 0, 19 ] ], 
  [ [ -18, 5, 18, 0 ], [ -65, -18, 18, 36 ], [ 0, 10, 13, -10 ], 
      [ -65, -5, 35, 23 ] ], 
  [ [ -17, 0, 11, 5 ], [ 0, -17, -24, 17 ], [ -17, 5, 18, 0 ], 
      [ -24, -11, 0, 18 ] ], 
  [ [ -1, -5, -6, 5 ], [ 65, -1, -41, -17 ], [ -19, -5, 5, 10 ], 
      [ 42, -7, -35, -5 ] ], 
  [ [ -1, 0, 0, 0 ], [ 0, -1, 0, 0 ], [ 0, 0, -1, 0 ], [ 0, 0, 0, -1 ] ], 
  [ [ -1, 0, 1, 0 ], [ 0, -1, 1, 2 ], [ -2, 0, 1, 0 ], [ 1, -1, 0, 1 ] ], 
  [ [ -1, 5, 7, -5 ], [ -65, -1, 42, 19 ], [ 17, 5, -5, -10 ], 
      [ -41, 6, 35, 5 ] ], 
  [ [ 0, -5, -7, 5 ], [ 65, 0, -42, -19 ], [ -17, -5, 4, 10 ], 
      [ 41, -6, -35, -6 ] ], 
  [ [ 0, -5, -6, 5 ], [ 65, 0, -41, -17 ], [ -19, -5, 6, 10 ], 
      [ 42, -7, -35, -4 ] ], 
  [ [ 0, 5, 6, -5 ], [ -65, 0, 41, 17 ], [ 19, 5, -6, -10 ], 
      [ -42, 7, 35, 4 ] ], 
  [ [ 0, 5, 7, -5 ], [ -65, 0, 42, 19 ], [ 17, 5, -4, -10 ], 
      [ -41, 6, 35, 6 ] ], 
  [ [ 1, -5, -7, 5 ], [ 65, 1, -42, -19 ], [ -17, -5, 5, 10 ], 
      [ 41, -6, -35, -5 ] ], 
  [ [ 1, 0, -1, 0 ], [ 0, 1, -1, -2 ], [ 2, 0, -1, 0 ], [ -1, 1, 0, -1 ] ], 
  [ [ 1, 0, 0, 0 ], [ 0, 1, 0, 0 ], [ 0, 0, 1, 0 ], [ 0, 0, 0, 1 ] ], 
  [ [ 1, 5, 6, -5 ], [ -65, 1, 41, 17 ], [ 19, 5, -5, -10 ], 
      [ -42, 7, 35, 5 ] ], 
  [ [ 17, 0, -11, -5 ], [ 0, 17, 24, -17 ], [ 17, -5, -18, 0 ], 
      [ 24, 11, 0, -18 ] ], 
  [ [ 18, -5, -18, 0 ], [ 65, 18, -18, -36 ], [ 0, -10, -13, 10 ], 
      [ 65, 5, -35, -23 ] ], 
  [ [ 18, 0, -12, -5 ], [ 0, 18, 23, -19 ], [ 19, -5, -19, 0 ], 
      [ 23, 12, 0, -19 ] ], 
  [ [ 18, 0, -11, -5 ], [ 0, 18, 24, -17 ], [ 17, -5, -17, 0 ], 
      [ 24, 11, 0, -17 ] ], 
  [ [ 18, 5, -5, -10 ], [ -65, 18, 65, 0 ], [ 36, 0, -23, -10 ], 
      [ -18, 18, 35, -13 ] ], 
  [ [ 19, 0, -12, -5 ], [ 0, 19, 23, -19 ], [ 19, -5, -18, 0 ], 
      [ 23, 12, 0, -18 ] ] ]),TheRotSubgroup:=Group([ [ [ -19, 0, 12, 5 ], [ 0, -19, -23, 19 ], [ -19, 5, 18, 0 ], 
      [ -23, -12, 0, 18 ] ], 
  [ [ -18, -5, 5, 10 ], [ 65, -18, -65, 0 ], [ -36, 0, 23, 10 ], 
      [ 18, -18, -35, 13 ] ], 
  [ [ -18, 0, 11, 5 ], [ 0, -18, -24, 17 ], [ -17, 5, 17, 0 ], 
      [ -24, -11, 0, 17 ] ], 
  [ [ -18, 0, 12, 5 ], [ 0, -18, -23, 19 ], [ -19, 5, 19, 0 ], 
      [ -23, -12, 0, 19 ] ], 
  [ [ -18, 5, 18, 0 ], [ -65, -18, 18, 36 ], [ 0, 10, 13, -10 ], 
      [ -65, -5, 35, 23 ] ], 
  [ [ -17, 0, 11, 5 ], [ 0, -17, -24, 17 ], [ -17, 5, 18, 0 ], 
      [ -24, -11, 0, 18 ] ], 
  [ [ -1, -5, -6, 5 ], [ 65, -1, -41, -17 ], [ -19, -5, 5, 10 ], 
      [ 42, -7, -35, -5 ] ], 
  [ [ -1, 0, 0, 0 ], [ 0, -1, 0, 0 ], [ 0, 0, -1, 0 ], [ 0, 0, 0, -1 ] ], 
  [ [ -1, 0, 1, 0 ], [ 0, -1, 1, 2 ], [ -2, 0, 1, 0 ], [ 1, -1, 0, 1 ] ], 
  [ [ -1, 5, 7, -5 ], [ -65, -1, 42, 19 ], [ 17, 5, -5, -10 ], 
      [ -41, 6, 35, 5 ] ], 
  [ [ 0, -5, -7, 5 ], [ 65, 0, -42, -19 ], [ -17, -5, 4, 10 ], 
      [ 41, -6, -35, -6 ] ], 
  [ [ 0, -5, -6, 5 ], [ 65, 0, -41, -17 ], [ -19, -5, 6, 10 ], 
      [ 42, -7, -35, -4 ] ], 
  [ [ 0, 5, 6, -5 ], [ -65, 0, 41, 17 ], [ 19, 5, -6, -10 ], 
      [ -42, 7, 35, 4 ] ], 
  [ [ 0, 5, 7, -5 ], [ -65, 0, 42, 19 ], [ 17, 5, -4, -10 ], 
      [ -41, 6, 35, 6 ] ], 
  [ [ 1, -5, -7, 5 ], [ 65, 1, -42, -19 ], [ -17, -5, 5, 10 ], 
      [ 41, -6, -35, -5 ] ], 
  [ [ 1, 0, -1, 0 ], [ 0, 1, -1, -2 ], [ 2, 0, -1, 0 ], [ -1, 1, 0, -1 ] ], 
  [ [ 1, 0, 0, 0 ], [ 0, 1, 0, 0 ], [ 0, 0, 1, 0 ], [ 0, 0, 0, 1 ] ], 
  [ [ 1, 5, 6, -5 ], [ -65, 1, 41, 17 ], [ 19, 5, -5, -10 ], 
      [ -42, 7, 35, 5 ] ], 
  [ [ 17, 0, -11, -5 ], [ 0, 17, 24, -17 ], [ 17, -5, -18, 0 ], 
      [ 24, 11, 0, -18 ] ], 
  [ [ 18, -5, -18, 0 ], [ 65, 18, -18, -36 ], [ 0, -10, -13, 10 ], 
      [ 65, 5, -35, -23 ] ], 
  [ [ 18, 0, -12, -5 ], [ 0, 18, 23, -19 ], [ 19, -5, -19, 0 ], 
      [ 23, 12, 0, -19 ] ], 
  [ [ 18, 0, -11, -5 ], [ 0, 18, 24, -17 ], [ 17, -5, -17, 0 ], 
      [ 24, 11, 0, -17 ] ], 
  [ [ 18, 5, -5, -10 ], [ -65, 18, 65, 0 ], [ 36, 0, -23, -10 ], 
      [ -18, 18, 35, -13 ] ], 
  [ [ 19, 0, -12, -5 ], [ 0, 19, 23, -19 ], [ 19, -5, -18, 0 ], 
      [ 23, 12, 0, -18 ] ] ]),BoundaryImage:=rec(ListIFace:=[  ],ListSign:=[  ],ListElt:=[  ])),rec(TheMatrixStab:=Group([ [ [ -19, 0, 7, -5 ], [ 0, -19, 42, 19 ], [ -19, -5, 18, 0 ], 
      [ 42, -7, 0, 18 ] ], 
  [ [ -18, -5, 18, 0 ], [ 65, -18, 18, 36 ], [ 0, -10, 23, 10 ], 
      [ 65, 5, -35, 13 ] ], 
  [ [ -18, 0, 6, -5 ], [ 0, -18, 41, 17 ], [ -17, -5, 17, 0 ], 
      [ 41, -6, 0, 17 ] ], 
  [ [ -18, 0, 7, -5 ], [ 0, -18, 42, 19 ], [ -19, -5, 19, 0 ], 
      [ 42, -7, 0, 19 ] ], 
  [ [ -18, 5, -5, -10 ], [ -65, -18, 65, 0 ], [ -36, 0, 13, -10 ], 
      [ 18, -18, 35, 23 ] ], 
  [ [ -17, 0, 6, -5 ], [ 0, -17, 41, 17 ], [ -17, -5, 18, 0 ], 
      [ 41, -6, 0, 18 ] ], 
  [ [ -1, -5, 12, 5 ], [ 65, -1, -23, 19 ], [ 17, -5, 5, 10 ], 
      [ 24, 11, -35, -5 ] ], 
  [ [ -1, 0, 0, 0 ], [ 0, -1, 0, 0 ], [ 0, 0, -1, 0 ], [ 0, 0, 0, -1 ] ], 
  [ [ -1, 0, 1, 0 ], [ 0, -1, 1, 2 ], [ -2, 0, 1, 0 ], [ 1, -1, 0, 1 ] ], 
  [ [ -1, 5, -11, -5 ], [ -65, -1, 24, -17 ], [ -19, 5, -5, -10 ], 
      [ -23, -12, 35, 5 ] ], 
  [ [ 0, -5, 11, 5 ], [ 65, 0, -24, 17 ], [ 19, -5, 4, 10 ], 
      [ 23, 12, -35, -6 ] ], 
  [ [ 0, -5, 12, 5 ], [ 65, 0, -23, 19 ], [ 17, -5, 6, 10 ], 
      [ 24, 11, -35, -4 ] ], 
  [ [ 0, 5, -12, -5 ], [ -65, 0, 23, -19 ], [ -17, 5, -6, -10 ], 
      [ -24, -11, 35, 4 ] ], 
  [ [ 0, 5, -11, -5 ], [ -65, 0, 24, -17 ], [ -19, 5, -4, -10 ], 
      [ -23, -12, 35, 6 ] ], 
  [ [ 1, -5, 11, 5 ], [ 65, 1, -24, 17 ], [ 19, -5, 5, 10 ], 
      [ 23, 12, -35, -5 ] ], 
  [ [ 1, 0, -1, 0 ], [ 0, 1, -1, -2 ], [ 2, 0, -1, 0 ], [ -1, 1, 0, -1 ] ], 
  [ [ 1, 0, 0, 0 ], [ 0, 1, 0, 0 ], [ 0, 0, 1, 0 ], [ 0, 0, 0, 1 ] ], 
  [ [ 1, 5, -12, -5 ], [ -65, 1, 23, -19 ], [ -17, 5, -5, -10 ], 
      [ -24, -11, 35, 5 ] ], 
  [ [ 17, 0, -6, 5 ], [ 0, 17, -41, -17 ], [ 17, 5, -18, 0 ], 
      [ -41, 6, 0, -18 ] ], 
  [ [ 18, -5, 5, 10 ], [ 65, 18, -65, 0 ], [ 36, 0, -13, 10 ], 
      [ -18, 18, -35, -23 ] ], 
  [ [ 18, 0, -7, 5 ], [ 0, 18, -42, -19 ], [ 19, 5, -19, 0 ], 
      [ -42, 7, 0, -19 ] ], 
  [ [ 18, 0, -6, 5 ], [ 0, 18, -41, -17 ], [ 17, 5, -17, 0 ], 
      [ -41, 6, 0, -17 ] ], 
  [ [ 18, 5, -18, 0 ], [ -65, 18, -18, -36 ], [ 0, 10, -23, -10 ], 
      [ -65, -5, 35, -13 ] ], 
  [ [ 19, 0, -7, 5 ], [ 0, 19, -42, -19 ], [ 19, 5, -18, 0 ], 
      [ -42, 7, 0, -18 ] ] ]),TheRotSubgroup:=Group([ [ [ -19, 0, 7, -5 ], [ 0, -19, 42, 19 ], [ -19, -5, 18, 0 ], 
      [ 42, -7, 0, 18 ] ], 
  [ [ -18, -5, 18, 0 ], [ 65, -18, 18, 36 ], [ 0, -10, 23, 10 ], 
      [ 65, 5, -35, 13 ] ], 
  [ [ -18, 0, 6, -5 ], [ 0, -18, 41, 17 ], [ -17, -5, 17, 0 ], 
      [ 41, -6, 0, 17 ] ], 
  [ [ -18, 0, 7, -5 ], [ 0, -18, 42, 19 ], [ -19, -5, 19, 0 ], 
      [ 42, -7, 0, 19 ] ], 
  [ [ -18, 5, -5, -10 ], [ -65, -18, 65, 0 ], [ -36, 0, 13, -10 ], 
      [ 18, -18, 35, 23 ] ], 
  [ [ -17, 0, 6, -5 ], [ 0, -17, 41, 17 ], [ -17, -5, 18, 0 ], 
      [ 41, -6, 0, 18 ] ], 
  [ [ -1, -5, 12, 5 ], [ 65, -1, -23, 19 ], [ 17, -5, 5, 10 ], 
      [ 24, 11, -35, -5 ] ], 
  [ [ -1, 0, 0, 0 ], [ 0, -1, 0, 0 ], [ 0, 0, -1, 0 ], [ 0, 0, 0, -1 ] ], 
  [ [ -1, 0, 1, 0 ], [ 0, -1, 1, 2 ], [ -2, 0, 1, 0 ], [ 1, -1, 0, 1 ] ], 
  [ [ -1, 5, -11, -5 ], [ -65, -1, 24, -17 ], [ -19, 5, -5, -10 ], 
      [ -23, -12, 35, 5 ] ], 
  [ [ 0, -5, 11, 5 ], [ 65, 0, -24, 17 ], [ 19, -5, 4, 10 ], 
      [ 23, 12, -35, -6 ] ], 
  [ [ 0, -5, 12, 5 ], [ 65, 0, -23, 19 ], [ 17, -5, 6, 10 ], 
      [ 24, 11, -35, -4 ] ], 
  [ [ 0, 5, -12, -5 ], [ -65, 0, 23, -19 ], [ -17, 5, -6, -10 ], 
      [ -24, -11, 35, 4 ] ], 
  [ [ 0, 5, -11, -5 ], [ -65, 0, 24, -17 ], [ -19, 5, -4, -10 ], 
      [ -23, -12, 35, 6 ] ], 
  [ [ 1, -5, 11, 5 ], [ 65, 1, -24, 17 ], [ 19, -5, 5, 10 ], 
      [ 23, 12, -35, -5 ] ], 
  [ [ 1, 0, -1, 0 ], [ 0, 1, -1, -2 ], [ 2, 0, -1, 0 ], [ -1, 1, 0, -1 ] ], 
  [ [ 1, 0, 0, 0 ], [ 0, 1, 0, 0 ], [ 0, 0, 1, 0 ], [ 0, 0, 0, 1 ] ], 
  [ [ 1, 5, -12, -5 ], [ -65, 1, 23, -19 ], [ -17, 5, -5, -10 ], 
      [ -24, -11, 35, 5 ] ], 
  [ [ 17, 0, -6, 5 ], [ 0, 17, -41, -17 ], [ 17, 5, -18, 0 ], 
      [ -41, 6, 0, -18 ] ], 
  [ [ 18, -5, 5, 10 ], [ 65, 18, -65, 0 ], [ 36, 0, -13, 10 ], 
      [ -18, 18, -35, -23 ] ], 
  [ [ 18, 0, -7, 5 ], [ 0, 18, -42, -19 ], [ 19, 5, -19, 0 ], 
      [ -42, 7, 0, -19 ] ], 
  [ [ 18, 0, -6, 5 ], [ 0, 18, -41, -17 ], [ 17, 5, -17, 0 ], 
      [ -41, 6, 0, -17 ] ], 
  [ [ 18, 5, -18, 0 ], [ -65, 18, -18, -36 ], [ 0, 10, -23, -10 ], 
      [ -65, -5, 35, -13 ] ], 
  [ [ 19, 0, -7, 5 ], [ 0, 19, -42, -19 ], [ 19, 5, -18, 0 ], 
      [ -42, 7, 0, -18 ] ] ]),BoundaryImage:=rec(ListIFace:=[  ],ListSign:=[  ],ListElt:=[  ])),rec(TheMatrixStab:=Group([ [ [ -2, -1, 0, 1 ], [ 13, -2, -7, -1 ], [ -7, -1, 2, 2 ], [ 10, -3, -7, 0 ] 
     ], 
  [ [ -1, -1, 0, 1 ], [ 13, -1, -7, -1 ], [ -7, -1, 3, 2 ], [ 10, -3, -7, 1 ] 
     ], [ [ -1, 0, 0, 0 ], [ 0, -1, 0, 0 ], [ 0, 0, -1, 0 ], [ 0, 0, 0, -1 ] ]
    , [ [ 1, 0, 0, 0 ], [ 0, 1, 0, 0 ], [ 0, 0, 1, 0 ], [ 0, 0, 0, 1 ] ], 
  [ [ 1, 1, 0, -1 ], [ -13, 1, 7, 1 ], [ 7, 1, -3, -2 ], [ -10, 3, 7, -1 ] ], 
  [ [ 2, 1, 0, -1 ], [ -13, 2, 7, 1 ], [ 7, 1, -2, -2 ], [ -10, 3, 7, 0 ] ] ]),TheRotSubgroup:=Group([ [ [ -2, -1, 0, 1 ], [ 13, -2, -7, -1 ], [ -7, -1, 2, 2 ], [ 10, -3, -7, 0 ] 
     ], 
  [ [ -1, -1, 0, 1 ], [ 13, -1, -7, -1 ], [ -7, -1, 3, 2 ], [ 10, -3, -7, 1 ] 
     ], [ [ -1, 0, 0, 0 ], [ 0, -1, 0, 0 ], [ 0, 0, -1, 0 ], [ 0, 0, 0, -1 ] ]
    , [ [ 1, 0, 0, 0 ], [ 0, 1, 0, 0 ], [ 0, 0, 1, 0 ], [ 0, 0, 0, 1 ] ], 
  [ [ 1, 1, 0, -1 ], [ -13, 1, 7, 1 ], [ 7, 1, -3, -2 ], [ -10, 3, 7, -1 ] ], 
  [ [ 2, 1, 0, -1 ], [ -13, 2, 7, 1 ], [ 7, 1, -2, -2 ], [ -10, 3, 7, 0 ] ] ]),BoundaryImage:=rec(ListIFace:=[  ],ListSign:=[  ],ListElt:=[  ])),rec(TheMatrixStab:=Group([ [ [ -6, 0, 3, -1 ], [ 0, -6, 10, 7 ], [ -7, -1, 5, 0 ], [ 10, -3, 0, 5 ] ], 
  [ [ -5, 0, 3, -1 ], [ 0, -5, 10, 7 ], [ -7, -1, 6, 0 ], [ 10, -3, 0, 6 ] ], 
  [ [ -1, 0, 0, 0 ], [ 0, -1, 0, 0 ], [ 0, 0, -1, 0 ], [ 0, 0, 0, -1 ] ], 
  [ [ 1, 0, 0, 0 ], [ 0, 1, 0, 0 ], [ 0, 0, 1, 0 ], [ 0, 0, 0, 1 ] ], 
  [ [ 5, 0, -3, 1 ], [ 0, 5, -10, -7 ], [ 7, 1, -6, 0 ], [ -10, 3, 0, -6 ] ], 
  [ [ 6, 0, -3, 1 ], [ 0, 6, -10, -7 ], [ 7, 1, -5, 0 ], [ -10, 3, 0, -5 ] ] ]),TheRotSubgroup:=Group([ [ [ -6, 0, 3, -1 ], [ 0, -6, 10, 7 ], [ -7, -1, 5, 0 ], [ 10, -3, 0, 5 ] ], 
  [ [ -5, 0, 3, -1 ], [ 0, -5, 10, 7 ], [ -7, -1, 6, 0 ], [ 10, -3, 0, 6 ] ], 
  [ [ -1, 0, 0, 0 ], [ 0, -1, 0, 0 ], [ 0, 0, -1, 0 ], [ 0, 0, 0, -1 ] ], 
  [ [ 1, 0, 0, 0 ], [ 0, 1, 0, 0 ], [ 0, 0, 1, 0 ], [ 0, 0, 0, 1 ] ], 
  [ [ 5, 0, -3, 1 ], [ 0, 5, -10, -7 ], [ 7, 1, -6, 0 ], [ -10, 3, 0, -6 ] ], 
  [ [ 6, 0, -3, 1 ], [ 0, 6, -10, -7 ], [ 7, 1, -5, 0 ], [ -10, 3, 0, -5 ] ] ]),BoundaryImage:=rec(ListIFace:=[  ],ListSign:=[  ],ListElt:=[  ]))],[rec(TheMatrixStab:=Group([ [ [ -1, 0, 0, 0 ], [ 0, -1, 0, 0 ], [ 0, 0, -1, 0 ], [ 0, 0, 0, -1 ] ], 
  [ [ -1, 0, 1, 0 ], [ 0, -1, 1, 2 ], [ -2, 0, 1, 0 ], [ 1, -1, 0, 1 ] ], 
  [ [ 1, 0, -1, 0 ], [ 0, 1, -1, -2 ], [ 2, 0, -1, 0 ], [ -1, 1, 0, -1 ] ], 
  [ [ 1, 0, 0, 0 ], [ 0, 1, 0, 0 ], [ 0, 0, 1, 0 ], [ 0, 0, 0, 1 ] ] ]),TheRotSubgroup:=Group([ [ [ -1, 0, 0, 0 ], [ 0, -1, 0, 0 ], [ 0, 0, -1, 0 ], [ 0, 0, 0, -1 ] ], 
  [ [ -1, 0, 1, 0 ], [ 0, -1, 1, 2 ], [ -2, 0, 1, 0 ], [ 1, -1, 0, 1 ] ], 
  [ [ 1, 0, -1, 0 ], [ 0, 1, -1, -2 ], [ 2, 0, -1, 0 ], [ -1, 1, 0, -1 ] ], 
  [ [ 1, 0, 0, 0 ], [ 0, 1, 0, 0 ], [ 0, 0, 1, 0 ], [ 0, 0, 0, 1 ] ] ]),BoundaryImage:=rec(ListIFace:=[ 1, 3 ],ListSign:=[ -1, 1 ],ListElt:=[ [ [ 1, 0, -1, 0 ], [ 0, 1, -1, -2 ], [ 2, 0, -1, 0 ], [ -1, 1, 0, -1 ] ], 
  [ [ 0, -5, -7, 5 ], [ 65, 0, -42, -19 ], [ -17, -5, 4, 10 ], 
      [ 41, -6, -35, -6 ] ] ])),rec(TheMatrixStab:=Group([ [ [ -1, 0, 0, 0 ], [ 0, -1, 0, 0 ], [ 0, 0, -1, 0 ], [ 0, 0, 0, -1 ] ], 
  [ [ -1, 0, 1, 0 ], [ 0, -1, 1, 2 ], [ -2, 0, 1, 0 ], [ 1, -1, 0, 1 ] ], 
  [ [ 1, 0, -1, 0 ], [ 0, 1, -1, -2 ], [ 2, 0, -1, 0 ], [ -1, 1, 0, -1 ] ], 
  [ [ 1, 0, 0, 0 ], [ 0, 1, 0, 0 ], [ 0, 0, 1, 0 ], [ 0, 0, 0, 1 ] ] ]),TheRotSubgroup:=Group([ [ [ -1, 0, 0, 0 ], [ 0, -1, 0, 0 ], [ 0, 0, -1, 0 ], [ 0, 0, 0, -1 ] ], 
  [ [ -1, 0, 1, 0 ], [ 0, -1, 1, 2 ], [ -2, 0, 1, 0 ], [ 1, -1, 0, 1 ] ], 
  [ [ 1, 0, -1, 0 ], [ 0, 1, -1, -2 ], [ 2, 0, -1, 0 ], [ -1, 1, 0, -1 ] ], 
  [ [ 1, 0, 0, 0 ], [ 0, 1, 0, 0 ], [ 0, 0, 1, 0 ], [ 0, 0, 0, 1 ] ] ]),BoundaryImage:=rec(ListIFace:=[ 2, 4 ],ListSign:=[ -1, 1 ],ListElt:=[ [ [ -1, 0, 0, 0 ], [ 0, -1, 0, 0 ], [ 0, 0, -1, 0 ], [ 0, 0, 0, -1 ] ], 
  [ [ -18, 0, 6, -5 ], [ 0, -18, 41, 17 ], [ -17, -5, 17, 0 ], 
      [ 41, -6, 0, 17 ] ] ])),rec(TheMatrixStab:=Group([ [ [ -1, 0, 0, 0 ], [ 0, -1, 0, 0 ], [ 0, 0, -1, 0 ], [ 0, 0, 0, -1 ] ], 
  [ [ 1, 0, 0, 0 ], [ 0, 1, 0, 0 ], [ 0, 0, 1, 0 ], [ 0, 0, 0, 1 ] ] ]),TheRotSubgroup:=Group([ [ [ -1, 0, 0, 0 ], [ 0, -1, 0, 0 ], [ 0, 0, -1, 0 ], [ 0, 0, 0, -1 ] ], 
  [ [ 1, 0, 0, 0 ], [ 0, 1, 0, 0 ], [ 0, 0, 1, 0 ], [ 0, 0, 0, 1 ] ] ]),BoundaryImage:=rec(ListIFace:=[ 1, 5 ],ListSign:=[ -1, 1 ],ListElt:=[ [ [ -1, 0, 0, 0 ], [ 0, -1, 0, 0 ], [ 0, 0, -1, 0 ], [ 0, 0, 0, -1 ] ], 
  [ [ -2, -1, 0, 1 ], [ 13, -2, -7, -1 ], [ -7, -1, 2, 2 ], [ 10, -3, -7, 0 ] 
     ] ])),rec(TheMatrixStab:=Group([ [ [ -1, 0, 0, 0 ], [ 0, -1, 0, 0 ], [ 0, 0, -1, 0 ], [ 0, 0, 0, -1 ] ], 
  [ [ 1, 0, 0, 0 ], [ 0, 1, 0, 0 ], [ 0, 0, 1, 0 ], [ 0, 0, 0, 1 ] ] ]),TheRotSubgroup:=Group([ [ [ -1, 0, 0, 0 ], [ 0, -1, 0, 0 ], [ 0, 0, -1, 0 ], [ 0, 0, 0, -1 ] ], 
  [ [ 1, 0, 0, 0 ], [ 0, 1, 0, 0 ], [ 0, 0, 1, 0 ], [ 0, 0, 0, 1 ] ] ]),BoundaryImage:=rec(ListIFace:=[ 2, 6 ],ListSign:=[ -1, 1 ],ListElt:=[ [ [ -1, 0, 1, 0 ], [ 0, -1, 1, 2 ], [ -2, 0, 1, 0 ], [ 1, -1, 0, 1 ] ], 
  [ [ -5, 0, 3, -1 ], [ 0, -5, 10, 7 ], [ -7, -1, 6, 0 ], [ 10, -3, 0, 6 ] ] ])),rec(TheMatrixStab:=Group([ [ [ -1, 0, 0, 0 ], [ 0, -1, 0, 0 ], [ 0, 0, -1, 0 ], [ 0, 0, 0, -1 ] ], 
  [ [ 1, 0, 0, 0 ], [ 0, 1, 0, 0 ], [ 0, 0, 1, 0 ], [ 0, 0, 0, 1 ] ] ]),TheRotSubgroup:=Group([ [ [ -1, 0, 0, 0 ], [ 0, -1, 0, 0 ], [ 0, 0, -1, 0 ], [ 0, 0, 0, -1 ] ], 
  [ [ 1, 0, 0, 0 ], [ 0, 1, 0, 0 ], [ 0, 0, 1, 0 ], [ 0, 0, 0, 1 ] ] ]),BoundaryImage:=rec(ListIFace:=[ 1, 6 ],ListSign:=[ -1, 1 ],ListElt:=[ [ [ 1, 0, 0, 0 ], [ 0, 1, 0, 0 ], [ 0, 0, 1, 0 ], [ 0, 0, 0, 1 ] ], 
  [ [ -4, 1, 0, -2 ], [ -13, -4, 14, 2 ], [ 2, 2, -5, -2 ], [ -14, 0, 7, -3 ] 
     ] ])),rec(TheMatrixStab:=Group([ [ [ -1, 0, 0, 0 ], [ 0, -1, 0, 0 ], [ 0, 0, -1, 0 ], [ 0, 0, 0, -1 ] ], 
  [ [ 1, 0, 0, 0 ], [ 0, 1, 0, 0 ], [ 0, 0, 1, 0 ], [ 0, 0, 0, 1 ] ] ]),TheRotSubgroup:=Group([ [ [ -1, 0, 0, 0 ], [ 0, -1, 0, 0 ], [ 0, 0, -1, 0 ], [ 0, 0, 0, -1 ] ], 
  [ [ 1, 0, 0, 0 ], [ 0, 1, 0, 0 ], [ 0, 0, 1, 0 ], [ 0, 0, 0, 1 ] ] ]),BoundaryImage:=rec(ListIFace:=[ 2, 5 ],ListSign:=[ -1, 1 ],ListElt:=[ [ [ 1, 0, 0, 0 ], [ 0, 1, 0, 0 ], [ 0, 0, 1, 0 ], [ 0, 0, 0, 1 ] ], 
  [ [ 5, 0, -3, -1 ], [ 0, 5, 4, -5 ], [ 5, 1, -2, -2 ], [ -9, 2, 7, 0 ] ] ])),rec(TheMatrixStab:=Group([ [ [ -1, 0, 0, 0 ], [ 0, -1, 0, 0 ], [ 0, 0, -1, 0 ], [ 0, 0, 0, -1 ] ], 
  [ [ -1, 0, 1, 0 ], [ 0, -1, 1, 2 ], [ -2, 0, 1, 0 ], [ 1, -1, 0, 1 ] ], 
  [ [ 1, 0, -1, 0 ], [ 0, 1, -1, -2 ], [ 2, 0, -1, 0 ], [ -1, 1, 0, -1 ] ], 
  [ [ 1, 0, 0, 0 ], [ 0, 1, 0, 0 ], [ 0, 0, 1, 0 ], [ 0, 0, 0, 1 ] ] ]),TheRotSubgroup:=Group([ [ [ -1, 0, 0, 0 ], [ 0, -1, 0, 0 ], [ 0, 0, -1, 0 ], [ 0, 0, 0, -1 ] ], 
  [ [ -1, 0, 1, 0 ], [ 0, -1, 1, 2 ], [ -2, 0, 1, 0 ], [ 1, -1, 0, 1 ] ], 
  [ [ 1, 0, -1, 0 ], [ 0, 1, -1, -2 ], [ 2, 0, -1, 0 ], [ -1, 1, 0, -1 ] ], 
  [ [ 1, 0, 0, 0 ], [ 0, 1, 0, 0 ], [ 0, 0, 1, 0 ], [ 0, 0, 0, 1 ] ] ]),BoundaryImage:=rec(ListIFace:=[ 1, 2 ],ListSign:=[ -1, 1 ],ListElt:=[ [ [ 1, 0, -1, 0 ], [ 0, 1, -1, -2 ], [ 2, 0, -1, 0 ], [ -1, 1, 0, -1 ] ], 
  [ [ 1, 0, -1, 0 ], [ 0, 1, -1, -2 ], [ 2, 0, -1, 0 ], [ -1, 1, 0, -1 ] ] ])),rec(TheMatrixStab:=Group([ [ [ -1, 0, 0, 0 ], [ 0, -1, 0, 0 ], [ 0, 0, -1, 0 ], [ 0, 0, 0, -1 ] ], 
  [ [ -1, 5, 7, -5 ], [ -65, -1, 42, 19 ], [ 17, 5, -5, -10 ], 
      [ -41, 6, 35, 5 ] ], 
  [ [ 0, -5, -7, 5 ], [ 65, 0, -42, -19 ], [ -17, -5, 4, 10 ], 
      [ 41, -6, -35, -6 ] ], 
  [ [ 0, 5, 7, -5 ], [ -65, 0, 42, 19 ], [ 17, 5, -4, -10 ], 
      [ -41, 6, 35, 6 ] ], 
  [ [ 1, -5, -7, 5 ], [ 65, 1, -42, -19 ], [ -17, -5, 5, 10 ], 
      [ 41, -6, -35, -5 ] ], 
  [ [ 1, 0, 0, 0 ], [ 0, 1, 0, 0 ], [ 0, 0, 1, 0 ], [ 0, 0, 0, 1 ] ] ]),TheRotSubgroup:=Group([ [ [ -1, 0, 0, 0 ], [ 0, -1, 0, 0 ], [ 0, 0, -1, 0 ], [ 0, 0, 0, -1 ] ], 
  [ [ -1, 5, 7, -5 ], [ -65, -1, 42, 19 ], [ 17, 5, -5, -10 ], 
      [ -41, 6, 35, 5 ] ], 
  [ [ 0, -5, -7, 5 ], [ 65, 0, -42, -19 ], [ -17, -5, 4, 10 ], 
      [ 41, -6, -35, -6 ] ], 
  [ [ 0, 5, 7, -5 ], [ -65, 0, 42, 19 ], [ 17, 5, -4, -10 ], 
      [ -41, 6, 35, 6 ] ], 
  [ [ 1, -5, -7, 5 ], [ 65, 1, -42, -19 ], [ -17, -5, 5, 10 ], 
      [ 41, -6, -35, -5 ] ], 
  [ [ 1, 0, 0, 0 ], [ 0, 1, 0, 0 ], [ 0, 0, 1, 0 ], [ 0, 0, 0, 1 ] ] ]),BoundaryImage:=rec(ListIFace:=[ 3, 5 ],ListSign:=[ -1, 1 ],ListElt:=[ [ [ 19, 0, -12, -5 ], [ 0, 19, 23, -19 ], [ 19, -5, -18, 0 ], 
      [ 23, 12, 0, -18 ] ], 
  [ [ -14, 3, 7, 0 ], [ -39, -14, 7, 14 ], [ -3, 7, 5, -4 ], 
      [ -44, -5, 14, 9 ] ] ])),rec(TheMatrixStab:=Group([ [ [ -18, 0, 6, -5 ], [ 0, -18, 41, 17 ], [ -17, -5, 17, 0 ], 
      [ 41, -6, 0, 17 ] ], 
  [ [ -17, 0, 6, -5 ], [ 0, -17, 41, 17 ], [ -17, -5, 18, 0 ], 
      [ 41, -6, 0, 18 ] ], 
  [ [ -1, 0, 0, 0 ], [ 0, -1, 0, 0 ], [ 0, 0, -1, 0 ], [ 0, 0, 0, -1 ] ], 
  [ [ 1, 0, 0, 0 ], [ 0, 1, 0, 0 ], [ 0, 0, 1, 0 ], [ 0, 0, 0, 1 ] ], 
  [ [ 17, 0, -6, 5 ], [ 0, 17, -41, -17 ], [ 17, 5, -18, 0 ], 
      [ -41, 6, 0, -18 ] ], 
  [ [ 18, 0, -6, 5 ], [ 0, 18, -41, -17 ], [ 17, 5, -17, 0 ], 
      [ -41, 6, 0, -17 ] ] ]),TheRotSubgroup:=Group([ [ [ -18, 0, 6, -5 ], [ 0, -18, 41, 17 ], [ -17, -5, 17, 0 ], 
      [ 41, -6, 0, 17 ] ], 
  [ [ -17, 0, 6, -5 ], [ 0, -17, 41, 17 ], [ -17, -5, 18, 0 ], 
      [ 41, -6, 0, 18 ] ], 
  [ [ -1, 0, 0, 0 ], [ 0, -1, 0, 0 ], [ 0, 0, -1, 0 ], [ 0, 0, 0, -1 ] ], 
  [ [ 1, 0, 0, 0 ], [ 0, 1, 0, 0 ], [ 0, 0, 1, 0 ], [ 0, 0, 0, 1 ] ], 
  [ [ 17, 0, -6, 5 ], [ 0, 17, -41, -17 ], [ 17, 5, -18, 0 ], 
      [ -41, 6, 0, -18 ] ], 
  [ [ 18, 0, -6, 5 ], [ 0, 18, -41, -17 ], [ 17, 5, -17, 0 ], 
      [ -41, 6, 0, -17 ] ] ]),BoundaryImage:=rec(ListIFace:=[ 4, 6 ],ListSign:=[ -1, 1 ],ListElt:=[ [ [ -18, -5, 18, 0 ], [ 65, -18, 18, 36 ], [ 0, -10, 23, 10 ], 
      [ 65, 5, -35, 13 ] ], 
  [ [ 11, 4, -13, -4 ], [ -52, 11, 15, -22 ], [ -3, 7, -9, -10 ], 
      [ -44, -5, 35, 1 ] ] ])),rec(TheMatrixStab:=Group([ [ [ -1, -5, -6, 5 ], [ 65, -1, -41, -17 ], [ -19, -5, 5, 10 ], 
      [ 42, -7, -35, -5 ] ], 
  [ [ -1, 0, 0, 0 ], [ 0, -1, 0, 0 ], [ 0, 0, -1, 0 ], [ 0, 0, 0, -1 ] ], 
  [ [ 0, -5, -6, 5 ], [ 65, 0, -41, -17 ], [ -19, -5, 6, 10 ], 
      [ 42, -7, -35, -4 ] ], 
  [ [ 0, 5, 6, -5 ], [ -65, 0, 41, 17 ], [ 19, 5, -6, -10 ], 
      [ -42, 7, 35, 4 ] ], 
  [ [ 1, 0, 0, 0 ], [ 0, 1, 0, 0 ], [ 0, 0, 1, 0 ], [ 0, 0, 0, 1 ] ], 
  [ [ 1, 5, 6, -5 ], [ -65, 1, 41, 17 ], [ 19, 5, -5, -10 ], 
      [ -42, 7, 35, 5 ] ] ]),TheRotSubgroup:=Group([ [ [ -1, -5, -6, 5 ], [ 65, -1, -41, -17 ], [ -19, -5, 5, 10 ], 
      [ 42, -7, -35, -5 ] ], 
  [ [ -1, 0, 0, 0 ], [ 0, -1, 0, 0 ], [ 0, 0, -1, 0 ], [ 0, 0, 0, -1 ] ], 
  [ [ 0, -5, -6, 5 ], [ 65, 0, -41, -17 ], [ -19, -5, 6, 10 ], 
      [ 42, -7, -35, -4 ] ], 
  [ [ 0, 5, 6, -5 ], [ -65, 0, 41, 17 ], [ 19, 5, -6, -10 ], 
      [ -42, 7, 35, 4 ] ], 
  [ [ 1, 0, 0, 0 ], [ 0, 1, 0, 0 ], [ 0, 0, 1, 0 ], [ 0, 0, 0, 1 ] ], 
  [ [ 1, 5, 6, -5 ], [ -65, 1, 41, 17 ], [ 19, 5, -5, -10 ], 
      [ -42, 7, 35, 5 ] ] ]),BoundaryImage:=rec(ListIFace:=[ 3, 6 ],ListSign:=[ -1, 1 ],ListElt:=[ [ [ 18, -5, -18, 0 ], [ 65, 18, -18, -36 ], [ 0, -10, -13, 10 ], 
      [ 65, 5, -35, -23 ] ], 
  [ [ 1, 3, -7, -3 ], [ -39, 1, 14, -11 ], [ 13, 3, -12, 0 ], 
      [ -26, 5, 0, -12 ] ] ])),rec(TheMatrixStab:=Group([ [ [ -19, 0, 7, -5 ], [ 0, -19, 42, 19 ], [ -19, -5, 18, 0 ], 
      [ 42, -7, 0, 18 ] ], 
  [ [ -18, 0, 7, -5 ], [ 0, -18, 42, 19 ], [ -19, -5, 19, 0 ], 
      [ 42, -7, 0, 19 ] ], 
  [ [ -1, 0, 0, 0 ], [ 0, -1, 0, 0 ], [ 0, 0, -1, 0 ], [ 0, 0, 0, -1 ] ], 
  [ [ 1, 0, 0, 0 ], [ 0, 1, 0, 0 ], [ 0, 0, 1, 0 ], [ 0, 0, 0, 1 ] ], 
  [ [ 18, 0, -7, 5 ], [ 0, 18, -42, -19 ], [ 19, 5, -19, 0 ], 
      [ -42, 7, 0, -19 ] ], 
  [ [ 19, 0, -7, 5 ], [ 0, 19, -42, -19 ], [ 19, 5, -18, 0 ], 
      [ -42, 7, 0, -18 ] ] ]),TheRotSubgroup:=Group([ [ [ -19, 0, 7, -5 ], [ 0, -19, 42, 19 ], [ -19, -5, 18, 0 ], 
      [ 42, -7, 0, 18 ] ], 
  [ [ -18, 0, 7, -5 ], [ 0, -18, 42, 19 ], [ -19, -5, 19, 0 ], 
      [ 42, -7, 0, 19 ] ], 
  [ [ -1, 0, 0, 0 ], [ 0, -1, 0, 0 ], [ 0, 0, -1, 0 ], [ 0, 0, 0, -1 ] ], 
  [ [ 1, 0, 0, 0 ], [ 0, 1, 0, 0 ], [ 0, 0, 1, 0 ], [ 0, 0, 0, 1 ] ], 
  [ [ 18, 0, -7, 5 ], [ 0, 18, -42, -19 ], [ 19, 5, -19, 0 ], 
      [ -42, 7, 0, -19 ] ], 
  [ [ 19, 0, -7, 5 ], [ 0, 19, -42, -19 ], [ 19, 5, -18, 0 ], 
      [ -42, 7, 0, -18 ] ] ]),BoundaryImage:=rec(ListIFace:=[ 4, 5 ],ListSign:=[ -1, 1 ],ListElt:=[ [ [ -18, 5, -5, -10 ], [ -65, -18, 65, 0 ], [ -36, 0, 13, -10 ], 
      [ 18, -18, 35, 23 ] ], 
  [ [ -12, 0, 7, 3 ], [ 0, -12, -14, 11 ], [ -13, -3, 4, 6 ], 
      [ 26, -5, -21, -2 ] ] ]))],[rec(TheMatrixStab:=Group([ [ [ -1, 0, 0, 0 ], [ 0, -1, 0, 0 ], [ 0, 0, -1, 0 ], [ 0, 0, 0, -1 ] ], 
  [ [ 1, 0, 0, 0 ], [ 0, 1, 0, 0 ], [ 0, 0, 1, 0 ], [ 0, 0, 0, 1 ] ] ]),TheRotSubgroup:=Group([ [ [ -1, 0, 0, 0 ], [ 0, -1, 0, 0 ], [ 0, 0, -1, 0 ], [ 0, 0, 0, -1 ] ], 
  [ [ 1, 0, 0, 0 ], [ 0, 1, 0, 0 ], [ 0, 0, 1, 0 ], [ 0, 0, 0, 1 ] ] ]),BoundaryImage:=rec(ListIFace:=[ 1, 3, 11, 2, 10, 4 ],ListSign:=[ 1, -1, 1, 1, 1, -1 ],ListElt:=[ [ [ -1, 0, 0, 0 ], [ 0, -1, 0, 0 ], [ 0, 0, -1, 0 ], [ 0, 0, 0, -1 ] ], 
  [ [ -1, 0, 0, 0 ], [ 0, -1, 0, 0 ], [ 0, 0, -1, 0 ], [ 0, 0, 0, -1 ] ], 
  [ [ 1, 3, -7, -3 ], [ -39, 1, 14, -11 ], [ 13, 3, -12, 0 ], 
      [ -26, 5, 0, -12 ] ], 
  [ [ 10, 0, -3, 3 ], [ 0, 10, -24, -9 ], [ 11, -3, 4, 6 ], 
      [ 14, 7, -21, -2 ] ], 
  [ [ -1, -5, -6, 5 ], [ 65, -1, -41, -17 ], [ -19, -5, 5, 10 ], 
      [ 42, -7, -35, -5 ] ], 
  [ [ 1, 3, -7, -3 ], [ -39, 1, 14, -11 ], [ 13, 3, -12, 0 ], 
      [ -26, 5, 0, -12 ] ] ])),rec(TheMatrixStab:=Group([ [ [ -1, 0, 0, 0 ], [ 0, -1, 0, 0 ], [ 0, 0, -1, 0 ], [ 0, 0, 0, -1 ] ], 
  [ [ 1, 0, 0, 0 ], [ 0, 1, 0, 0 ], [ 0, 0, 1, 0 ], [ 0, 0, 0, 1 ] ] ]),TheRotSubgroup:=Group([ [ [ -1, 0, 0, 0 ], [ 0, -1, 0, 0 ], [ 0, 0, -1, 0 ], [ 0, 0, 0, -1 ] ], 
  [ [ 1, 0, 0, 0 ], [ 0, 1, 0, 0 ], [ 0, 0, 1, 0 ], [ 0, 0, 0, 1 ] ] ]),BoundaryImage:=rec(ListIFace:=[ 1, 8, 6, 2, 9, 5 ],ListSign:=[ 1, 1, -1, 1, 1, -1 ],ListElt:=[ [ [ 1, 0, -1, 0 ], [ 0, 1, -1, -2 ], [ 2, 0, -1, 0 ], [ -1, 1, 0, -1 ] ], 
  [ [ 1, 5, 6, -5 ], [ -65, 1, 41, 17 ], [ 19, 5, -5, -10 ], 
      [ -42, 7, 35, 5 ] ], 
  [ [ 10, 0, -4, 3 ], [ 0, 10, -25, -11 ], [ 9, -3, 4, 6 ], 
      [ 15, 6, -21, -2 ] ], 
  [ [ 10, 0, -4, 3 ], [ 0, 10, -25, -11 ], [ 9, -3, 4, 6 ], 
      [ 15, 6, -21, -2 ] ], 
  [ [ 15, 5, -17, -1 ], [ -65, 15, -10, -33 ], [ 33, -1, -10, 10 ], 
      [ -10, 17, -35, -20 ] ], 
  [ [ -1, 0, 0, 0 ], [ 0, -1, 0, 0 ], [ 0, 0, -1, 0 ], [ 0, 0, 0, -1 ] ] ])),rec(TheMatrixStab:=Group([ [ [ -1, 0, 0, 0 ], [ 0, -1, 0, 0 ], [ 0, 0, -1, 0 ], [ 0, 0, 0, -1 ] ], 
  [ [ 1, 0, 0, 0 ], [ 0, 1, 0, 0 ], [ 0, 0, 1, 0 ], [ 0, 0, 0, 1 ] ] ]),TheRotSubgroup:=Group([ [ [ -1, 0, 0, 0 ], [ 0, -1, 0, 0 ], [ 0, 0, -1, 0 ], [ 0, 0, 0, -1 ] ], 
  [ [ 1, 0, 0, 0 ], [ 0, 1, 0, 0 ], [ 0, 0, 1, 0 ], [ 0, 0, 0, 1 ] ] ]),BoundaryImage:=rec(ListIFace:=[ 3, 6, 4, 5 ],ListSign:=[ 1, -1, 1, -1 ],ListElt:=[ [ [ -1, 0, 0, 0 ], [ 0, -1, 0, 0 ], [ 0, 0, -1, 0 ], [ 0, 0, 0, -1 ] ], 
  [ [ -3, 0, 1, -1 ], [ 0, -3, 8, 3 ], [ -3, 1, -2, -2 ], [ -5, -2, 7, 0 ] ], 
  [ [ 0, 1, -2, -1 ], [ -13, 0, 5, -3 ], [ 5, 1, -4, 0 ], [ -9, 2, 0, -4 ] ], 
  [ [ -1, 0, 0, 0 ], [ 0, -1, 0, 0 ], [ 0, 0, -1, 0 ], [ 0, 0, 0, -1 ] ] ])),rec(TheMatrixStab:=Group([ [ [ -1, 0, 0, 0 ], [ 0, -1, 0, 0 ], [ 0, 0, -1, 0 ], [ 0, 0, 0, -1 ] ], 
  [ [ 1, 0, 0, 0 ], [ 0, 1, 0, 0 ], [ 0, 0, 1, 0 ], [ 0, 0, 0, 1 ] ] ]),TheRotSubgroup:=Group([ [ [ -1, 0, 0, 0 ], [ 0, -1, 0, 0 ], [ 0, 0, -1, 0 ], [ 0, 0, 0, -1 ] ], 
  [ [ 1, 0, 0, 0 ], [ 0, 1, 0, 0 ], [ 0, 0, 1, 0 ], [ 0, 0, 0, 1 ] ] ]),BoundaryImage:=rec(ListIFace:=[ 3, 6, 4, 5 ],ListSign:=[ 1, -1, 1, -1 ],ListElt:=[ [ [ -5, 0, 3, 1 ], [ 0, -5, -4, 5 ], [ -5, -1, 2, 2 ], [ 9, -2, -7, 0 ] ], 
  [ [ -1, 0, 0, 0 ], [ 0, -1, 0, 0 ], [ 0, 0, -1, 0 ], [ 0, 0, 0, -1 ] ], 
  [ [ -1, 0, 0, 0 ], [ 0, -1, 0, 0 ], [ 0, 0, -1, 0 ], [ 0, 0, 0, -1 ] ], 
  [ [ 0, 1, 2, -1 ], [ -13, 0, 9, 5 ], [ -3, 1, 4, 0 ], [ -5, -2, 0, 4 ] ] ])),rec(TheMatrixStab:=Group([ [ [ -1, 0, 0, 0 ], [ 0, -1, 0, 0 ], [ 0, 0, -1, 0 ], [ 0, 0, 0, -1 ] ], 
  [ [ 1, 0, 0, 0 ], [ 0, 1, 0, 0 ], [ 0, 0, 1, 0 ], [ 0, 0, 0, 1 ] ] ]),TheRotSubgroup:=Group([ [ [ -1, 0, 0, 0 ], [ 0, -1, 0, 0 ], [ 0, 0, -1, 0 ], [ 0, 0, 0, -1 ] ], 
  [ [ 1, 0, 0, 0 ], [ 0, 1, 0, 0 ], [ 0, 0, 1, 0 ], [ 0, 0, 0, 1 ] ] ]),BoundaryImage:=rec(ListIFace:=[ 3, 8, 10, 5, 7, 6, 7, 4, 9, 11 ],ListSign:=[ 1, -1, 1, -1, -1, -1, 1, 1, -1, 1 ],ListElt:=[ [ [ -1, 0, 0, 0 ], [ 0, -1, 0, 0 ], [ 0, 0, -1, 0 ], [ 0, 0, 0, -1 ] ], 
  [ [ 4, 2, 0, -3 ], [ -26, 4, 21, 3 ], [ 19, 3, -8, -8 ], [ -29, 8, 28, 0 ] ]
    , 
  [ [ 0, 1, 1, -1 ], [ -13, 0, 8, 3 ], [ 8, 2, -3, -4 ], [ -17, 3, 14, 1 ] ], 
  [ [ -1, 0, 0, 0 ], [ 0, -1, 0, 0 ], [ -2, 0, -1, 0 ], [ 1, -1, 0, -1 ] ], 
  [ [ 1, 0, -1, 0 ], [ 0, 1, -1, -2 ], [ 2, 0, -1, 0 ], [ -1, 1, 0, -1 ] ], 
  [ [ -1, 0, 1, 0 ], [ 0, -1, 1, 2 ], [ -2, 0, 1, 0 ], [ 1, -1, 0, 1 ] ], 
  [ [ -1, 0, 0, 0 ], [ 0, -1, 0, 0 ], [ -2, 0, -1, 0 ], [ 1, -1, 0, -1 ] ], 
  [ [ 1, 0, -1, 0 ], [ 0, 1, -1, -2 ], [ 4, 0, -3, 0 ], [ -2, 2, 0, -3 ] ], 
  [ [ 7, -2, 2, 4 ], [ 26, 7, -26, 0 ], [ 25, -1, -7, 8 ], 
      [ -6, 13, -28, -15 ] ], 
  [ [ 0, -1, 2, 1 ], [ 13, 0, -5, 3 ], [ 8, -2, 1, 4 ], [ 9, 5, -14, -3 ] ] ]))]];