HAP_GCOMPLEX_SETUP:=[false]; 
HAP_GCOMPLEX_LIST:=[[rec(TheMatrixStab:=Group([ [ [ -4, 0, 2, 1 ], [ 0, -4, -5, 4 ], [ -4, 1, 3, 0 ], [ -5, -2, 0, 3 ] ], 
  [ [ -3, -1, 0, 2 ], [ 10, -3, -10, 0 ], [ -6, 0, 3, 2 ], [ 0, -3, -5, 3 ] ],
  [ [ -3, 0, 1, 1 ], [ 0, -3, -5, 2 ], [ -2, 1, 2, 0 ], [ -5, -1, 0, 2 ] ], 
  [ [ -3, 0, 2, 1 ], [ 0, -3, -5, 4 ], [ -4, 1, 4, 0 ], [ -5, -2, 0, 4 ] ], 
  [ [ -3, 1, 3, 0 ], [ -10, -3, 0, 6 ], [ 0, 2, 3, -2 ], [ -10, 0, 5, 3 ] ], 
  [ [ -2, 0, 1, 1 ], [ 0, -2, -5, 2 ], [ -2, 1, 3, 0 ], [ -5, -1, 0, 3 ] ], 
  [ [ -1, -1, -1, 1 ], [ 10, -1, -5, -2 ], [ -4, -1, 0, 2 ], [ 5, -2, -5, 0 ] 
     ], [ [ -1, 0, 0, 0 ], [ 0, -1, 0, 0 ], [ 0, 0, -1, 0 ], [ 0, 0, 0, -1 ] ]
    , [ [ -1, 0, 1, 0 ], [ 0, -1, 0, 2 ], [ -2, 0, 1, 0 ], [ 0, -1, 0, 1 ] ], 
  [ [ -1, 1, 2, -1 ], [ -10, -1, 5, 4 ], [ 2, 1, 0, -2 ], [ -5, 1, 5, 0 ] ], 
  [ [ 0, -1, -2, 1 ], [ 10, 0, -5, -4 ], [ -2, -1, -1, 2 ], [ 5, -1, -5, -1 ] 
     ], 
  [ [ 0, -1, -1, 1 ], [ 10, 0, -5, -2 ], [ -4, -1, 1, 2 ], [ 5, -2, -5, 1 ] ],
  [ [ 0, 1, 1, -1 ], [ -10, 0, 5, 2 ], [ 4, 1, -1, -2 ], [ -5, 2, 5, -1 ] ], 
  [ [ 0, 1, 2, -1 ], [ -10, 0, 5, 4 ], [ 2, 1, 1, -2 ], [ -5, 1, 5, 1 ] ], 
  [ [ 1, -1, -2, 1 ], [ 10, 1, -5, -4 ], [ -2, -1, 0, 2 ], [ 5, -1, -5, 0 ] ],
  [ [ 1, 0, -1, 0 ], [ 0, 1, 0, -2 ], [ 2, 0, -1, 0 ], [ 0, 1, 0, -1 ] ], 
  [ [ 1, 0, 0, 0 ], [ 0, 1, 0, 0 ], [ 0, 0, 1, 0 ], [ 0, 0, 0, 1 ] ], 
  [ [ 1, 1, 1, -1 ], [ -10, 1, 5, 2 ], [ 4, 1, 0, -2 ], [ -5, 2, 5, 0 ] ], 
  [ [ 2, 0, -1, -1 ], [ 0, 2, 5, -2 ], [ 2, -1, -3, 0 ], [ 5, 1, 0, -3 ] ], 
  [ [ 3, -1, -3, 0 ], [ 10, 3, 0, -6 ], [ 0, -2, -3, 2 ], [ 10, 0, -5, -3 ] ],
  [ [ 3, 0, -2, -1 ], [ 0, 3, 5, -4 ], [ 4, -1, -4, 0 ], [ 5, 2, 0, -4 ] ], 
  [ [ 3, 0, -1, -1 ], [ 0, 3, 5, -2 ], [ 2, -1, -2, 0 ], [ 5, 1, 0, -2 ] ], 
  [ [ 3, 1, 0, -2 ], [ -10, 3, 10, 0 ], [ 6, 0, -3, -2 ], [ 0, 3, 5, -3 ] ], 
  [ [ 4, 0, -2, -1 ], [ 0, 4, 5, -4 ], [ 4, -1, -3, 0 ], [ 5, 2, 0, -3 ] ] ]),TheRotSubgroup:=Group([ [ [ -4, 0, 2, 1 ], [ 0, -4, -5, 4 ], [ -4, 1, 3, 0 ], [ -5, -2, 0, 3 ] ], 
  [ [ -3, -1, 0, 2 ], [ 10, -3, -10, 0 ], [ -6, 0, 3, 2 ], [ 0, -3, -5, 3 ] ],
  [ [ -3, 0, 1, 1 ], [ 0, -3, -5, 2 ], [ -2, 1, 2, 0 ], [ -5, -1, 0, 2 ] ], 
  [ [ -3, 0, 2, 1 ], [ 0, -3, -5, 4 ], [ -4, 1, 4, 0 ], [ -5, -2, 0, 4 ] ], 
  [ [ -3, 1, 3, 0 ], [ -10, -3, 0, 6 ], [ 0, 2, 3, -2 ], [ -10, 0, 5, 3 ] ], 
  [ [ -2, 0, 1, 1 ], [ 0, -2, -5, 2 ], [ -2, 1, 3, 0 ], [ -5, -1, 0, 3 ] ], 
  [ [ -1, -1, -1, 1 ], [ 10, -1, -5, -2 ], [ -4, -1, 0, 2 ], [ 5, -2, -5, 0 ] 
     ], [ [ -1, 0, 0, 0 ], [ 0, -1, 0, 0 ], [ 0, 0, -1, 0 ], [ 0, 0, 0, -1 ] ]
    , [ [ -1, 0, 1, 0 ], [ 0, -1, 0, 2 ], [ -2, 0, 1, 0 ], [ 0, -1, 0, 1 ] ], 
  [ [ -1, 1, 2, -1 ], [ -10, -1, 5, 4 ], [ 2, 1, 0, -2 ], [ -5, 1, 5, 0 ] ], 
  [ [ 0, -1, -2, 1 ], [ 10, 0, -5, -4 ], [ -2, -1, -1, 2 ], [ 5, -1, -5, -1 ] 
     ], 
  [ [ 0, -1, -1, 1 ], [ 10, 0, -5, -2 ], [ -4, -1, 1, 2 ], [ 5, -2, -5, 1 ] ],
  [ [ 0, 1, 1, -1 ], [ -10, 0, 5, 2 ], [ 4, 1, -1, -2 ], [ -5, 2, 5, -1 ] ], 
  [ [ 0, 1, 2, -1 ], [ -10, 0, 5, 4 ], [ 2, 1, 1, -2 ], [ -5, 1, 5, 1 ] ], 
  [ [ 1, -1, -2, 1 ], [ 10, 1, -5, -4 ], [ -2, -1, 0, 2 ], [ 5, -1, -5, 0 ] ],
  [ [ 1, 0, -1, 0 ], [ 0, 1, 0, -2 ], [ 2, 0, -1, 0 ], [ 0, 1, 0, -1 ] ], 
  [ [ 1, 0, 0, 0 ], [ 0, 1, 0, 0 ], [ 0, 0, 1, 0 ], [ 0, 0, 0, 1 ] ], 
  [ [ 1, 1, 1, -1 ], [ -10, 1, 5, 2 ], [ 4, 1, 0, -2 ], [ -5, 2, 5, 0 ] ], 
  [ [ 2, 0, -1, -1 ], [ 0, 2, 5, -2 ], [ 2, -1, -3, 0 ], [ 5, 1, 0, -3 ] ], 
  [ [ 3, -1, -3, 0 ], [ 10, 3, 0, -6 ], [ 0, -2, -3, 2 ], [ 10, 0, -5, -3 ] ],
  [ [ 3, 0, -2, -1 ], [ 0, 3, 5, -4 ], [ 4, -1, -4, 0 ], [ 5, 2, 0, -4 ] ], 
  [ [ 3, 0, -1, -1 ], [ 0, 3, 5, -2 ], [ 2, -1, -2, 0 ], [ 5, 1, 0, -2 ] ], 
  [ [ 3, 1, 0, -2 ], [ -10, 3, 10, 0 ], [ 6, 0, -3, -2 ], [ 0, 3, 5, -3 ] ], 
  [ [ 4, 0, -2, -1 ], [ 0, 4, 5, -4 ], [ 4, -1, -3, 0 ], [ 5, 2, 0, -3 ] ] ]),BoundaryImage:=rec(ListIFace:=[  ],ListSign:=[  ],ListElt:=[  ])),rec(TheMatrixStab:=Group([ [ [ -118, 0, 59, 37 ], [ 0, -118, -185, 118 ], [ -118, 37, 117, 0 ], 
      [ -185, -59, 0, 117 ] ], 
  [ [ -117, -37, 0, 74 ], [ 370, -117, -370, 0 ], [ -234, 0, 117, 74 ], 
      [ 0, -117, -185, 117 ] ], 
  [ [ -117, 0, 58, 37 ], [ 0, -117, -185, 116 ], [ -116, 37, 116, 0 ], 
      [ -185, -58, 0, 116 ] ], 
  [ [ -117, 0, 59, 37 ], [ 0, -117, -185, 118 ], [ -118, 37, 118, 0 ], 
      [ -185, -59, 0, 118 ] ], 
  [ [ -117, 37, 117, 0 ], [ -370, -117, 0, 234 ], [ 0, 74, 117, -74 ], 
      [ -370, 0, 185, 117 ] ], 
  [ [ -116, 0, 58, 37 ], [ 0, -116, -185, 116 ], [ -116, 37, 117, 0 ], 
      [ -185, -58, 0, 117 ] ], 
  [ [ -1, -37, -58, 37 ], [ 370, -1, -185, -116 ], [ -118, -37, 0, 74 ], 
      [ 185, -59, -185, 0 ] ], 
  [ [ -1, 0, 0, 0 ], [ 0, -1, 0, 0 ], [ 0, 0, -1, 0 ], [ 0, 0, 0, -1 ] ], 
  [ [ -1, 0, 1, 0 ], [ 0, -1, 0, 2 ], [ -2, 0, 1, 0 ], [ 0, -1, 0, 1 ] ], 
  [ [ -1, 37, 59, -37 ], [ -370, -1, 185, 118 ], [ 116, 37, 0, -74 ], 
      [ -185, 58, 185, 0 ] ], 
  [ [ 0, -37, -59, 37 ], [ 370, 0, -185, -118 ], [ -116, -37, -1, 74 ], 
      [ 185, -58, -185, -1 ] ], 
  [ [ 0, -37, -58, 37 ], [ 370, 0, -185, -116 ], [ -118, -37, 1, 74 ], 
      [ 185, -59, -185, 1 ] ], 
  [ [ 0, 37, 58, -37 ], [ -370, 0, 185, 116 ], [ 118, 37, -1, -74 ], 
      [ -185, 59, 185, -1 ] ], 
  [ [ 0, 37, 59, -37 ], [ -370, 0, 185, 118 ], [ 116, 37, 1, -74 ], 
      [ -185, 58, 185, 1 ] ], 
  [ [ 1, -37, -59, 37 ], [ 370, 1, -185, -118 ], [ -116, -37, 0, 74 ], 
      [ 185, -58, -185, 0 ] ], 
  [ [ 1, 0, -1, 0 ], [ 0, 1, 0, -2 ], [ 2, 0, -1, 0 ], [ 0, 1, 0, -1 ] ], 
  [ [ 1, 0, 0, 0 ], [ 0, 1, 0, 0 ], [ 0, 0, 1, 0 ], [ 0, 0, 0, 1 ] ], 
  [ [ 1, 37, 58, -37 ], [ -370, 1, 185, 116 ], [ 118, 37, 0, -74 ], 
      [ -185, 59, 185, 0 ] ], 
  [ [ 116, 0, -58, -37 ], [ 0, 116, 185, -116 ], [ 116, -37, -117, 0 ], 
      [ 185, 58, 0, -117 ] ], 
  [ [ 117, -37, -117, 0 ], [ 370, 117, 0, -234 ], [ 0, -74, -117, 74 ], 
      [ 370, 0, -185, -117 ] ], 
  [ [ 117, 0, -59, -37 ], [ 0, 117, 185, -118 ], [ 118, -37, -118, 0 ], 
      [ 185, 59, 0, -118 ] ], 
  [ [ 117, 0, -58, -37 ], [ 0, 117, 185, -116 ], [ 116, -37, -116, 0 ], 
      [ 185, 58, 0, -116 ] ], 
  [ [ 117, 37, 0, -74 ], [ -370, 117, 370, 0 ], [ 234, 0, -117, -74 ], 
      [ 0, 117, 185, -117 ] ], 
  [ [ 118, 0, -59, -37 ], [ 0, 118, 185, -118 ], [ 118, -37, -117, 0 ], 
      [ 185, 59, 0, -117 ] ] ]),TheRotSubgroup:=Group([ [ [ -118, 0, 59, 37 ], [ 0, -118, -185, 118 ], [ -118, 37, 117, 0 ], 
      [ -185, -59, 0, 117 ] ], 
  [ [ -117, -37, 0, 74 ], [ 370, -117, -370, 0 ], [ -234, 0, 117, 74 ], 
      [ 0, -117, -185, 117 ] ], 
  [ [ -117, 0, 58, 37 ], [ 0, -117, -185, 116 ], [ -116, 37, 116, 0 ], 
      [ -185, -58, 0, 116 ] ], 
  [ [ -117, 0, 59, 37 ], [ 0, -117, -185, 118 ], [ -118, 37, 118, 0 ], 
      [ -185, -59, 0, 118 ] ], 
  [ [ -117, 37, 117, 0 ], [ -370, -117, 0, 234 ], [ 0, 74, 117, -74 ], 
      [ -370, 0, 185, 117 ] ], 
  [ [ -116, 0, 58, 37 ], [ 0, -116, -185, 116 ], [ -116, 37, 117, 0 ], 
      [ -185, -58, 0, 117 ] ], 
  [ [ -1, -37, -58, 37 ], [ 370, -1, -185, -116 ], [ -118, -37, 0, 74 ], 
      [ 185, -59, -185, 0 ] ], 
  [ [ -1, 0, 0, 0 ], [ 0, -1, 0, 0 ], [ 0, 0, -1, 0 ], [ 0, 0, 0, -1 ] ], 
  [ [ -1, 0, 1, 0 ], [ 0, -1, 0, 2 ], [ -2, 0, 1, 0 ], [ 0, -1, 0, 1 ] ], 
  [ [ -1, 37, 59, -37 ], [ -370, -1, 185, 118 ], [ 116, 37, 0, -74 ], 
      [ -185, 58, 185, 0 ] ], 
  [ [ 0, -37, -59, 37 ], [ 370, 0, -185, -118 ], [ -116, -37, -1, 74 ], 
      [ 185, -58, -185, -1 ] ], 
  [ [ 0, -37, -58, 37 ], [ 370, 0, -185, -116 ], [ -118, -37, 1, 74 ], 
      [ 185, -59, -185, 1 ] ], 
  [ [ 0, 37, 58, -37 ], [ -370, 0, 185, 116 ], [ 118, 37, -1, -74 ], 
      [ -185, 59, 185, -1 ] ], 
  [ [ 0, 37, 59, -37 ], [ -370, 0, 185, 118 ], [ 116, 37, 1, -74 ], 
      [ -185, 58, 185, 1 ] ], 
  [ [ 1, -37, -59, 37 ], [ 370, 1, -185, -118 ], [ -116, -37, 0, 74 ], 
      [ 185, -58, -185, 0 ] ], 
  [ [ 1, 0, -1, 0 ], [ 0, 1, 0, -2 ], [ 2, 0, -1, 0 ], [ 0, 1, 0, -1 ] ], 
  [ [ 1, 0, 0, 0 ], [ 0, 1, 0, 0 ], [ 0, 0, 1, 0 ], [ 0, 0, 0, 1 ] ], 
  [ [ 1, 37, 58, -37 ], [ -370, 1, 185, 116 ], [ 118, 37, 0, -74 ], 
      [ -185, 59, 185, 0 ] ], 
  [ [ 116, 0, -58, -37 ], [ 0, 116, 185, -116 ], [ 116, -37, -117, 0 ], 
      [ 185, 58, 0, -117 ] ], 
  [ [ 117, -37, -117, 0 ], [ 370, 117, 0, -234 ], [ 0, -74, -117, 74 ], 
      [ 370, 0, -185, -117 ] ], 
  [ [ 117, 0, -59, -37 ], [ 0, 117, 185, -118 ], [ 118, -37, -118, 0 ], 
      [ 185, 59, 0, -118 ] ], 
  [ [ 117, 0, -58, -37 ], [ 0, 117, 185, -116 ], [ 116, -37, -116, 0 ], 
      [ 185, 58, 0, -116 ] ], 
  [ [ 117, 37, 0, -74 ], [ -370, 117, 370, 0 ], [ 234, 0, -117, -74 ], 
      [ 0, 117, 185, -117 ] ], 
  [ [ 118, 0, -59, -37 ], [ 0, 118, 185, -118 ], [ 118, -37, -117, 0 ], 
      [ 185, 59, 0, -117 ] ] ]),BoundaryImage:=rec(ListIFace:=[  ],ListSign:=[  ],ListElt:=[  ])),rec(TheMatrixStab:=Group([ [ [ -15, -2, 4, 6 ], [ 20, -15, -30, 8 ], [ -24, 3, 15, 4 ], 
      [ -15, -12, -10, 15 ] ], 
  [ [ -13, 3, 10, 1 ], [ -30, -13, -5, 20 ], [ -4, 8, 13, -6 ], 
      [ -40, -2, 15, 13 ] ], 
  [ [ -2, -5, -6, 5 ], [ 50, -2, -25, -12 ], [ -20, -5, 2, 10 ], 
      [ 25, -10, -25, 2 ] ], 
  [ [ -1, 0, 0, 0 ], [ 0, -1, 0, 0 ], [ 0, 0, -1, 0 ], [ 0, 0, 0, -1 ] ], 
  [ [ -1, 1, 2, -1 ], [ -10, -1, 5, 4 ], [ 2, 1, 0, -2 ], [ -5, 1, 5, 0 ] ], 
  [ [ 0, -1, -2, 1 ], [ 10, 0, -5, -4 ], [ -2, -1, -1, 2 ], [ 5, -1, -5, -1 ] 
     ], [ [ 0, 1, 2, -1 ], [ -10, 0, 5, 4 ], [ 2, 1, 1, -2 ], [ -5, 1, 5, 1 ] 
     ], 
  [ [ 1, -1, -2, 1 ], [ 10, 1, -5, -4 ], [ -2, -1, 0, 2 ], [ 5, -1, -5, 0 ] ],
  [ [ 1, 0, 0, 0 ], [ 0, 1, 0, 0 ], [ 0, 0, 1, 0 ], [ 0, 0, 0, 1 ] ], 
  [ [ 2, 5, 6, -5 ], [ -50, 2, 25, 12 ], [ 20, 5, -2, -10 ], 
      [ -25, 10, 25, -2 ] ], 
  [ [ 13, -3, -10, -1 ], [ 30, 13, 5, -20 ], [ 4, -8, -13, 6 ], 
      [ 40, 2, -15, -13 ] ], 
  [ [ 15, 2, -4, -6 ], [ -20, 15, 30, -8 ], [ 24, -3, -15, -4 ], 
      [ 15, 12, 10, -15 ] ] ]),TheRotSubgroup:=Group([ [ [ -15, -2, 4, 6 ], [ 20, -15, -30, 8 ], [ -24, 3, 15, 4 ], 
      [ -15, -12, -10, 15 ] ], 
  [ [ -13, 3, 10, 1 ], [ -30, -13, -5, 20 ], [ -4, 8, 13, -6 ], 
      [ -40, -2, 15, 13 ] ], 
  [ [ -2, -5, -6, 5 ], [ 50, -2, -25, -12 ], [ -20, -5, 2, 10 ], 
      [ 25, -10, -25, 2 ] ], 
  [ [ -1, 0, 0, 0 ], [ 0, -1, 0, 0 ], [ 0, 0, -1, 0 ], [ 0, 0, 0, -1 ] ], 
  [ [ -1, 1, 2, -1 ], [ -10, -1, 5, 4 ], [ 2, 1, 0, -2 ], [ -5, 1, 5, 0 ] ], 
  [ [ 0, -1, -2, 1 ], [ 10, 0, -5, -4 ], [ -2, -1, -1, 2 ], [ 5, -1, -5, -1 ] 
     ], [ [ 0, 1, 2, -1 ], [ -10, 0, 5, 4 ], [ 2, 1, 1, -2 ], [ -5, 1, 5, 1 ] 
     ], 
  [ [ 1, -1, -2, 1 ], [ 10, 1, -5, -4 ], [ -2, -1, 0, 2 ], [ 5, -1, -5, 0 ] ],
  [ [ 1, 0, 0, 0 ], [ 0, 1, 0, 0 ], [ 0, 0, 1, 0 ], [ 0, 0, 0, 1 ] ], 
  [ [ 2, 5, 6, -5 ], [ -50, 2, 25, 12 ], [ 20, 5, -2, -10 ], 
      [ -25, 10, 25, -2 ] ], 
  [ [ 13, -3, -10, -1 ], [ 30, 13, 5, -20 ], [ 4, -8, -13, 6 ], 
      [ 40, 2, -15, -13 ] ], 
  [ [ 15, 2, -4, -6 ], [ -20, 15, 30, -8 ], [ 24, -3, -15, -4 ], 
      [ 15, 12, 10, -15 ] ] ]),BoundaryImage:=rec(ListIFace:=[  ],ListSign:=[  ],ListElt:=[  ])),rec(TheMatrixStab:=Group([ [ [ -134, 0, 66, 43 ], [ 0, -134, -215, 132 ], [ -132, 43, 134, 0 ], 
      [ -215, -66, 0, 134 ] ], 
  [ [ -117, 0, 58, 37 ], [ 0, -117, -185, 116 ], [ -116, 37, 116, 0 ], 
      [ -185, -58, 0, 116 ] ], 
  [ [ -116, 0, 58, 37 ], [ 0, -116, -185, 116 ], [ -116, 37, 117, 0 ], 
      [ -185, -58, 0, 117 ] ], 
  [ [ -67, -52, -50, 73 ], [ 520, -67, -365, -100 ], [ -232, -30, 67, 104 ], 
      [ 150, -116, -260, 67 ] ], 
  [ [ -67, 52, 116, -30 ], [ -520, -67, 150, 232 ], [ 100, 73, 67, -104 ], 
      [ -365, 50, 260, 67 ] ], 
  [ [ -1, 0, 0, 0 ], [ 0, -1, 0, 0 ], [ 0, 0, -1, 0 ], [ 0, 0, 0, -1 ] ], 
  [ [ 1, 0, 0, 0 ], [ 0, 1, 0, 0 ], [ 0, 0, 1, 0 ], [ 0, 0, 0, 1 ] ], 
  [ [ 67, -52, -116, 30 ], [ 520, 67, -150, -232 ], [ -100, -73, -67, 104 ], 
      [ 365, -50, -260, -67 ] ], 
  [ [ 67, 52, 50, -73 ], [ -520, 67, 365, 100 ], [ 232, 30, -67, -104 ], 
      [ -150, 116, 260, -67 ] ], 
  [ [ 116, 0, -58, -37 ], [ 0, 116, 185, -116 ], [ 116, -37, -117, 0 ], 
      [ 185, 58, 0, -117 ] ], 
  [ [ 117, 0, -58, -37 ], [ 0, 117, 185, -116 ], [ 116, -37, -116, 0 ], 
      [ 185, 58, 0, -116 ] ], 
  [ [ 134, 0, -66, -43 ], [ 0, 134, 215, -132 ], [ 132, -43, -134, 0 ], 
      [ 215, 66, 0, -134 ] ] ]),TheRotSubgroup:=Group([ [ [ -134, 0, 66, 43 ], [ 0, -134, -215, 132 ], [ -132, 43, 134, 0 ], 
      [ -215, -66, 0, 134 ] ], 
  [ [ -117, 0, 58, 37 ], [ 0, -117, -185, 116 ], [ -116, 37, 116, 0 ], 
      [ -185, -58, 0, 116 ] ], 
  [ [ -116, 0, 58, 37 ], [ 0, -116, -185, 116 ], [ -116, 37, 117, 0 ], 
      [ -185, -58, 0, 117 ] ], 
  [ [ -67, -52, -50, 73 ], [ 520, -67, -365, -100 ], [ -232, -30, 67, 104 ], 
      [ 150, -116, -260, 67 ] ], 
  [ [ -67, 52, 116, -30 ], [ -520, -67, 150, 232 ], [ 100, 73, 67, -104 ], 
      [ -365, 50, 260, 67 ] ], 
  [ [ -1, 0, 0, 0 ], [ 0, -1, 0, 0 ], [ 0, 0, -1, 0 ], [ 0, 0, 0, -1 ] ], 
  [ [ 1, 0, 0, 0 ], [ 0, 1, 0, 0 ], [ 0, 0, 1, 0 ], [ 0, 0, 0, 1 ] ], 
  [ [ 67, -52, -116, 30 ], [ 520, 67, -150, -232 ], [ -100, -73, -67, 104 ], 
      [ 365, -50, -260, -67 ] ], 
  [ [ 67, 52, 50, -73 ], [ -520, 67, 365, 100 ], [ 232, 30, -67, -104 ], 
      [ -150, 116, 260, -67 ] ], 
  [ [ 116, 0, -58, -37 ], [ 0, 116, 185, -116 ], [ 116, -37, -117, 0 ], 
      [ 185, 58, 0, -117 ] ], 
  [ [ 117, 0, -58, -37 ], [ 0, 117, 185, -116 ], [ 116, -37, -116, 0 ], 
      [ 185, 58, 0, -116 ] ], 
  [ [ 134, 0, -66, -43 ], [ 0, 134, 215, -132 ], [ 132, -43, -134, 0 ], 
      [ 215, 66, 0, -134 ] ] ]),BoundaryImage:=rec(ListIFace:=[  ],ListSign:=[  ],ListElt:=[  ])),rec(TheMatrixStab:=Group([ [ [ -18, 0, 10, 5 ], [ 0, -18, -25, 20 ], [ -20, 5, 18, 0 ], 
      [ -25, -10, 0, 18 ] ], 
  [ [ -9, -5, -2, 8 ], [ 50, -9, -40, -4 ], [ -24, -3, 9, 10 ], 
      [ 15, -12, -25, 9 ] ], 
  [ [ -9, 5, 12, -3 ], [ -50, -9, 15, 24 ], [ 4, 8, 9, -10 ], 
      [ -40, 2, 25, 9 ] ], 
  [ [ -3, 0, 1, 1 ], [ 0, -3, -5, 2 ], [ -2, 1, 2, 0 ], [ -5, -1, 0, 2 ] ], 
  [ [ -2, 0, 1, 1 ], [ 0, -2, -5, 2 ], [ -2, 1, 3, 0 ], [ -5, -1, 0, 3 ] ], 
  [ [ -1, 0, 0, 0 ], [ 0, -1, 0, 0 ], [ 0, 0, -1, 0 ], [ 0, 0, 0, -1 ] ], 
  [ [ 1, 0, 0, 0 ], [ 0, 1, 0, 0 ], [ 0, 0, 1, 0 ], [ 0, 0, 0, 1 ] ], 
  [ [ 2, 0, -1, -1 ], [ 0, 2, 5, -2 ], [ 2, -1, -3, 0 ], [ 5, 1, 0, -3 ] ], 
  [ [ 3, 0, -1, -1 ], [ 0, 3, 5, -2 ], [ 2, -1, -2, 0 ], [ 5, 1, 0, -2 ] ], 
  [ [ 9, -5, -12, 3 ], [ 50, 9, -15, -24 ], [ -4, -8, -9, 10 ], 
      [ 40, -2, -25, -9 ] ], 
  [ [ 9, 5, 2, -8 ], [ -50, 9, 40, 4 ], [ 24, 3, -9, -10 ], 
      [ -15, 12, 25, -9 ] ], 
  [ [ 18, 0, -10, -5 ], [ 0, 18, 25, -20 ], [ 20, -5, -18, 0 ], 
      [ 25, 10, 0, -18 ] ] ]),TheRotSubgroup:=Group([ [ [ -18, 0, 10, 5 ], [ 0, -18, -25, 20 ], [ -20, 5, 18, 0 ], 
      [ -25, -10, 0, 18 ] ], 
  [ [ -9, -5, -2, 8 ], [ 50, -9, -40, -4 ], [ -24, -3, 9, 10 ], 
      [ 15, -12, -25, 9 ] ], 
  [ [ -9, 5, 12, -3 ], [ -50, -9, 15, 24 ], [ 4, 8, 9, -10 ], 
      [ -40, 2, 25, 9 ] ], 
  [ [ -3, 0, 1, 1 ], [ 0, -3, -5, 2 ], [ -2, 1, 2, 0 ], [ -5, -1, 0, 2 ] ], 
  [ [ -2, 0, 1, 1 ], [ 0, -2, -5, 2 ], [ -2, 1, 3, 0 ], [ -5, -1, 0, 3 ] ], 
  [ [ -1, 0, 0, 0 ], [ 0, -1, 0, 0 ], [ 0, 0, -1, 0 ], [ 0, 0, 0, -1 ] ], 
  [ [ 1, 0, 0, 0 ], [ 0, 1, 0, 0 ], [ 0, 0, 1, 0 ], [ 0, 0, 0, 1 ] ], 
  [ [ 2, 0, -1, -1 ], [ 0, 2, 5, -2 ], [ 2, -1, -3, 0 ], [ 5, 1, 0, -3 ] ], 
  [ [ 3, 0, -1, -1 ], [ 0, 3, 5, -2 ], [ 2, -1, -2, 0 ], [ 5, 1, 0, -2 ] ], 
  [ [ 9, -5, -12, 3 ], [ 50, 9, -15, -24 ], [ -4, -8, -9, 10 ], 
      [ 40, -2, -25, -9 ] ], 
  [ [ 9, 5, 2, -8 ], [ -50, 9, 40, 4 ], [ 24, 3, -9, -10 ], 
      [ -15, 12, 25, -9 ] ], 
  [ [ 18, 0, -10, -5 ], [ 0, 18, 25, -20 ], [ 20, -5, -18, 0 ], 
      [ 25, 10, 0, -18 ] ] ]),BoundaryImage:=rec(ListIFace:=[  ],ListSign:=[  ],ListElt:=[  ])),rec(TheMatrixStab:=Group([ [ [ -167, 21, 118, 32 ], [ -210, -167, -160, 236 ], [ -100, 73, 167, -42 ], 
      [ -365, -50, 105, 167 ] ], 
  [ [ -165, -22, 48, 75 ], [ 220, -165, -375, 96 ], [ -232, 30, 165, 44 ], 
      [ -150, -116, -110, 165 ] ], 
  [ [ -2, 43, 70, -43 ], [ -430, -2, 215, 140 ], [ 132, 43, 2, -86 ], 
      [ -215, 66, 215, 2 ] ], 
  [ [ -1, 0, 0, 0 ], [ 0, -1, 0, 0 ], [ 0, 0, -1, 0 ], [ 0, 0, 0, -1 ] ], 
  [ [ -1, 37, 59, -37 ], [ -370, -1, 185, 118 ], [ 116, 37, 0, -74 ], 
      [ -185, 58, 185, 0 ] ], 
  [ [ 0, -37, -59, 37 ], [ 370, 0, -185, -118 ], [ -116, -37, -1, 74 ], 
      [ 185, -58, -185, -1 ] ], 
  [ [ 0, 37, 59, -37 ], [ -370, 0, 185, 118 ], [ 116, 37, 1, -74 ], 
      [ -185, 58, 185, 1 ] ], 
  [ [ 1, -37, -59, 37 ], [ 370, 1, -185, -118 ], [ -116, -37, 0, 74 ], 
      [ 185, -58, -185, 0 ] ], 
  [ [ 1, 0, 0, 0 ], [ 0, 1, 0, 0 ], [ 0, 0, 1, 0 ], [ 0, 0, 0, 1 ] ], 
  [ [ 2, -43, -70, 43 ], [ 430, 2, -215, -140 ], [ -132, -43, -2, 86 ], 
      [ 215, -66, -215, -2 ] ], 
  [ [ 165, 22, -48, -75 ], [ -220, 165, 375, -96 ], [ 232, -30, -165, -44 ], 
      [ 150, 116, 110, -165 ] ], 
  [ [ 167, -21, -118, -32 ], [ 210, 167, 160, -236 ], [ 100, -73, -167, 42 ], 
      [ 365, 50, -105, -167 ] ] ]),TheRotSubgroup:=Group([ [ [ -167, 21, 118, 32 ], [ -210, -167, -160, 236 ], [ -100, 73, 167, -42 ], 
      [ -365, -50, 105, 167 ] ], 
  [ [ -165, -22, 48, 75 ], [ 220, -165, -375, 96 ], [ -232, 30, 165, 44 ], 
      [ -150, -116, -110, 165 ] ], 
  [ [ -2, 43, 70, -43 ], [ -430, -2, 215, 140 ], [ 132, 43, 2, -86 ], 
      [ -215, 66, 215, 2 ] ], 
  [ [ -1, 0, 0, 0 ], [ 0, -1, 0, 0 ], [ 0, 0, -1, 0 ], [ 0, 0, 0, -1 ] ], 
  [ [ -1, 37, 59, -37 ], [ -370, -1, 185, 118 ], [ 116, 37, 0, -74 ], 
      [ -185, 58, 185, 0 ] ], 
  [ [ 0, -37, -59, 37 ], [ 370, 0, -185, -118 ], [ -116, -37, -1, 74 ], 
      [ 185, -58, -185, -1 ] ], 
  [ [ 0, 37, 59, -37 ], [ -370, 0, 185, 118 ], [ 116, 37, 1, -74 ], 
      [ -185, 58, 185, 1 ] ], 
  [ [ 1, -37, -59, 37 ], [ 370, 1, -185, -118 ], [ -116, -37, 0, 74 ], 
      [ 185, -58, -185, 0 ] ], 
  [ [ 1, 0, 0, 0 ], [ 0, 1, 0, 0 ], [ 0, 0, 1, 0 ], [ 0, 0, 0, 1 ] ], 
  [ [ 2, -43, -70, 43 ], [ 430, 2, -215, -140 ], [ -132, -43, -2, 86 ], 
      [ 215, -66, -215, -2 ] ], 
  [ [ 165, 22, -48, -75 ], [ -220, 165, 375, -96 ], [ 232, -30, -165, -44 ], 
      [ 150, 116, 110, -165 ] ], 
  [ [ 167, -21, -118, -32 ], [ 210, 167, 160, -236 ], [ 100, -73, -167, 42 ], 
      [ 365, 50, -105, -167 ] ] ]),BoundaryImage:=rec(ListIFace:=[  ],ListSign:=[  ],ListElt:=[  ]))],[rec(TheMatrixStab:=Group([ [ [ -1, 0, 0, 0 ], [ 0, -1, 0, 0 ], [ 0, 0, -1, 0 ], [ 0, 0, 0, -1 ] ], 
  [ [ -1, 0, 1, 0 ], [ 0, -1, 0, 2 ], [ -2, 0, 1, 0 ], [ 0, -1, 0, 1 ] ], 
  [ [ 1, 0, -1, 0 ], [ 0, 1, 0, -2 ], [ 2, 0, -1, 0 ], [ 0, 1, 0, -1 ] ], 
  [ [ 1, 0, 0, 0 ], [ 0, 1, 0, 0 ], [ 0, 0, 1, 0 ], [ 0, 0, 0, 1 ] ] ]),TheRotSubgroup:=Group([ [ [ -1, 0, 0, 0 ], [ 0, -1, 0, 0 ], [ 0, 0, -1, 0 ], [ 0, 0, 0, -1 ] ], 
  [ [ -1, 0, 1, 0 ], [ 0, -1, 0, 2 ], [ -2, 0, 1, 0 ], [ 0, -1, 0, 1 ] ], 
  [ [ 1, 0, -1, 0 ], [ 0, 1, 0, -2 ], [ 2, 0, -1, 0 ], [ 0, 1, 0, -1 ] ], 
  [ [ 1, 0, 0, 0 ], [ 0, 1, 0, 0 ], [ 0, 0, 1, 0 ], [ 0, 0, 0, 1 ] ] ]),BoundaryImage:=rec(ListIFace:=[ 1, 2 ],ListSign:=[ -1, 1 ],ListElt:=[ [ [ -3, 1, 3, 0 ], [ -10, -3, 0, 6 ], [ 0, 2, 3, -2 ], [ -10, 0, 5, 3 ] ], 
  [ [ 118, 0, -59, -37 ], [ 0, 118, 185, -118 ], [ 118, -37, -117, 0 ], 
      [ 185, 59, 0, -117 ] ] ])),rec(TheMatrixStab:=Group([ [ [ -1, 0, 0, 0 ], [ 0, -1, 0, 0 ], [ 0, 0, -1, 0 ], [ 0, 0, 0, -1 ] ], 
  [ [ -1, 1, 2, -1 ], [ -10, -1, 5, 4 ], [ 2, 1, 0, -2 ], [ -5, 1, 5, 0 ] ], 
  [ [ 0, -1, -2, 1 ], [ 10, 0, -5, -4 ], [ -2, -1, -1, 2 ], [ 5, -1, -5, -1 ] 
     ], [ [ 0, 1, 2, -1 ], [ -10, 0, 5, 4 ], [ 2, 1, 1, -2 ], [ -5, 1, 5, 1 ] 
     ], 
  [ [ 1, -1, -2, 1 ], [ 10, 1, -5, -4 ], [ -2, -1, 0, 2 ], [ 5, -1, -5, 0 ] ],
  [ [ 1, 0, 0, 0 ], [ 0, 1, 0, 0 ], [ 0, 0, 1, 0 ], [ 0, 0, 0, 1 ] ] ]),TheRotSubgroup:=Group([ [ [ -1, 0, 0, 0 ], [ 0, -1, 0, 0 ], [ 0, 0, -1, 0 ], [ 0, 0, 0, -1 ] ], 
  [ [ -1, 1, 2, -1 ], [ -10, -1, 5, 4 ], [ 2, 1, 0, -2 ], [ -5, 1, 5, 0 ] ], 
  [ [ 0, -1, -2, 1 ], [ 10, 0, -5, -4 ], [ -2, -1, -1, 2 ], [ 5, -1, -5, -1 ] 
     ], [ [ 0, 1, 2, -1 ], [ -10, 0, 5, 4 ], [ 2, 1, 1, -2 ], [ -5, 1, 5, 1 ] 
     ], 
  [ [ 1, -1, -2, 1 ], [ 10, 1, -5, -4 ], [ -2, -1, 0, 2 ], [ 5, -1, -5, 0 ] ],
  [ [ 1, 0, 0, 0 ], [ 0, 1, 0, 0 ], [ 0, 0, 1, 0 ], [ 0, 0, 0, 1 ] ] ]),BoundaryImage:=rec(ListIFace:=[ 1, 3 ],ListSign:=[ -1, 1 ],ListElt:=[ [ [ 1, -1, -2, 1 ], [ 10, 1, -5, -4 ], [ -2, -1, 0, 2 ], [ 5, -1, -5, 0 ] ],
  [ [ 0, -1, -2, 1 ], [ 10, 0, -5, -4 ], [ -2, -1, -1, 2 ], [ 5, -1, -5, -1 ] 
     ] ])),rec(TheMatrixStab:=Group([ [ [ -117, 0, 58, 37 ], [ 0, -117, -185, 116 ], [ -116, 37, 116, 0 ], 
      [ -185, -58, 0, 116 ] ], 
  [ [ -116, 0, 58, 37 ], [ 0, -116, -185, 116 ], [ -116, 37, 117, 0 ], 
      [ -185, -58, 0, 117 ] ], 
  [ [ -1, 0, 0, 0 ], [ 0, -1, 0, 0 ], [ 0, 0, -1, 0 ], [ 0, 0, 0, -1 ] ], 
  [ [ 1, 0, 0, 0 ], [ 0, 1, 0, 0 ], [ 0, 0, 1, 0 ], [ 0, 0, 0, 1 ] ], 
  [ [ 116, 0, -58, -37 ], [ 0, 116, 185, -116 ], [ 116, -37, -117, 0 ], 
      [ 185, 58, 0, -117 ] ], 
  [ [ 117, 0, -58, -37 ], [ 0, 117, 185, -116 ], [ 116, -37, -116, 0 ], 
      [ 185, 58, 0, -116 ] ] ]),TheRotSubgroup:=Group([ [ [ -117, 0, 58, 37 ], [ 0, -117, -185, 116 ], [ -116, 37, 116, 0 ], 
      [ -185, -58, 0, 116 ] ], 
  [ [ -116, 0, 58, 37 ], [ 0, -116, -185, 116 ], [ -116, 37, 117, 0 ], 
      [ -185, -58, 0, 117 ] ], 
  [ [ -1, 0, 0, 0 ], [ 0, -1, 0, 0 ], [ 0, 0, -1, 0 ], [ 0, 0, 0, -1 ] ], 
  [ [ 1, 0, 0, 0 ], [ 0, 1, 0, 0 ], [ 0, 0, 1, 0 ], [ 0, 0, 0, 1 ] ], 
  [ [ 116, 0, -58, -37 ], [ 0, 116, 185, -116 ], [ 116, -37, -117, 0 ], 
      [ 185, 58, 0, -117 ] ], 
  [ [ 117, 0, -58, -37 ], [ 0, 117, 185, -116 ], [ 116, -37, -116, 0 ], 
      [ 185, 58, 0, -116 ] ] ]),BoundaryImage:=rec(ListIFace:=[ 2, 4 ],ListSign:=[ -1, 1 ],ListElt:=[ [ [ 0, 37, 58, -37 ], [ -370, 0, 185, 116 ], [ 118, 37, -1, -74 ], 
      [ -185, 59, 185, -1 ] ], 
  [ [ 117, 0, -58, -37 ], [ 0, 117, 185, -116 ], [ 116, -37, -116, 0 ], 
      [ 185, 58, 0, -116 ] ] ])),rec(TheMatrixStab:=Group([ [ [ -3, 0, 1, 1 ], [ 0, -3, -5, 2 ], [ -2, 1, 2, 0 ], [ -5, -1, 0, 2 ] ], 
  [ [ -2, 0, 1, 1 ], [ 0, -2, -5, 2 ], [ -2, 1, 3, 0 ], [ -5, -1, 0, 3 ] ], 
  [ [ -1, 0, 0, 0 ], [ 0, -1, 0, 0 ], [ 0, 0, -1, 0 ], [ 0, 0, 0, -1 ] ], 
  [ [ 1, 0, 0, 0 ], [ 0, 1, 0, 0 ], [ 0, 0, 1, 0 ], [ 0, 0, 0, 1 ] ], 
  [ [ 2, 0, -1, -1 ], [ 0, 2, 5, -2 ], [ 2, -1, -3, 0 ], [ 5, 1, 0, -3 ] ], 
  [ [ 3, 0, -1, -1 ], [ 0, 3, 5, -2 ], [ 2, -1, -2, 0 ], [ 5, 1, 0, -2 ] ] ]),TheRotSubgroup:=Group([ [ [ -3, 0, 1, 1 ], [ 0, -3, -5, 2 ], [ -2, 1, 2, 0 ], [ -5, -1, 0, 2 ] ], 
  [ [ -2, 0, 1, 1 ], [ 0, -2, -5, 2 ], [ -2, 1, 3, 0 ], [ -5, -1, 0, 3 ] ], 
  [ [ -1, 0, 0, 0 ], [ 0, -1, 0, 0 ], [ 0, 0, -1, 0 ], [ 0, 0, 0, -1 ] ], 
  [ [ 1, 0, 0, 0 ], [ 0, 1, 0, 0 ], [ 0, 0, 1, 0 ], [ 0, 0, 0, 1 ] ], 
  [ [ 2, 0, -1, -1 ], [ 0, 2, 5, -2 ], [ 2, -1, -3, 0 ], [ 5, 1, 0, -3 ] ], 
  [ [ 3, 0, -1, -1 ], [ 0, 3, 5, -2 ], [ 2, -1, -2, 0 ], [ 5, 1, 0, -2 ] ] ]),BoundaryImage:=rec(ListIFace:=[ 1, 5 ],ListSign:=[ -1, 1 ],ListElt:=[ [ [ -3, 0, 1, 1 ], [ 0, -3, -5, 2 ], [ -2, 1, 2, 0 ], [ -5, -1, 0, 2 ] ], 
  [ [ -3, 0, 1, 1 ], [ 0, -3, -5, 2 ], [ -2, 1, 2, 0 ], [ -5, -1, 0, 2 ] ] ])),rec(TheMatrixStab:=Group([ [ [ -1, 0, 0, 0 ], [ 0, -1, 0, 0 ], [ 0, 0, -1, 0 ], [ 0, 0, 0, -1 ] ], 
  [ [ -1, 37, 59, -37 ], [ -370, -1, 185, 118 ], [ 116, 37, 0, -74 ], 
      [ -185, 58, 185, 0 ] ], 
  [ [ 0, -37, -59, 37 ], [ 370, 0, -185, -118 ], [ -116, -37, -1, 74 ], 
      [ 185, -58, -185, -1 ] ], 
  [ [ 0, 37, 59, -37 ], [ -370, 0, 185, 118 ], [ 116, 37, 1, -74 ], 
      [ -185, 58, 185, 1 ] ], 
  [ [ 1, -37, -59, 37 ], [ 370, 1, -185, -118 ], [ -116, -37, 0, 74 ], 
      [ 185, -58, -185, 0 ] ], 
  [ [ 1, 0, 0, 0 ], [ 0, 1, 0, 0 ], [ 0, 0, 1, 0 ], [ 0, 0, 0, 1 ] ] ]),TheRotSubgroup:=Group([ [ [ -1, 0, 0, 0 ], [ 0, -1, 0, 0 ], [ 0, 0, -1, 0 ], [ 0, 0, 0, -1 ] ], 
  [ [ -1, 37, 59, -37 ], [ -370, -1, 185, 118 ], [ 116, 37, 0, -74 ], 
      [ -185, 58, 185, 0 ] ], 
  [ [ 0, -37, -59, 37 ], [ 370, 0, -185, -118 ], [ -116, -37, -1, 74 ], 
      [ 185, -58, -185, -1 ] ], 
  [ [ 0, 37, 59, -37 ], [ -370, 0, 185, 118 ], [ 116, 37, 1, -74 ], 
      [ -185, 58, 185, 1 ] ], 
  [ [ 1, -37, -59, 37 ], [ 370, 1, -185, -118 ], [ -116, -37, 0, 74 ], 
      [ 185, -58, -185, 0 ] ], 
  [ [ 1, 0, 0, 0 ], [ 0, 1, 0, 0 ], [ 0, 0, 1, 0 ], [ 0, 0, 0, 1 ] ] ]),BoundaryImage:=rec(ListIFace:=[ 2, 6 ],ListSign:=[ -1, 1 ],ListElt:=[ [ [ -1, 37, 59, -37 ], [ -370, -1, 185, 118 ], [ 116, 37, 0, -74 ], 
      [ -185, 58, 185, 0 ] ], 
  [ [ -167, 21, 118, 32 ], [ -210, -167, -160, 236 ], [ -100, 73, 167, -42 ], 
      [ -365, -50, 105, 167 ] ] ])),rec(TheMatrixStab:=Group([ [ [ -13, 3, 10, 1 ], [ -30, -13, -5, 20 ], [ -4, 8, 13, -6 ], 
      [ -40, -2, 15, 13 ] ], 
  [ [ -1, 0, 0, 0 ], [ 0, -1, 0, 0 ], [ 0, 0, -1, 0 ], [ 0, 0, 0, -1 ] ], 
  [ [ 1, 0, 0, 0 ], [ 0, 1, 0, 0 ], [ 0, 0, 1, 0 ], [ 0, 0, 0, 1 ] ], 
  [ [ 13, -3, -10, -1 ], [ 30, 13, 5, -20 ], [ 4, -8, -13, 6 ], 
      [ 40, 2, -15, -13 ] ] ]),TheRotSubgroup:=Group([ [ [ -13, 3, 10, 1 ], [ -30, -13, -5, 20 ], [ -4, 8, 13, -6 ], 
      [ -40, -2, 15, 13 ] ], 
  [ [ -1, 0, 0, 0 ], [ 0, -1, 0, 0 ], [ 0, 0, -1, 0 ], [ 0, 0, 0, -1 ] ], 
  [ [ 1, 0, 0, 0 ], [ 0, 1, 0, 0 ], [ 0, 0, 1, 0 ], [ 0, 0, 0, 1 ] ], 
  [ [ 13, -3, -10, -1 ], [ 30, 13, 5, -20 ], [ 4, -8, -13, 6 ], 
      [ 40, 2, -15, -13 ] ] ]),BoundaryImage:=rec(ListIFace:=[ 3, 5 ],ListSign:=[ -1, 1 ],ListElt:=[ [ [ 2, 5, 6, -5 ], [ -50, 2, 25, 12 ], [ 20, 5, -2, -10 ], 
      [ -25, 10, 25, -2 ] ], 
  [ [ -22, -3, 8, 9 ], [ 30, -22, -45, 16 ], [ -36, 5, 26, 4 ], 
      [ -25, -18, -10, 26 ] ] ])),rec(TheMatrixStab:=Group([ [ [ -67, -52, -50, 73 ], [ 520, -67, -365, -100 ], [ -232, -30, 67, 104 ], 
      [ 150, -116, -260, 67 ] ], 
  [ [ -1, 0, 0, 0 ], [ 0, -1, 0, 0 ], [ 0, 0, -1, 0 ], [ 0, 0, 0, -1 ] ], 
  [ [ 1, 0, 0, 0 ], [ 0, 1, 0, 0 ], [ 0, 0, 1, 0 ], [ 0, 0, 0, 1 ] ], 
  [ [ 67, 52, 50, -73 ], [ -520, 67, 365, 100 ], [ 232, 30, -67, -104 ], 
      [ -150, 116, 260, -67 ] ] ]),TheRotSubgroup:=Group([ [ [ -67, -52, -50, 73 ], [ 520, -67, -365, -100 ], [ -232, -30, 67, 104 ], 
      [ 150, -116, -260, 67 ] ], 
  [ [ -1, 0, 0, 0 ], [ 0, -1, 0, 0 ], [ 0, 0, -1, 0 ], [ 0, 0, 0, -1 ] ], 
  [ [ 1, 0, 0, 0 ], [ 0, 1, 0, 0 ], [ 0, 0, 1, 0 ], [ 0, 0, 0, 1 ] ], 
  [ [ 67, 52, 50, -73 ], [ -520, 67, 365, 100 ], [ 232, 30, -67, -104 ], 
      [ -150, 116, 260, -67 ] ] ]),BoundaryImage:=rec(ListIFace:=[ 4, 6 ],ListSign:=[ -1, 1 ],ListElt:=[ [ [ 117, 0, -58, -37 ], [ 0, 117, 185, -116 ], [ 116, -37, -116, 0 ], 
      [ 185, 58, 0, -116 ] ], 
  [ [ -249, -80, -1, 160 ], [ 800, -249, -800, -2 ], [ -504, 0, 255, 160 ], 
      [ 0, -252, -400, 255 ] ] ])),rec(TheMatrixStab:=Group([ [ [ -15, -2, 4, 6 ], [ 20, -15, -30, 8 ], [ -24, 3, 15, 4 ], 
      [ -15, -12, -10, 15 ] ], 
  [ [ -1, 0, 0, 0 ], [ 0, -1, 0, 0 ], [ 0, 0, -1, 0 ], [ 0, 0, 0, -1 ] ], 
  [ [ 1, 0, 0, 0 ], [ 0, 1, 0, 0 ], [ 0, 0, 1, 0 ], [ 0, 0, 0, 1 ] ], 
  [ [ 15, 2, -4, -6 ], [ -20, 15, 30, -8 ], [ 24, -3, -15, -4 ], 
      [ 15, 12, 10, -15 ] ] ]),TheRotSubgroup:=Group([ [ [ -15, -2, 4, 6 ], [ 20, -15, -30, 8 ], [ -24, 3, 15, 4 ], 
      [ -15, -12, -10, 15 ] ], 
  [ [ -1, 0, 0, 0 ], [ 0, -1, 0, 0 ], [ 0, 0, -1, 0 ], [ 0, 0, 0, -1 ] ], 
  [ [ 1, 0, 0, 0 ], [ 0, 1, 0, 0 ], [ 0, 0, 1, 0 ], [ 0, 0, 0, 1 ] ], 
  [ [ 15, 2, -4, -6 ], [ -20, 15, 30, -8 ], [ 24, -3, -15, -4 ], 
      [ 15, 12, 10, -15 ] ] ]),BoundaryImage:=rec(ListIFace:=[ 3, 6 ],ListSign:=[ -1, 1 ],ListElt:=[ [ [ 13, -3, -10, -1 ], [ 30, 13, 5, -20 ], [ 4, -8, -13, 6 ], 
      [ 40, 2, -15, -13 ] ], 
  [ [ 34, 0, -17, -11 ], [ 0, 34, 55, -34 ], [ 34, -13, -38, 2 ], 
      [ 65, 17, -5, -38 ] ] ])),rec(TheMatrixStab:=Group([ [ [ -67, 52, 116, -30 ], [ -520, -67, 150, 232 ], [ 100, 73, 67, -104 ], 
      [ -365, 50, 260, 67 ] ], 
  [ [ -1, 0, 0, 0 ], [ 0, -1, 0, 0 ], [ 0, 0, -1, 0 ], [ 0, 0, 0, -1 ] ], 
  [ [ 1, 0, 0, 0 ], [ 0, 1, 0, 0 ], [ 0, 0, 1, 0 ], [ 0, 0, 0, 1 ] ], 
  [ [ 67, -52, -116, 30 ], [ 520, 67, -150, -232 ], [ -100, -73, -67, 104 ], 
      [ 365, -50, -260, -67 ] ] ]),TheRotSubgroup:=Group([ [ [ -67, 52, 116, -30 ], [ -520, -67, 150, 232 ], [ 100, 73, 67, -104 ], 
      [ -365, 50, 260, 67 ] ], 
  [ [ -1, 0, 0, 0 ], [ 0, -1, 0, 0 ], [ 0, 0, -1, 0 ], [ 0, 0, 0, -1 ] ], 
  [ [ 1, 0, 0, 0 ], [ 0, 1, 0, 0 ], [ 0, 0, 1, 0 ], [ 0, 0, 0, 1 ] ], 
  [ [ 67, -52, -116, 30 ], [ 520, 67, -150, -232 ], [ -100, -73, -67, 104 ], 
      [ 365, -50, -260, -67 ] ] ]),BoundaryImage:=rec(ListIFace:=[ 4, 5 ],ListSign:=[ -1, 1 ],ListElt:=[ [ [ -67, -52, -50, 73 ], [ 520, -67, -365, -100 ], [ -232, -30, 67, 104 ], 
      [ 150, -116, -260, 67 ] ], 
  [ [ -15, -19, -19, 26 ], [ 190, -15, -130, -38 ], [ -76, -14, 23, 38 ], 
      [ 70, -38, -95, 23 ] ] ]))],[rec(TheMatrixStab:=Group([ [ [ -1, 0, 0, 0 ], [ 0, -1, 0, 0 ], [ 0, 0, -1, 0 ], [ 0, 0, 0, -1 ] ], 
  [ [ 1, 0, 0, 0 ], [ 0, 1, 0, 0 ], [ 0, 0, 1, 0 ], [ 0, 0, 0, 1 ] ] ]),TheRotSubgroup:=Group([ [ [ -1, 0, 0, 0 ], [ 0, -1, 0, 0 ], [ 0, 0, -1, 0 ], [ 0, 0, 0, -1 ] ], 
  [ [ 1, 0, 0, 0 ], [ 0, 1, 0, 0 ], [ 0, 0, 1, 0 ], [ 0, 0, 0, 1 ] ] ]),BoundaryImage:=rec(ListIFace:=[ 1, 2, 5, 7, 6, 4, 3, 1 ],ListSign:=[ 1, -1, 1, -1, -1, 1, -1, -1 ],ListElt:=[ [ [ -1, 0, 1, 0 ], [ 0, -1, 0, 2 ], [ -2, 0, 1, 0 ], [ 0, -1, 0, 1 ] ], 
  [ [ 0, -1, -2, 1 ], [ 10, 0, -5, -4 ], [ -2, -1, -1, 2 ], [ 5, -1, -5, -1 ] 
     ], [ [ -116, 0, 58, 37 ], [ 0, -116, -185, 116 ], [ -116, 37, 117, 0 ], 
      [ -185, -58, 0, 117 ] ], 
  [ [ -181, 28, 134, 30 ], [ -280, -181, -150, 268 ], [ -94, 87, 185, -56 ], 
      [ -435, -47, 140, 185 ] ], 
  [ [ 15, 2, -4, -6 ], [ -20, 15, 30, -8 ], [ 24, -3, -15, -4 ], 
      [ 15, 12, 10, -15 ] ], 
  [ [ 5, -7, -13, 7 ], [ 70, 5, -35, -26 ], [ -18, -9, -2, 16 ], 
      [ 45, -9, -40, -2 ] ], 
  [ [ -17, 6, 18, 0 ], [ -60, -17, 0, 36 ], [ 2, 12, 19, -12 ], 
      [ -60, 1, 30, 19 ] ], 
  [ [ -17, 6, 18, 0 ], [ -60, -17, 0, 36 ], [ 2, 12, 19, -12 ], 
      [ -60, 1, 30, 19 ] ] ])),rec(TheMatrixStab:=Group([ [ [ -1, 0, 0, 0 ], [ 0, -1, 0, 0 ], [ 0, 0, -1, 0 ], [ 0, 0, 0, -1 ] ], 
  [ [ 1, 0, 0, 0 ], [ 0, 1, 0, 0 ], [ 0, 0, 1, 0 ], [ 0, 0, 0, 1 ] ] ]),TheRotSubgroup:=Group([ [ [ -1, 0, 0, 0 ], [ 0, -1, 0, 0 ], [ 0, 0, -1, 0 ], [ 0, 0, 0, -1 ] ], 
  [ [ 1, 0, 0, 0 ], [ 0, 1, 0, 0 ], [ 0, 0, 1, 0 ], [ 0, 0, 0, 1 ] ] ]),BoundaryImage:=rec(ListIFace:=[ 2, 4, 9, 3, 8, 5 ],ListSign:=[ 1, -1, 1, 1, 1, -1 ],ListElt:=[ [ [ -1, 0, 0, 0 ], [ 0, -1, 0, 0 ], [ 0, 0, -1, 0 ], [ 0, 0, 0, -1 ] ], 
  [ [ 3, 0, -1, -1 ], [ 0, 3, 5, -2 ], [ 2, -1, -2, 0 ], [ 5, 1, 0, -2 ] ], 
  [ [ -4, -12, -17, 13 ], [ 120, -4, -65, -34 ], [ -42, -13, 0, 26 ], 
      [ 65, -21, -65, 0 ] ], 
  [ [ 31, 9, -1, -19 ], [ -90, 31, 95, -2 ], [ 62, 0, -31, -20 ], 
      [ 0, 31, 50, -31 ] ], 
  [ [ -2, -5, -6, 5 ], [ 50, -2, -25, -12 ], [ -20, -5, 2, 10 ], 
      [ 25, -10, -25, 2 ] ], 
  [ [ -38, 1, 21, 11 ], [ -10, -38, -55, 42 ], [ -42, 13, 42, 0 ], 
      [ -65, -21, 0, 42 ] ] ])),rec(TheMatrixStab:=Group([ [ [ -1, 0, 0, 0 ], [ 0, -1, 0, 0 ], [ 0, 0, -1, 0 ], [ 0, 0, 0, -1 ] ], 
  [ [ 1, 0, 0, 0 ], [ 0, 1, 0, 0 ], [ 0, 0, 1, 0 ], [ 0, 0, 0, 1 ] ] ]),TheRotSubgroup:=Group([ [ [ -1, 0, 0, 0 ], [ 0, -1, 0, 0 ], [ 0, 0, -1, 0 ], [ 0, 0, 0, -1 ] ], 
  [ [ 1, 0, 0, 0 ], [ 0, 1, 0, 0 ], [ 0, 0, 1, 0 ], [ 0, 0, 0, 1 ] ] ]),BoundaryImage:=rec(ListIFace:=[ 6, 9, 8, 7 ],ListSign:=[ 1, -1, -1, 1 ],ListElt:=[ [ [ 13, -3, -10, -1 ], [ 30, 13, 5, -20 ], [ 4, -8, -13, 6 ], 
      [ 40, 2, -15, -13 ] ], 
  [ [ -23, -17, -16, 24 ], [ 170, -23, -120, -32 ], [ -88, -10, 27, 38 ], 
      [ 50, -44, -95, 27 ] ], 
  [ [ -1, 0, 0, 0 ], [ 0, -1, 0, 0 ], [ 0, 0, -1, 0 ], [ 0, 0, 0, -1 ] ], 
  [ [ 21, -25, -50, 18 ], [ 250, 21, -90, -100 ], [ -74, -35, -19, 58 ], 
      [ 175, -37, -145, -19 ] ] ]))]];