HAP_GCOMPLEX_SETUP:=[false]; 
HAP_GCOMPLEX_LIST:=[[rec(TheMatrixStab:=Group([ [ [ -2, 0, 1, 1 ], [ 0, -2, -3, 2 ], [ -2, 1, 2, 0 ], [ -3, -1, 0, 2 ] ], 
  [ [ -1, 0, 0, 0 ], [ 0, -1, 0, 0 ], [ 0, 0, -1, 0 ], [ 0, 0, 0, -1 ] ], 
  [ [ -1, 0, 1, 0 ], [ 0, -1, 0, 2 ], [ -2, 0, 1, 0 ], [ 0, -1, 0, 1 ] ], 
  [ [ 0, -1, -1, 1 ], [ 6, 0, -3, -2 ], [ -2, -1, 0, 2 ], [ 3, -1, -3, 0 ] ], 
  [ [ 0, 1, 1, -1 ], [ -6, 0, 3, 2 ], [ 2, 1, 0, -2 ], [ -3, 1, 3, 0 ] ], 
  [ [ 1, 0, -1, 0 ], [ 0, 1, 0, -2 ], [ 2, 0, -1, 0 ], [ 0, 1, 0, -1 ] ], 
  [ [ 1, 0, 0, 0 ], [ 0, 1, 0, 0 ], [ 0, 0, 1, 0 ], [ 0, 0, 0, 1 ] ], 
  [ [ 2, 0, -1, -1 ], [ 0, 2, 3, -2 ], [ 2, -1, -2, 0 ], [ 3, 1, 0, -2 ] ] ]),TheRotSubgroup:=Group([ [ [ -2, 0, 1, 1 ], [ 0, -2, -3, 2 ], [ -2, 1, 2, 0 ], [ -3, -1, 0, 2 ] ], 
  [ [ -1, 0, 0, 0 ], [ 0, -1, 0, 0 ], [ 0, 0, -1, 0 ], [ 0, 0, 0, -1 ] ], 
  [ [ -1, 0, 1, 0 ], [ 0, -1, 0, 2 ], [ -2, 0, 1, 0 ], [ 0, -1, 0, 1 ] ], 
  [ [ 0, -1, -1, 1 ], [ 6, 0, -3, -2 ], [ -2, -1, 0, 2 ], [ 3, -1, -3, 0 ] ], 
  [ [ 0, 1, 1, -1 ], [ -6, 0, 3, 2 ], [ 2, 1, 0, -2 ], [ -3, 1, 3, 0 ] ], 
  [ [ 1, 0, -1, 0 ], [ 0, 1, 0, -2 ], [ 2, 0, -1, 0 ], [ 0, 1, 0, -1 ] ], 
  [ [ 1, 0, 0, 0 ], [ 0, 1, 0, 0 ], [ 0, 0, 1, 0 ], [ 0, 0, 0, 1 ] ], 
  [ [ 2, 0, -1, -1 ], [ 0, 2, 3, -2 ], [ 2, -1, -2, 0 ], [ 3, 1, 0, -2 ] ] ]),BoundaryImage:=rec(ListIFace:=[  ],ListSign:=[  ],ListElt:=[  ])),rec(TheMatrixStab:=Group([ [ [ -3, 0, 1, 1 ], [ 0, -3, -3, 2 ], [ -4, 2, 3, 0 ], [ -6, -2, 0, 3 ] ], 
  [ [ -3, 1, 2, 0 ], [ -6, -3, 0, 4 ], [ -2, 3, 3, -2 ], [ -9, -1, 3, 3 ] ], 
  [ [ -2, -1, 0, 1 ], [ 6, -2, -3, 0 ], [ -6, -1, 1, 2 ], [ 3, -3, -3, 1 ] ], 
  [ [ -1, -1, 0, 1 ], [ 6, -1, -3, 0 ], [ -6, -1, 2, 2 ], [ 3, -3, -3, 2 ] ], 
  [ [ -1, 0, 0, 0 ], [ 0, -1, 0, 0 ], [ 0, 0, -1, 0 ], [ 0, 0, 0, -1 ] ], 
  [ [ 0, -1, -1, 1 ], [ 6, 0, -3, -2 ], [ -2, -1, 0, 2 ], [ 3, -1, -3, 0 ] ], 
  [ [ 0, 1, 1, -1 ], [ -6, 0, 3, 2 ], [ 2, 1, 0, -2 ], [ -3, 1, 3, 0 ] ], 
  [ [ 1, 0, 0, 0 ], [ 0, 1, 0, 0 ], [ 0, 0, 1, 0 ], [ 0, 0, 0, 1 ] ], 
  [ [ 1, 1, 0, -1 ], [ -6, 1, 3, 0 ], [ 6, 1, -2, -2 ], [ -3, 3, 3, -2 ] ], 
  [ [ 2, 1, 0, -1 ], [ -6, 2, 3, 0 ], [ 6, 1, -1, -2 ], [ -3, 3, 3, -1 ] ], 
  [ [ 3, -1, -2, 0 ], [ 6, 3, 0, -4 ], [ 2, -3, -3, 2 ], [ 9, 1, -3, -3 ] ], 
  [ [ 3, 0, -1, -1 ], [ 0, 3, 3, -2 ], [ 4, -2, -3, 0 ], [ 6, 2, 0, -3 ] ] ]),TheRotSubgroup:=Group([ [ [ -3, 0, 1, 1 ], [ 0, -3, -3, 2 ], [ -4, 2, 3, 0 ], [ -6, -2, 0, 3 ] ], 
  [ [ -3, 1, 2, 0 ], [ -6, -3, 0, 4 ], [ -2, 3, 3, -2 ], [ -9, -1, 3, 3 ] ], 
  [ [ -2, -1, 0, 1 ], [ 6, -2, -3, 0 ], [ -6, -1, 1, 2 ], [ 3, -3, -3, 1 ] ], 
  [ [ -1, -1, 0, 1 ], [ 6, -1, -3, 0 ], [ -6, -1, 2, 2 ], [ 3, -3, -3, 2 ] ], 
  [ [ -1, 0, 0, 0 ], [ 0, -1, 0, 0 ], [ 0, 0, -1, 0 ], [ 0, 0, 0, -1 ] ], 
  [ [ 0, -1, -1, 1 ], [ 6, 0, -3, -2 ], [ -2, -1, 0, 2 ], [ 3, -1, -3, 0 ] ], 
  [ [ 0, 1, 1, -1 ], [ -6, 0, 3, 2 ], [ 2, 1, 0, -2 ], [ -3, 1, 3, 0 ] ], 
  [ [ 1, 0, 0, 0 ], [ 0, 1, 0, 0 ], [ 0, 0, 1, 0 ], [ 0, 0, 0, 1 ] ], 
  [ [ 1, 1, 0, -1 ], [ -6, 1, 3, 0 ], [ 6, 1, -2, -2 ], [ -3, 3, 3, -2 ] ], 
  [ [ 2, 1, 0, -1 ], [ -6, 2, 3, 0 ], [ 6, 1, -1, -2 ], [ -3, 3, 3, -1 ] ], 
  [ [ 3, -1, -2, 0 ], [ 6, 3, 0, -4 ], [ 2, -3, -3, 2 ], [ 9, 1, -3, -3 ] ], 
  [ [ 3, 0, -1, -1 ], [ 0, 3, 3, -2 ], [ 4, -2, -3, 0 ], [ 6, 2, 0, -3 ] ] ]),BoundaryImage:=rec(ListIFace:=[  ],ListSign:=[  ],ListElt:=[  ]))],[rec(TheMatrixStab:=Group([ [ [ -5, -2, 0, 4 ], [ 12, -5, -12, 0 ], [ -10, 0, 5, 4 ], [ 0, -5, -6, 5 ] ]
    , 
  [ [ -5, 2, 5, 0 ], [ -12, -5, 0, 10 ], [ 0, 4, 5, -4 ], [ -12, 0, 6, 5 ] ], 
  [ [ -1, 0, 0, 0 ], [ 0, -1, 0, 0 ], [ 0, 0, -1, 0 ], [ 0, 0, 0, -1 ] ], 
  [ [ -1, 0, 1, 0 ], [ 0, -1, 0, 2 ], [ -2, 0, 1, 0 ], [ 0, -1, 0, 1 ] ], 
  [ [ 1, 0, -1, 0 ], [ 0, 1, 0, -2 ], [ 2, 0, -1, 0 ], [ 0, 1, 0, -1 ] ], 
  [ [ 1, 0, 0, 0 ], [ 0, 1, 0, 0 ], [ 0, 0, 1, 0 ], [ 0, 0, 0, 1 ] ], 
  [ [ 5, -2, -5, 0 ], [ 12, 5, 0, -10 ], [ 0, -4, -5, 4 ], [ 12, 0, -6, -5 ] ]
    , 
  [ [ 5, 2, 0, -4 ], [ -12, 5, 12, 0 ], [ 10, 0, -5, -4 ], [ 0, 5, 6, -5 ] ] ]),TheRotSubgroup:=Group([ [ [ -1, 0, 0, 0 ], [ 0, -1, 0, 0 ], [ 0, 0, -1, 0 ], [ 0, 0, 0, -1 ] ], 
  [ [ -1, 0, 1, 0 ], [ 0, -1, 0, 2 ], [ -2, 0, 1, 0 ], [ 0, -1, 0, 1 ] ], 
  [ [ 1, 0, -1, 0 ], [ 0, 1, 0, -2 ], [ 2, 0, -1, 0 ], [ 0, 1, 0, -1 ] ], 
  [ [ 1, 0, 0, 0 ], [ 0, 1, 0, 0 ], [ 0, 0, 1, 0 ], [ 0, 0, 0, 1 ] ] ]),BoundaryImage:=rec(ListIFace:=[ 1, 1 ],ListSign:=[ -1, 1 ],ListElt:=[ [ [ 0, 1, -1, -1 ], [ -6, 0, 3, -2 ], [ 2, 1, -2, 0 ], [ -3, 1, 0, -2 ] ], 
  [ [ -2, 0, 1, 1 ], [ 0, -2, -3, 2 ], [ -2, 1, 2, 0 ], [ -3, -1, 0, 2 ] ] ])),rec(TheMatrixStab:=Group([ [ [ -1, 0, 0, 0 ], [ 0, -1, 0, 0 ], [ 0, 0, -1, 0 ], [ 0, 0, 0, -1 ] ], 
  [ [ 0, -1, -1, 1 ], [ 6, 0, -3, -2 ], [ -2, -1, 0, 2 ], [ 3, -1, -3, 0 ] ], 
  [ [ 0, 1, 1, -1 ], [ -6, 0, 3, 2 ], [ 2, 1, 0, -2 ], [ -3, 1, 3, 0 ] ], 
  [ [ 1, 0, 0, 0 ], [ 0, 1, 0, 0 ], [ 0, 0, 1, 0 ], [ 0, 0, 0, 1 ] ] ]),TheRotSubgroup:=Group([ [ [ -1, 0, 0, 0 ], [ 0, -1, 0, 0 ], [ 0, 0, -1, 0 ], [ 0, 0, 0, -1 ] ], 
  [ [ 0, -1, -1, 1 ], [ 6, 0, -3, -2 ], [ -2, -1, 0, 2 ], [ 3, -1, -3, 0 ] ], 
  [ [ 0, 1, 1, -1 ], [ -6, 0, 3, 2 ], [ 2, 1, 0, -2 ], [ -3, 1, 3, 0 ] ], 
  [ [ 1, 0, 0, 0 ], [ 0, 1, 0, 0 ], [ 0, 0, 1, 0 ], [ 0, 0, 0, 1 ] ] ]),BoundaryImage:=rec(ListIFace:=[ 1, 2 ],ListSign:=[ -1, 1 ],ListElt:=[ [ [ -2, 0, 1, 1 ], [ 0, -2, -3, 2 ], [ -2, 1, 2, 0 ], [ -3, -1, 0, 2 ] ], 
  [ [ -1, 0, 0, 0 ], [ 0, -1, 0, 0 ], [ 0, 0, -1, 0 ], [ 0, 0, 0, -1 ] ] ])),rec(TheMatrixStab:=Group([ [ [ -2, 0, 1, 1 ], [ 0, -2, -3, 2 ], [ -2, 1, 2, 0 ], [ -3, -1, 0, 2 ] ], 
  [ [ -1, 0, 0, 0 ], [ 0, -1, 0, 0 ], [ 0, 0, -1, 0 ], [ 0, 0, 0, -1 ] ], 
  [ [ 1, 0, 0, 0 ], [ 0, 1, 0, 0 ], [ 0, 0, 1, 0 ], [ 0, 0, 0, 1 ] ], 
  [ [ 2, 0, -1, -1 ], [ 0, 2, 3, -2 ], [ 2, -1, -2, 0 ], [ 3, 1, 0, -2 ] ] ]),TheRotSubgroup:=Group([ [ [ -2, 0, 1, 1 ], [ 0, -2, -3, 2 ], [ -2, 1, 2, 0 ], [ -3, -1, 0, 2 ] ], 
  [ [ -1, 0, 0, 0 ], [ 0, -1, 0, 0 ], [ 0, 0, -1, 0 ], [ 0, 0, 0, -1 ] ], 
  [ [ 1, 0, 0, 0 ], [ 0, 1, 0, 0 ], [ 0, 0, 1, 0 ], [ 0, 0, 0, 1 ] ], 
  [ [ 2, 0, -1, -1 ], [ 0, 2, 3, -2 ], [ 2, -1, -2, 0 ], [ 3, 1, 0, -2 ] ] ]),BoundaryImage:=rec(ListIFace:=[ 1, 2 ],ListSign:=[ -1, 1 ],ListElt:=[ [ [ 1, 0, 0, 0 ], [ 0, 1, 0, 0 ], [ 0, 0, 1, 0 ], [ 0, 0, 0, 1 ] ], 
  [ [ 0, -1, -1, 1 ], [ 6, 0, -3, -2 ], [ -4, -1, 1, 2 ], [ 3, -2, -3, 1 ] ] ])),rec(TheMatrixStab:=Group([ [ [ -7, -1, 2, 3 ], [ 6, -7, -9, 4 ], [ -12, 2, 7, 2 ], [ -6, -6, -3, 7 ] ],
  [ [ -5, 2, 4, 0 ], [ -12, -5, 0, 8 ], [ 0, 5, 5, -4 ], [ -15, 0, 6, 5 ] ], 
  [ [ -2, -3, -2, 3 ], [ 18, -2, -9, -4 ], [ -12, -3, 2, 6 ], 
      [ 9, -6, -9, 2 ] ], 
  [ [ -2, -1, 0, 1 ], [ 6, -2, -3, 0 ], [ -6, -1, 1, 2 ], [ 3, -3, -3, 1 ] ], 
  [ [ -1, -1, 0, 1 ], [ 6, -1, -3, 0 ], [ -6, -1, 2, 2 ], [ 3, -3, -3, 2 ] ], 
  [ [ -1, 0, 0, 0 ], [ 0, -1, 0, 0 ], [ 0, 0, -1, 0 ], [ 0, 0, 0, -1 ] ], 
  [ [ 1, 0, 0, 0 ], [ 0, 1, 0, 0 ], [ 0, 0, 1, 0 ], [ 0, 0, 0, 1 ] ], 
  [ [ 1, 1, 0, -1 ], [ -6, 1, 3, 0 ], [ 6, 1, -2, -2 ], [ -3, 3, 3, -2 ] ], 
  [ [ 2, 1, 0, -1 ], [ -6, 2, 3, 0 ], [ 6, 1, -1, -2 ], [ -3, 3, 3, -1 ] ], 
  [ [ 2, 3, 2, -3 ], [ -18, 2, 9, 4 ], [ 12, 3, -2, -6 ], [ -9, 6, 9, -2 ] ], 
  [ [ 5, -2, -4, 0 ], [ 12, 5, 0, -8 ], [ 0, -5, -5, 4 ], [ 15, 0, -6, -5 ] ],
  [ [ 7, 1, -2, -3 ], [ -6, 7, 9, -4 ], [ 12, -2, -7, -2 ], [ 6, 6, 3, -7 ] ] 
 ]),TheRotSubgroup:=Group([ [ [ -2, -1, 0, 1 ], [ 6, -2, -3, 0 ], [ -6, -1, 1, 2 ], [ 3, -3, -3, 1 ] ], 
  [ [ -1, -1, 0, 1 ], [ 6, -1, -3, 0 ], [ -6, -1, 2, 2 ], [ 3, -3, -3, 2 ] ], 
  [ [ -1, 0, 0, 0 ], [ 0, -1, 0, 0 ], [ 0, 0, -1, 0 ], [ 0, 0, 0, -1 ] ], 
  [ [ 1, 0, 0, 0 ], [ 0, 1, 0, 0 ], [ 0, 0, 1, 0 ], [ 0, 0, 0, 1 ] ], 
  [ [ 1, 1, 0, -1 ], [ -6, 1, 3, 0 ], [ 6, 1, -2, -2 ], [ -3, 3, 3, -2 ] ], 
  [ [ 2, 1, 0, -1 ], [ -6, 2, 3, 0 ], [ 6, 1, -1, -2 ], [ -3, 3, 3, -1 ] ] ]),BoundaryImage:=rec(ListIFace:=[ 2, 2 ],ListSign:=[ -1, 1 ],ListElt:=[ [ [ 0, -1, -1, 1 ], [ 6, 0, -3, -2 ], [ -2, -1, 0, 2 ], [ 3, -1, -3, 0 ] ], 
  [ [ -1, 2, 1, -1 ], [ -12, -1, 3, 2 ], [ 4, 3, 0, -2 ], [ -9, 2, 3, 0 ] ] ]))],[rec(TheMatrixStab:=Group([ [ [ -1, -4, -4, 4 ], [ 24, -1, -12, -8 ], [ -12, -4, 1, 8 ], 
      [ 12, -6, -12, 1 ] ], 
  [ [ -1, 0, 0, 0 ], [ 0, -1, 0, 0 ], [ 0, 0, -1, 0 ], [ 0, 0, 0, -1 ] ], 
  [ [ 1, 0, 0, 0 ], [ 0, 1, 0, 0 ], [ 0, 0, 1, 0 ], [ 0, 0, 0, 1 ] ], 
  [ [ 1, 4, 4, -4 ], [ -24, 1, 12, 8 ], [ 12, 4, -1, -8 ], [ -12, 6, 12, -1 ] 
     ] ]),TheRotSubgroup:=Group([ [ [ -1, -4, -4, 4 ], [ 24, -1, -12, -8 ], [ -12, -4, 1, 8 ], 
      [ 12, -6, -12, 1 ] ], 
  [ [ -1, 0, 0, 0 ], [ 0, -1, 0, 0 ], [ 0, 0, -1, 0 ], [ 0, 0, 0, -1 ] ], 
  [ [ 1, 0, 0, 0 ], [ 0, 1, 0, 0 ], [ 0, 0, 1, 0 ], [ 0, 0, 0, 1 ] ], 
  [ [ 1, 4, 4, -4 ], [ -24, 1, 12, 8 ], [ 12, 4, -1, -8 ], [ -12, 6, 12, -1 ] 
     ] ]),BoundaryImage:=rec(ListIFace:=[ 1, 2, 3, 4, 4, 3, 2, 1 ],ListSign:=[ 1, -1, 1, 1, 1, 1, -1, 1 ],ListElt:=[ [ [ 5, -2, -5, 0 ], [ 12, 5, 0, -10 ], [ 0, -4, -5, 4 ], [ 12, 0, -6, -5 ] ]
    , [ [ 0, 1, 1, -1 ], [ -6, 0, 3, 2 ], [ 2, 1, 0, -2 ], [ -3, 1, 3, 0 ] ], 
  [ [ -2, 0, 1, -1 ], [ 0, -2, 3, 2 ], [ -2, 1, 0, -2 ], [ -3, -1, 3, 0 ] ], 
  [ [ 5, -2, -4, 0 ], [ 12, 5, 0, -8 ], [ 0, -5, -5, 4 ], [ 15, 0, -6, -5 ] ],
  [ [ -7, -2, 0, 4 ], [ 12, -7, -12, 0 ], [ -12, 1, 5, 4 ], [ -3, -6, -6, 5 ] 
     ], [ [ 2, 0, 1, -1 ], [ 0, 2, 3, 2 ], [ 2, -1, 0, -2 ], [ 3, 1, 3, 0 ] ],
  [ [ -4, 1, 1, -1 ], [ -6, -4, 3, 2 ], [ -2, 3, 0, -2 ], [ -9, -1, 3, 0 ] ], 
  [ [ 5, 2, -1, -4 ], [ -12, 5, 12, -2 ], [ 12, 0, -7, -4 ], [ 0, 6, 6, -7 ] 
     ] ])),rec(TheMatrixStab:=Group([ [ [ -1, 0, 0, 0 ], [ 0, -1, 0, 0 ], [ -2, 1, 1, 0 ], [ -3, -1, 0, 1 ] ], 
  [ [ -1, 0, 0, 0 ], [ 0, -1, 0, 0 ], [ 0, 0, -1, 0 ], [ 0, 0, 0, -1 ] ], 
  [ [ 1, 0, 0, 0 ], [ 0, 1, 0, 0 ], [ 0, 0, 1, 0 ], [ 0, 0, 0, 1 ] ], 
  [ [ 1, 0, 0, 0 ], [ 0, 1, 0, 0 ], [ 2, -1, -1, 0 ], [ 3, 1, 0, -1 ] ] ]),TheRotSubgroup:=Group([ [ [ -1, 0, 0, 0 ], [ 0, -1, 0, 0 ], [ -2, 1, 1, 0 ], [ -3, -1, 0, 1 ] ], 
  [ [ -1, 0, 0, 0 ], [ 0, -1, 0, 0 ], [ 0, 0, -1, 0 ], [ 0, 0, 0, -1 ] ], 
  [ [ 1, 0, 0, 0 ], [ 0, 1, 0, 0 ], [ 0, 0, 1, 0 ], [ 0, 0, 0, 1 ] ], 
  [ [ 1, 0, 0, 0 ], [ 0, 1, 0, 0 ], [ 2, -1, -1, 0 ], [ 3, 1, 0, -1 ] ] ]),BoundaryImage:=rec(ListIFace:=[ 2, 3, 3, 2 ],ListSign:=[ 1, -1, -1, 1 ],ListElt:=[ [ [ -1, 0, 0, 0 ], [ 0, -1, 0, 0 ], [ 0, 0, -1, 0 ], [ 0, 0, 0, -1 ] ], 
  [ [ 1, 0, 0, 0 ], [ 0, 1, 0, 0 ], [ 2, -1, -1, 0 ], [ 3, 1, 0, -1 ] ], 
  [ [ -1, 0, 0, 0 ], [ 0, -1, 0, 0 ], [ 0, 0, -1, 0 ], [ 0, 0, 0, -1 ] ], 
  [ [ 0, -1, -1, 1 ], [ 6, 0, -3, -2 ], [ -4, -1, 1, 2 ], [ 3, -2, -3, 1 ] ] ]))]];