HAP_GCOMPLEX_SETUP:=[false]; 
HAP_GCOMPLEX_LIST:=[[rec(TheMatrixStab:=Group([ [ [ -5, 0, 3, 1 ], [ 0, -5, -2, 8 ], [ -8, 1, 5, 0 ], [ -2, -3, 0, 5 ] ], 
  [ [ -4, 0, 2, 1 ], [ 0, -4, -3, 5 ], [ -5, 1, 3, 0 ], [ -3, -2, 0, 3 ] ], 
  [ [ -3, -1, 1, 2 ], [ 14, -3, -9, 1 ], [ -7, -1, 3, 3 ], [ 7, -2, -5, 1 ] ],
  [ [ -3, 0, 2, 1 ], [ 0, -3, -3, 5 ], [ -5, 1, 4, 0 ], [ -3, -2, 0, 4 ] ], 
  [ [ -3, 1, 2, -1 ], [ -14, -3, 7, 7 ], [ -1, 2, 1, -3 ], [ -9, -1, 5, 3 ] ],
  [ [ -2, -1, 1, 2 ], [ 14, -2, -9, 1 ], [ -7, -1, 4, 3 ], [ 7, -2, -5, 2 ] ],
  [ [ -2, 0, 1, 0 ], [ 0, -2, 1, 3 ], [ -3, 0, 1, 0 ], [ 1, -1, 0, 1 ] ], 
  [ [ -2, 1, 2, -1 ], [ -14, -2, 7, 7 ], [ -1, 2, 2, -3 ], [ -9, -1, 5, 4 ] ],
  [ [ -1, -1, 0, 2 ], [ 14, -1, -10, -2 ], [ -4, -1, 2, 3 ], [ 6, -1, -5, 0 ] 
     ], [ [ -1, 0, 0, 0 ], [ 0, -1, 0, 0 ], [ 0, 0, -1, 0 ], [ 0, 0, 0, -1 ] ]
    , [ [ -1, 0, 1, 0 ], [ 0, -1, 1, 3 ], [ -3, 0, 2, 0 ], [ 1, -1, 0, 2 ] ], 
  [ [ -1, 1, 1, -1 ], [ -14, -1, 6, 4 ], [ 2, 2, 0, -3 ], [ -10, 0, 5, 2 ] ], 
  [ [ 1, -1, -1, 1 ], [ 14, 1, -6, -4 ], [ -2, -2, 0, 3 ], [ 10, 0, -5, -2 ] ]
    , [ [ 1, 0, -1, 0 ], [ 0, 1, -1, -3 ], [ 3, 0, -2, 0 ], [ -1, 1, 0, -2 ] ]
    , [ [ 1, 0, 0, 0 ], [ 0, 1, 0, 0 ], [ 0, 0, 1, 0 ], [ 0, 0, 0, 1 ] ], 
  [ [ 1, 1, 0, -2 ], [ -14, 1, 10, 2 ], [ 4, 1, -2, -3 ], [ -6, 1, 5, 0 ] ], 
  [ [ 2, -1, -2, 1 ], [ 14, 2, -7, -7 ], [ 1, -2, -2, 3 ], [ 9, 1, -5, -4 ] ],
  [ [ 2, 0, -1, 0 ], [ 0, 2, -1, -3 ], [ 3, 0, -1, 0 ], [ -1, 1, 0, -1 ] ], 
  [ [ 2, 1, -1, -2 ], [ -14, 2, 9, -1 ], [ 7, 1, -4, -3 ], [ -7, 2, 5, -2 ] ],
  [ [ 3, -1, -2, 1 ], [ 14, 3, -7, -7 ], [ 1, -2, -1, 3 ], [ 9, 1, -5, -3 ] ],
  [ [ 3, 0, -2, -1 ], [ 0, 3, 3, -5 ], [ 5, -1, -4, 0 ], [ 3, 2, 0, -4 ] ], 
  [ [ 3, 1, -1, -2 ], [ -14, 3, 9, -1 ], [ 7, 1, -3, -3 ], [ -7, 2, 5, -1 ] ],
  [ [ 4, 0, -2, -1 ], [ 0, 4, 3, -5 ], [ 5, -1, -3, 0 ], [ 3, 2, 0, -3 ] ], 
  [ [ 5, 0, -3, -1 ], [ 0, 5, 2, -8 ], [ 8, -1, -5, 0 ], [ 2, 3, 0, -5 ] ] ]),TheRotSubgroup:=Group([ [ [ -5, 0, 3, 1 ], [ 0, -5, -2, 8 ], [ -8, 1, 5, 0 ], [ -2, -3, 0, 5 ] ], 
  [ [ -4, 0, 2, 1 ], [ 0, -4, -3, 5 ], [ -5, 1, 3, 0 ], [ -3, -2, 0, 3 ] ], 
  [ [ -3, -1, 1, 2 ], [ 14, -3, -9, 1 ], [ -7, -1, 3, 3 ], [ 7, -2, -5, 1 ] ],
  [ [ -3, 0, 2, 1 ], [ 0, -3, -3, 5 ], [ -5, 1, 4, 0 ], [ -3, -2, 0, 4 ] ], 
  [ [ -3, 1, 2, -1 ], [ -14, -3, 7, 7 ], [ -1, 2, 1, -3 ], [ -9, -1, 5, 3 ] ],
  [ [ -2, -1, 1, 2 ], [ 14, -2, -9, 1 ], [ -7, -1, 4, 3 ], [ 7, -2, -5, 2 ] ],
  [ [ -2, 0, 1, 0 ], [ 0, -2, 1, 3 ], [ -3, 0, 1, 0 ], [ 1, -1, 0, 1 ] ], 
  [ [ -2, 1, 2, -1 ], [ -14, -2, 7, 7 ], [ -1, 2, 2, -3 ], [ -9, -1, 5, 4 ] ],
  [ [ -1, -1, 0, 2 ], [ 14, -1, -10, -2 ], [ -4, -1, 2, 3 ], [ 6, -1, -5, 0 ] 
     ], [ [ -1, 0, 0, 0 ], [ 0, -1, 0, 0 ], [ 0, 0, -1, 0 ], [ 0, 0, 0, -1 ] ]
    , [ [ -1, 0, 1, 0 ], [ 0, -1, 1, 3 ], [ -3, 0, 2, 0 ], [ 1, -1, 0, 2 ] ], 
  [ [ -1, 1, 1, -1 ], [ -14, -1, 6, 4 ], [ 2, 2, 0, -3 ], [ -10, 0, 5, 2 ] ], 
  [ [ 1, -1, -1, 1 ], [ 14, 1, -6, -4 ], [ -2, -2, 0, 3 ], [ 10, 0, -5, -2 ] ]
    , [ [ 1, 0, -1, 0 ], [ 0, 1, -1, -3 ], [ 3, 0, -2, 0 ], [ -1, 1, 0, -2 ] ]
    , [ [ 1, 0, 0, 0 ], [ 0, 1, 0, 0 ], [ 0, 0, 1, 0 ], [ 0, 0, 0, 1 ] ], 
  [ [ 1, 1, 0, -2 ], [ -14, 1, 10, 2 ], [ 4, 1, -2, -3 ], [ -6, 1, 5, 0 ] ], 
  [ [ 2, -1, -2, 1 ], [ 14, 2, -7, -7 ], [ 1, -2, -2, 3 ], [ 9, 1, -5, -4 ] ],
  [ [ 2, 0, -1, 0 ], [ 0, 2, -1, -3 ], [ 3, 0, -1, 0 ], [ -1, 1, 0, -1 ] ], 
  [ [ 2, 1, -1, -2 ], [ -14, 2, 9, -1 ], [ 7, 1, -4, -3 ], [ -7, 2, 5, -2 ] ],
  [ [ 3, -1, -2, 1 ], [ 14, 3, -7, -7 ], [ 1, -2, -1, 3 ], [ 9, 1, -5, -3 ] ],
  [ [ 3, 0, -2, -1 ], [ 0, 3, 3, -5 ], [ 5, -1, -4, 0 ], [ 3, 2, 0, -4 ] ], 
  [ [ 3, 1, -1, -2 ], [ -14, 3, 9, -1 ], [ 7, 1, -3, -3 ], [ -7, 2, 5, -1 ] ],
  [ [ 4, 0, -2, -1 ], [ 0, 4, 3, -5 ], [ 5, -1, -3, 0 ], [ 3, 2, 0, -3 ] ], 
  [ [ 5, 0, -3, -1 ], [ 0, 5, 2, -8 ], [ 8, -1, -5, 0 ], [ 2, 3, 0, -5 ] ] ]),BoundaryImage:=rec(ListIFace:=[  ],ListSign:=[  ],ListElt:=[  ])),rec(TheMatrixStab:=Group([ [ [ -29, -17, 6, 34 ], [ 238, -29, -164, -16 ], [ -95, -17, 46, 51 ], 
      [ 111, -26, -85, 12 ] ], 
  [ [ -1, 0, 0, 0 ], [ 0, -1, 0, 0 ], [ 0, 0, -1, 0 ], [ 0, 0, 0, -1 ] ], 
  [ [ 1, 0, 0, 0 ], [ 0, 1, 0, 0 ], [ 0, 0, 1, 0 ], [ 0, 0, 0, 1 ] ], 
  [ [ 29, 17, -6, -34 ], [ -238, 29, 164, 16 ], [ 95, 17, -46, -51 ], 
      [ -111, 26, 85, -12 ] ] ]),TheRotSubgroup:=Group([ [ [ -29, -17, 6, 34 ], [ 238, -29, -164, -16 ], [ -95, -17, 46, 51 ], 
      [ 111, -26, -85, 12 ] ], 
  [ [ -1, 0, 0, 0 ], [ 0, -1, 0, 0 ], [ 0, 0, -1, 0 ], [ 0, 0, 0, -1 ] ], 
  [ [ 1, 0, 0, 0 ], [ 0, 1, 0, 0 ], [ 0, 0, 1, 0 ], [ 0, 0, 0, 1 ] ], 
  [ [ 29, 17, -6, -34 ], [ -238, 29, 164, 16 ], [ 95, 17, -46, -51 ], 
      [ -111, 26, 85, -12 ] ] ]),BoundaryImage:=rec(ListIFace:=[  ],ListSign:=[  ],ListElt:=[  ])),rec(TheMatrixStab:=Group([ [ [ -19, 4, 12, -2 ], [ -56, -19, 22, 38 ], [ -19, 11, 15, -12 ], 
      [ -45, -10, 20, 23 ] ], 
  [ [ -15, -5, 6, 10 ], [ 70, -15, -44, 8 ], [ -41, -5, 20, 15 ], 
      [ 37, -12, -25, 10 ] ], 
  [ [ -1, -1, 0, 2 ], [ 14, -1, -10, -2 ], [ -4, -1, 2, 3 ], [ 6, -1, -5, 0 ] 
     ], [ [ -1, 0, 0, 0 ], [ 0, -1, 0, 0 ], [ 0, 0, -1, 0 ], [ 0, 0, 0, -1 ] ]
    , [ [ 1, 0, 0, 0 ], [ 0, 1, 0, 0 ], [ 0, 0, 1, 0 ], [ 0, 0, 0, 1 ] ], 
  [ [ 1, 1, 0, -2 ], [ -14, 1, 10, 2 ], [ 4, 1, -2, -3 ], [ -6, 1, 5, 0 ] ], 
  [ [ 15, 5, -6, -10 ], [ -70, 15, 44, -8 ], [ 41, 5, -20, -15 ], 
      [ -37, 12, 25, -10 ] ], 
  [ [ 19, -4, -12, 2 ], [ 56, 19, -22, -38 ], [ 19, -11, -15, 12 ], 
      [ 45, 10, -20, -23 ] ] ]),TheRotSubgroup:=Group([ [ [ -19, 4, 12, -2 ], [ -56, -19, 22, 38 ], [ -19, 11, 15, -12 ], 
      [ -45, -10, 20, 23 ] ], 
  [ [ -15, -5, 6, 10 ], [ 70, -15, -44, 8 ], [ -41, -5, 20, 15 ], 
      [ 37, -12, -25, 10 ] ], 
  [ [ -1, -1, 0, 2 ], [ 14, -1, -10, -2 ], [ -4, -1, 2, 3 ], [ 6, -1, -5, 0 ] 
     ], [ [ -1, 0, 0, 0 ], [ 0, -1, 0, 0 ], [ 0, 0, -1, 0 ], [ 0, 0, 0, -1 ] ]
    , [ [ 1, 0, 0, 0 ], [ 0, 1, 0, 0 ], [ 0, 0, 1, 0 ], [ 0, 0, 0, 1 ] ], 
  [ [ 1, 1, 0, -2 ], [ -14, 1, 10, 2 ], [ 4, 1, -2, -3 ], [ -6, 1, 5, 0 ] ], 
  [ [ 15, 5, -6, -10 ], [ -70, 15, 44, -8 ], [ 41, 5, -20, -15 ], 
      [ -37, 12, 25, -10 ] ], 
  [ [ 19, -4, -12, 2 ], [ 56, 19, -22, -38 ], [ 19, -11, -15, 12 ], 
      [ 45, 10, -20, -23 ] ] ]),BoundaryImage:=rec(ListIFace:=[  ],ListSign:=[  ],ListElt:=[  ]))],[rec(TheMatrixStab:=Group([ [ [ -1, 0, 0, 0 ], [ 0, -1, 0, 0 ], [ 0, 0, -1, 0 ], [ 0, 0, 0, -1 ] ], 
  [ [ 1, 0, 0, 0 ], [ 0, 1, 0, 0 ], [ 0, 0, 1, 0 ], [ 0, 0, 0, 1 ] ] ]),TheRotSubgroup:=Group([ [ [ -1, 0, 0, 0 ], [ 0, -1, 0, 0 ], [ 0, 0, -1, 0 ], [ 0, 0, 0, -1 ] ], 
  [ [ 1, 0, 0, 0 ], [ 0, 1, 0, 0 ], [ 0, 0, 1, 0 ], [ 0, 0, 0, 1 ] ] ]),BoundaryImage:=rec(ListIFace:=[ 1, 2 ],ListSign:=[ -1, 1 ],ListElt:=[ [ [ -4, 0, 2, 1 ], [ 0, -4, -3, 5 ], [ -5, 1, 3, 0 ], [ -3, -2, 0, 3 ] ], 
  [ [ -29, -17, 6, 34 ], [ 238, -29, -164, -16 ], [ -95, -17, 46, 51 ], 
      [ 111, -26, -85, 12 ] ] ])),rec(TheMatrixStab:=Group([ [ [ -10, 1, 5, 0 ], [ -14, -10, 5, 15 ], [ -17, 4, 9, -3 ], 
      [ -13, -7, 5, 11 ] ], 
  [ [ -9, -2, 4, 4 ], [ 28, -9, -16, 8 ], [ -23, -2, 11, 6 ], 
      [ 17, -7, -10, 7 ] ], 
  [ [ -3, -1, 1, 2 ], [ 14, -3, -9, 1 ], [ -7, -1, 3, 3 ], [ 7, -2, -5, 1 ] ],
  [ [ -2, -1, 1, 2 ], [ 14, -2, -9, 1 ], [ -7, -1, 4, 3 ], [ 7, -2, -5, 2 ] ],
  [ [ -1, 0, 0, 0 ], [ 0, -1, 0, 0 ], [ 0, 0, -1, 0 ], [ 0, 0, 0, -1 ] ], 
  [ [ -1, 3, 1, -4 ], [ -42, -1, 21, 7 ], [ 6, 6, -2, -9 ], [ -30, 0, 15, 4 ] 
     ], 
  [ [ 1, -3, -1, 4 ], [ 42, 1, -21, -7 ], [ -6, -6, 2, 9 ], 
      [ 30, 0, -15, -4 ] ], 
  [ [ 1, 0, 0, 0 ], [ 0, 1, 0, 0 ], [ 0, 0, 1, 0 ], [ 0, 0, 0, 1 ] ], 
  [ [ 2, 1, -1, -2 ], [ -14, 2, 9, -1 ], [ 7, 1, -4, -3 ], [ -7, 2, 5, -2 ] ],
  [ [ 3, 1, -1, -2 ], [ -14, 3, 9, -1 ], [ 7, 1, -3, -3 ], [ -7, 2, 5, -1 ] ],
  [ [ 9, 2, -4, -4 ], [ -28, 9, 16, -8 ], [ 23, 2, -11, -6 ], 
      [ -17, 7, 10, -7 ] ], 
  [ [ 10, -1, -5, 0 ], [ 14, 10, -5, -15 ], [ 17, -4, -9, 3 ], 
      [ 13, 7, -5, -11 ] ] ]),TheRotSubgroup:=Group([ [ [ -3, -1, 1, 2 ], [ 14, -3, -9, 1 ], [ -7, -1, 3, 3 ], [ 7, -2, -5, 1 ] ],
  [ [ -2, -1, 1, 2 ], [ 14, -2, -9, 1 ], [ -7, -1, 4, 3 ], [ 7, -2, -5, 2 ] ],
  [ [ -1, 0, 0, 0 ], [ 0, -1, 0, 0 ], [ 0, 0, -1, 0 ], [ 0, 0, 0, -1 ] ], 
  [ [ 1, 0, 0, 0 ], [ 0, 1, 0, 0 ], [ 0, 0, 1, 0 ], [ 0, 0, 0, 1 ] ], 
  [ [ 2, 1, -1, -2 ], [ -14, 2, 9, -1 ], [ 7, 1, -4, -3 ], [ -7, 2, 5, -2 ] ],
  [ [ 3, 1, -1, -2 ], [ -14, 3, 9, -1 ], [ 7, 1, -3, -3 ], [ -7, 2, 5, -1 ] ] 
 ]),BoundaryImage:=rec(ListIFace:=[ 1, 1 ],ListSign:=[ -1, 1 ],ListElt:=[ [ [ 1, -3, -1, 4 ], [ 42, 1, -21, -7 ], [ -6, -6, 2, 9 ], 
      [ 30, 0, -15, -4 ] ], 
  [ [ -5, 0, 3, 1 ], [ 0, -5, -2, 8 ], [ -8, 1, 5, 0 ], [ -2, -3, 0, 5 ] ] ])),rec(TheMatrixStab:=Group([ [ [ -1, -1, 0, 2 ], [ 14, -1, -10, -2 ], [ -4, -1, 2, 3 ], [ 6, -1, -5, 0 ] 
     ], [ [ -1, 0, 0, 0 ], [ 0, -1, 0, 0 ], [ 0, 0, -1, 0 ], [ 0, 0, 0, -1 ] ]
    , [ [ 1, 0, 0, 0 ], [ 0, 1, 0, 0 ], [ 0, 0, 1, 0 ], [ 0, 0, 0, 1 ] ], 
  [ [ 1, 1, 0, -2 ], [ -14, 1, 10, 2 ], [ 4, 1, -2, -3 ], [ -6, 1, 5, 0 ] ] ]),TheRotSubgroup:=Group([ [ [ -1, -1, 0, 2 ], [ 14, -1, -10, -2 ], [ -4, -1, 2, 3 ], [ 6, -1, -5, 0 ] 
     ], [ [ -1, 0, 0, 0 ], [ 0, -1, 0, 0 ], [ 0, 0, -1, 0 ], [ 0, 0, 0, -1 ] ]
    , [ [ 1, 0, 0, 0 ], [ 0, 1, 0, 0 ], [ 0, 0, 1, 0 ], [ 0, 0, 0, 1 ] ], 
  [ [ 1, 1, 0, -2 ], [ -14, 1, 10, 2 ], [ 4, 1, -2, -3 ], [ -6, 1, 5, 0 ] ] ]),BoundaryImage:=rec(ListIFace:=[ 1, 3 ],ListSign:=[ -1, 1 ],ListElt:=[ [ [ -1, 1, 1, -1 ], [ -14, -1, 6, 4 ], [ 2, 2, 0, -3 ], [ -10, 0, 5, 2 ] ], 
  [ [ 15, 5, -6, -10 ], [ -70, 15, 44, -8 ], [ 41, 5, -20, -15 ], 
      [ -37, 12, 25, -10 ] ] ])),rec(TheMatrixStab:=Group([ [ [ -22, 0, 13, 4 ], [ 0, -22, -7, 35 ], [ -35, 4, 22, 0 ], 
      [ -7, -13, 0, 22 ] ], 
  [ [ -11, -5, 5, 10 ], [ 70, -11, -45, 5 ], [ -30, -6, 16, 15 ], 
      [ 38, -8, -25, 6 ] ], 
  [ [ -11, 5, 8, -6 ], [ -70, -11, 38, 30 ], [ -5, 10, 6, -15 ], 
      [ -45, -5, 25, 16 ] ], 
  [ [ -4, 0, 2, 1 ], [ 0, -4, -3, 5 ], [ -5, 1, 3, 0 ], [ -3, -2, 0, 3 ] ], 
  [ [ -3, 0, 2, 1 ], [ 0, -3, -3, 5 ], [ -5, 1, 4, 0 ], [ -3, -2, 0, 4 ] ], 
  [ [ -1, 0, 0, 0 ], [ 0, -1, 0, 0 ], [ 0, 0, -1, 0 ], [ 0, 0, 0, -1 ] ], 
  [ [ 1, 0, 0, 0 ], [ 0, 1, 0, 0 ], [ 0, 0, 1, 0 ], [ 0, 0, 0, 1 ] ], 
  [ [ 3, 0, -2, -1 ], [ 0, 3, 3, -5 ], [ 5, -1, -4, 0 ], [ 3, 2, 0, -4 ] ], 
  [ [ 4, 0, -2, -1 ], [ 0, 4, 3, -5 ], [ 5, -1, -3, 0 ], [ 3, 2, 0, -3 ] ], 
  [ [ 11, -5, -8, 6 ], [ 70, 11, -38, -30 ], [ 5, -10, -6, 15 ], 
      [ 45, 5, -25, -16 ] ], 
  [ [ 11, 5, -5, -10 ], [ -70, 11, 45, -5 ], [ 30, 6, -16, -15 ], 
      [ -38, 8, 25, -6 ] ], 
  [ [ 22, 0, -13, -4 ], [ 0, 22, 7, -35 ], [ 35, -4, -22, 0 ], 
      [ 7, 13, 0, -22 ] ] ]),TheRotSubgroup:=Group([ [ [ -4, 0, 2, 1 ], [ 0, -4, -3, 5 ], [ -5, 1, 3, 0 ], [ -3, -2, 0, 3 ] ], 
  [ [ -3, 0, 2, 1 ], [ 0, -3, -3, 5 ], [ -5, 1, 4, 0 ], [ -3, -2, 0, 4 ] ], 
  [ [ -1, 0, 0, 0 ], [ 0, -1, 0, 0 ], [ 0, 0, -1, 0 ], [ 0, 0, 0, -1 ] ], 
  [ [ 1, 0, 0, 0 ], [ 0, 1, 0, 0 ], [ 0, 0, 1, 0 ], [ 0, 0, 0, 1 ] ], 
  [ [ 3, 0, -2, -1 ], [ 0, 3, 3, -5 ], [ 5, -1, -4, 0 ], [ 3, 2, 0, -4 ] ], 
  [ [ 4, 0, -2, -1 ], [ 0, 4, 3, -5 ], [ 5, -1, -3, 0 ], [ 3, 2, 0, -3 ] ] ]),BoundaryImage:=rec(ListIFace:=[ 1, 1 ],ListSign:=[ -1, 1 ],ListElt:=[ [ [ 3, 1, -1, -2 ], [ -14, 3, 9, -1 ], [ 7, 1, -3, -3 ], [ -7, 2, 5, -1 ] ],
  [ [ -9, 4, 9, -4 ], [ -56, -9, 29, 31 ], [ -4, 8, 9, -12 ], 
      [ -36, -4, 20, 17 ] ] ])),rec(TheMatrixStab:=Group([ [ [ -29, -17, 6, 34 ], [ 238, -29, -164, -16 ], [ -95, -17, 46, 51 ], 
      [ 111, -26, -85, 12 ] ], 
  [ [ -1, 0, 0, 0 ], [ 0, -1, 0, 0 ], [ 0, 0, -1, 0 ], [ 0, 0, 0, -1 ] ], 
  [ [ 1, 0, 0, 0 ], [ 0, 1, 0, 0 ], [ 0, 0, 1, 0 ], [ 0, 0, 0, 1 ] ], 
  [ [ 29, 17, -6, -34 ], [ -238, 29, 164, 16 ], [ 95, 17, -46, -51 ], 
      [ -111, 26, 85, -12 ] ] ]),TheRotSubgroup:=Group([ [ [ -29, -17, 6, 34 ], [ 238, -29, -164, -16 ], [ -95, -17, 46, 51 ], 
      [ 111, -26, -85, 12 ] ], 
  [ [ -1, 0, 0, 0 ], [ 0, -1, 0, 0 ], [ 0, 0, -1, 0 ], [ 0, 0, 0, -1 ] ], 
  [ [ 1, 0, 0, 0 ], [ 0, 1, 0, 0 ], [ 0, 0, 1, 0 ], [ 0, 0, 0, 1 ] ], 
  [ [ 29, 17, -6, -34 ], [ -238, 29, 164, 16 ], [ 95, 17, -46, -51 ], 
      [ -111, 26, 85, -12 ] ] ]),BoundaryImage:=rec(ListIFace:=[ 2, 3 ],ListSign:=[ -1, 1 ],ListElt:=[ [ [ 1, 0, 0, 0 ], [ 0, 1, 0, 0 ], [ 0, 0, 1, 0 ], [ 0, 0, 0, 1 ] ], 
  [ [ -31, -15, 10, 28 ], [ 210, -31, -130, 2 ], [ -92, -14, 44, 39 ], 
      [ 96, -26, -65, 18 ] ] ])),rec(TheMatrixStab:=Group([ [ [ -1, 0, 0, 0 ], [ 0, -1, 0, 0 ], [ 0, 0, -1, 0 ], [ 0, 0, 0, -1 ] ], 
  [ [ 1, 0, 0, 0 ], [ 0, 1, 0, 0 ], [ 0, 0, 1, 0 ], [ 0, 0, 0, 1 ] ] ]),TheRotSubgroup:=Group([ [ [ -1, 0, 0, 0 ], [ 0, -1, 0, 0 ], [ 0, 0, -1, 0 ], [ 0, 0, 0, -1 ] ], 
  [ [ 1, 0, 0, 0 ], [ 0, 1, 0, 0 ], [ 0, 0, 1, 0 ], [ 0, 0, 0, 1 ] ] ]),BoundaryImage:=rec(ListIFace:=[ 2, 3 ],ListSign:=[ -1, 1 ],ListElt:=[ [ [ 1, 0, 0, 0 ], [ 0, 1, 0, 0 ], [ 0, 0, 1, 0 ], [ 0, 0, 0, 1 ] ], 
  [ [ 54, -2, -30, -7 ], [ 28, 54, 5, -83 ], [ 69, -15, -43, 9 ], 
      [ 47, 28, -15, -49 ] ] ])),rec(TheMatrixStab:=Group([ [ [ -29, -17, 6, 34 ], [ 238, -29, -164, -16 ], [ -95, -17, 46, 51 ], 
      [ 111, -26, -85, 12 ] ], 
  [ [ -1, 0, 0, 0 ], [ 0, -1, 0, 0 ], [ 0, 0, -1, 0 ], [ 0, 0, 0, -1 ] ], 
  [ [ 1, 0, 0, 0 ], [ 0, 1, 0, 0 ], [ 0, 0, 1, 0 ], [ 0, 0, 0, 1 ] ], 
  [ [ 29, 17, -6, -34 ], [ -238, 29, 164, 16 ], [ 95, 17, -46, -51 ], 
      [ -111, 26, 85, -12 ] ] ]),TheRotSubgroup:=Group([ [ [ -29, -17, 6, 34 ], [ 238, -29, -164, -16 ], [ -95, -17, 46, 51 ], 
      [ 111, -26, -85, 12 ] ], 
  [ [ -1, 0, 0, 0 ], [ 0, -1, 0, 0 ], [ 0, 0, -1, 0 ], [ 0, 0, 0, -1 ] ], 
  [ [ 1, 0, 0, 0 ], [ 0, 1, 0, 0 ], [ 0, 0, 1, 0 ], [ 0, 0, 0, 1 ] ], 
  [ [ 29, 17, -6, -34 ], [ -238, 29, 164, 16 ], [ 95, 17, -46, -51 ], 
      [ -111, 26, 85, -12 ] ] ]),BoundaryImage:=rec(ListIFace:=[ 2, 3 ],ListSign:=[ -1, 1 ],ListElt:=[ [ [ 29, 17, -6, -34 ], [ -238, 29, 164, 16 ], [ 95, 17, -46, -51 ], 
      [ -111, 26, 85, -12 ] ], 
  [ [ -19, 15, 17, -17 ], [ -210, -19, 102, 68 ], [ 22, 25, 0, -39 ], 
      [ -124, -1, 65, 26 ] ] ]))],[rec(TheMatrixStab:=Group([ [ [ -23, -12, 6, 24 ], [ 168, -23, -114, -6 ], [ -72, -12, 35, 36 ], 
      [ 80, -20, -60, 11 ] ], 
  [ [ -1, 0, 0, 0 ], [ 0, -1, 0, 0 ], [ 0, 0, -1, 0 ], [ 0, 0, 0, -1 ] ], 
  [ [ 1, 0, 0, 0 ], [ 0, 1, 0, 0 ], [ 0, 0, 1, 0 ], [ 0, 0, 0, 1 ] ], 
  [ [ 23, 12, -6, -24 ], [ -168, 23, 114, 6 ], [ 72, 12, -35, -36 ], 
      [ -80, 20, 60, -11 ] ] ]),TheRotSubgroup:=Group([ [ [ -23, -12, 6, 24 ], [ 168, -23, -114, -6 ], [ -72, -12, 35, 36 ], 
      [ 80, -20, -60, 11 ] ], 
  [ [ -1, 0, 0, 0 ], [ 0, -1, 0, 0 ], [ 0, 0, -1, 0 ], [ 0, 0, 0, -1 ] ], 
  [ [ 1, 0, 0, 0 ], [ 0, 1, 0, 0 ], [ 0, 0, 1, 0 ], [ 0, 0, 0, 1 ] ], 
  [ [ 23, 12, -6, -24 ], [ -168, 23, 114, 6 ], [ 72, 12, -35, -36 ], 
      [ -80, 20, 60, -11 ] ] ]),BoundaryImage:=rec(ListIFace:=[ 1, 5, 3, 2, 3, 2, 5, 1 ],ListSign:=[ 1, 1, -1, -1, -1, -1, 1, 1 ],ListElt:=[ [ [ 1, 0, 0, 0 ], [ 0, 1, 0, 0 ], [ 0, 0, 1, 0 ], [ 0, 0, 0, 1 ] ], 
  [ [ 29, 17, -6, -34 ], [ -238, 29, 164, 16 ], [ 95, 17, -46, -51 ], 
      [ -111, 26, 85, -12 ] ], 
  [ [ 41, -6, -26, 0 ], [ 84, 41, -26, -78 ], [ 39, -18, -31, 18 ], 
      [ 71, 19, -30, -43 ] ], 
  [ [ 15, -3, -8, 2 ], [ 42, 15, -18, -26 ], [ 13, -8, -8, 9 ], 
      [ 33, 7, -15, -14 ] ], 
  [ [ 13, 6, -4, -12 ], [ -84, 13, 56, 0 ], [ 39, 6, -19, -18 ], 
      [ -41, 11, 30, -7 ] ], 
  [ [ -28, -1, 12, 5 ], [ 14, -28, -13, 31 ], [ -43, 5, 20, 0 ], 
      [ -9, -16, 0, 20 ] ], 
  [ [ 23, 12, -6, -24 ], [ -168, 23, 114, 6 ], [ 72, 12, -35, -36 ], 
      [ -80, 20, 60, -11 ] ], 
  [ [ 23, 12, -6, -24 ], [ -168, 23, 114, 6 ], [ 72, 12, -35, -36 ], 
      [ -80, 20, 60, -11 ] ] ])),rec(TheMatrixStab:=Group([ [ [ -31, 3, 21, 3 ], [ -42, -31, 6, 60 ], [ -34, 11, 28, -9 ], 
      [ -40, -15, 15, 34 ] ], 
  [ [ -1, 0, 0, 0 ], [ 0, -1, 0, 0 ], [ 0, 0, -1, 0 ], [ 0, 0, 0, -1 ] ], 
  [ [ 1, 0, 0, 0 ], [ 0, 1, 0, 0 ], [ 0, 0, 1, 0 ], [ 0, 0, 0, 1 ] ], 
  [ [ 31, -3, -21, -3 ], [ 42, 31, -6, -60 ], [ 34, -11, -28, 9 ], 
      [ 40, 15, -15, -34 ] ] ]),TheRotSubgroup:=Group([ [ [ -31, 3, 21, 3 ], [ -42, -31, 6, 60 ], [ -34, 11, 28, -9 ], 
      [ -40, -15, 15, 34 ] ], 
  [ [ -1, 0, 0, 0 ], [ 0, -1, 0, 0 ], [ 0, 0, -1, 0 ], [ 0, 0, 0, -1 ] ], 
  [ [ 1, 0, 0, 0 ], [ 0, 1, 0, 0 ], [ 0, 0, 1, 0 ], [ 0, 0, 0, 1 ] ], 
  [ [ 31, -3, -21, -3 ], [ 42, 31, -6, -60 ], [ 34, -11, -28, 9 ], 
      [ 40, 15, -15, -34 ] ] ]),BoundaryImage:=rec(ListIFace:=[ 1, 3, 6, 1, 6, 3 ],ListSign:=[ 1, -1, 1, 1, 1, -1 ],ListElt:=[ [ [ -1, 0, 0, 0 ], [ 0, -1, 0, 0 ], [ 0, 0, -1, 0 ], [ 0, 0, 0, -1 ] ], 
  [ [ -1, 0, 1, 0 ], [ 0, -1, 1, 3 ], [ -3, 0, 2, 0 ], [ 1, -1, 0, 2 ] ], 
  [ [ 31, -3, -21, -3 ], [ 42, 31, -6, -60 ], [ 34, -11, -28, 9 ], 
      [ 40, 15, -15, -34 ] ], 
  [ [ 31, -3, -21, -3 ], [ 42, 31, -6, -60 ], [ 34, -11, -28, 9 ], 
      [ 40, 15, -15, -34 ] ], 
  [ [ -1, 0, 0, 0 ], [ 0, -1, 0, 0 ], [ 0, 0, -1, 0 ], [ 0, 0, 0, -1 ] ], 
  [ [ 21, -6, -13, 4 ], [ 84, 21, -33, -43 ], [ 11, -13, -11, 15 ], 
      [ 57, 8, -25, -21 ] ] ])),rec(TheMatrixStab:=Group([ [ [ -15, -10, 2, 20 ], [ 140, -15, -98, -14 ], [ -52, -10, 25, 30 ], 
      [ 64, -14, -50, 5 ] ], 
  [ [ -1, 0, 0, 0 ], [ 0, -1, 0, 0 ], [ 0, 0, -1, 0 ], [ 0, 0, 0, -1 ] ], 
  [ [ 1, 0, 0, 0 ], [ 0, 1, 0, 0 ], [ 0, 0, 1, 0 ], [ 0, 0, 0, 1 ] ], 
  [ [ 15, 10, -2, -20 ], [ -140, 15, 98, 14 ], [ 52, 10, -25, -30 ], 
      [ -64, 14, 50, -5 ] ] ]),TheRotSubgroup:=Group([ [ [ -15, -10, 2, 20 ], [ 140, -15, -98, -14 ], [ -52, -10, 25, 30 ], 
      [ 64, -14, -50, 5 ] ], 
  [ [ -1, 0, 0, 0 ], [ 0, -1, 0, 0 ], [ 0, 0, -1, 0 ], [ 0, 0, 0, -1 ] ], 
  [ [ 1, 0, 0, 0 ], [ 0, 1, 0, 0 ], [ 0, 0, 1, 0 ], [ 0, 0, 0, 1 ] ], 
  [ [ 15, 10, -2, -20 ], [ -140, 15, 98, 14 ], [ 52, 10, -25, -30 ], 
      [ -64, 14, 50, -5 ] ] ]),BoundaryImage:=rec(ListIFace:=[ 1, 7, 4, 3, 4, 1, 7, 3 ],ListSign:=[ 1, 1, -1, -1, 1, 1, 1, -1 ],ListElt:=[ [ [ -1, 0, 0, 0 ], [ 0, -1, 0, 0 ], [ 0, 0, -1, 0 ], [ 0, 0, 0, -1 ] ], 
  [ [ -1, 0, 0, 0 ], [ 0, -1, 0, 0 ], [ 0, 0, -1, 0 ], [ 0, 0, 0, -1 ] ], 
  [ [ -1, 1, 1, -1 ], [ -14, -1, 6, 4 ], [ 2, 2, 0, -3 ], [ -10, 0, 5, 2 ] ], 
  [ [ -9, 11, 9, -15 ], [ -154, -9, 84, 42 ], [ 23, 17, -7, -30 ], 
      [ -87, 2, 50, 13 ] ], 
  [ [ -9, 11, 9, -15 ], [ -154, -9, 84, 42 ], [ 23, 17, -7, -30 ], 
      [ -87, 2, 50, 13 ] ], 
  [ [ 15, 10, -2, -20 ], [ -140, 15, 98, 14 ], [ 52, 10, -25, -30 ], 
      [ -64, 14, 50, -5 ] ], 
  [ [ -85, 9, 58, 8 ], [ -126, -85, 18, 166 ], [ -83, 31, 72, -27 ], 
      [ -117, -38, 45, 90 ] ], 
  [ [ 19, 1, -11, -5 ], [ -14, 19, 14, -28 ], [ 27, -3, -17, 0 ], 
      [ 5, 10, 0, -17 ] ] ])),rec(TheMatrixStab:=Group([ [ [ -27, 4, 19, 1 ], [ -56, -27, 14, 56 ], [ -24, 12, 23, -12 ], 
      [ -48, -12, 20, 31 ] ], 
  [ [ -1, 0, 0, 0 ], [ 0, -1, 0, 0 ], [ 0, 0, -1, 0 ], [ 0, 0, 0, -1 ] ], 
  [ [ 1, 0, 0, 0 ], [ 0, 1, 0, 0 ], [ 0, 0, 1, 0 ], [ 0, 0, 0, 1 ] ], 
  [ [ 27, -4, -19, -1 ], [ 56, 27, -14, -56 ], [ 24, -12, -23, 12 ], 
      [ 48, 12, -20, -31 ] ] ]),TheRotSubgroup:=Group([ [ [ -27, 4, 19, 1 ], [ -56, -27, 14, 56 ], [ -24, 12, 23, -12 ], 
      [ -48, -12, 20, 31 ] ], 
  [ [ -1, 0, 0, 0 ], [ 0, -1, 0, 0 ], [ 0, 0, -1, 0 ], [ 0, 0, 0, -1 ] ], 
  [ [ 1, 0, 0, 0 ], [ 0, 1, 0, 0 ], [ 0, 0, 1, 0 ], [ 0, 0, 0, 1 ] ], 
  [ [ 27, -4, -19, -1 ], [ 56, 27, -14, -56 ], [ 24, -12, -23, 12 ], 
      [ 48, 12, -20, -31 ] ] ]),BoundaryImage:=rec(ListIFace:=[ 1, 6, 3, 3, 1, 6 ],ListSign:=[ 1, 1, -1, -1, 1, 1 ],ListElt:=[ [ [ 1, 0, 0, 0 ], [ 0, 1, 0, 0 ], [ 0, 0, 1, 0 ], [ 0, 0, 0, 1 ] ], 
  [ [ 29, 17, -6, -34 ], [ -238, 29, 164, 16 ], [ 95, 17, -46, -51 ], 
      [ -111, 26, 85, -12 ] ], 
  [ [ -30, 2, 17, 2 ], [ -28, -30, 7, 49 ], [ -35, 10, 22, -9 ], 
      [ -35, -15, 15, 28 ] ], 
  [ [ -2, 1, 2, -1 ], [ -14, -2, 7, 7 ], [ -1, 2, 2, -3 ], [ -9, -1, 5, 4 ] ],
  [ [ 27, -4, -19, -1 ], [ 56, 27, -14, -56 ], [ 24, -12, -23, 12 ], 
      [ 48, 12, -20, -31 ] ], 
  [ [ -41, 6, 29, 1 ], [ -84, -41, 24, 86 ], [ -35, 19, 34, -21 ], 
      [ -77, -18, 35, 48 ] ] ])),rec(TheMatrixStab:=Group([ [ [ -34, 15, 30, -15 ], [ -210, -34, 105, 105 ], [ -1, 29, 19, -45 ], 
      [ -135, -10, 75, 49 ] ], 
  [ [ -1, 0, 0, 0 ], [ 0, -1, 0, 0 ], [ 0, 0, -1, 0 ], [ 0, 0, 0, -1 ] ], 
  [ [ 1, 0, 0, 0 ], [ 0, 1, 0, 0 ], [ 0, 0, 1, 0 ], [ 0, 0, 0, 1 ] ], 
  [ [ 34, -15, -30, 15 ], [ 210, 34, -105, -105 ], [ 1, -29, -19, 45 ], 
      [ 135, 10, -75, -49 ] ] ]),TheRotSubgroup:=Group([ [ [ -34, 15, 30, -15 ], [ -210, -34, 105, 105 ], [ -1, 29, 19, -45 ], 
      [ -135, -10, 75, 49 ] ], 
  [ [ -1, 0, 0, 0 ], [ 0, -1, 0, 0 ], [ 0, 0, -1, 0 ], [ 0, 0, 0, -1 ] ], 
  [ [ 1, 0, 0, 0 ], [ 0, 1, 0, 0 ], [ 0, 0, 1, 0 ], [ 0, 0, 0, 1 ] ], 
  [ [ 34, -15, -30, 15 ], [ 210, 34, -105, -105 ], [ 1, -29, -19, 45 ], 
      [ 135, 10, -75, -49 ] ] ]),BoundaryImage:=rec(ListIFace:=[ 5, 6, 6, 5 ],ListSign:=[ 1, -1, -1, 1 ],ListElt:=[ [ [ -1, 0, 0, 0 ], [ 0, -1, 0, 0 ], [ 0, 0, -1, 0 ], [ 0, 0, 0, -1 ] ], 
  [ [ -1, 0, 0, 0 ], [ 0, -1, 0, 0 ], [ 0, 0, -1, 0 ], [ 0, 0, 0, -1 ] ], 
  [ [ -34, 15, 30, -15 ], [ -210, -34, 105, 105 ], [ -1, 29, 19, -45 ], 
      [ -135, -10, 75, 49 ] ], 
  [ [ 34, -15, -30, 15 ], [ 210, 34, -105, -105 ], [ 1, -29, -19, 45 ], 
      [ 135, 10, -75, -49 ] ] ])),rec(TheMatrixStab:=Group([ [ [ -56, -4, 32, 21 ], [ 56, -56, -73, 75 ], [ -89, 7, 60, 12 ], 
      [ -3, -32, -20, 52 ] ], 
  [ [ -1, 0, 0, 0 ], [ 0, -1, 0, 0 ], [ 0, 0, -1, 0 ], [ 0, 0, 0, -1 ] ], 
  [ [ 1, 0, 0, 0 ], [ 0, 1, 0, 0 ], [ 0, 0, 1, 0 ], [ 0, 0, 0, 1 ] ], 
  [ [ 56, 4, -32, -21 ], [ -56, 56, 73, -75 ], [ 89, -7, -60, -12 ], 
      [ 3, 32, 20, -52 ] ] ]),TheRotSubgroup:=Group([ [ [ -56, -4, 32, 21 ], [ 56, -56, -73, 75 ], [ -89, 7, 60, 12 ], 
      [ -3, -32, -20, 52 ] ], 
  [ [ -1, 0, 0, 0 ], [ 0, -1, 0, 0 ], [ 0, 0, -1, 0 ], [ 0, 0, 0, -1 ] ], 
  [ [ 1, 0, 0, 0 ], [ 0, 1, 0, 0 ], [ 0, 0, 1, 0 ], [ 0, 0, 0, 1 ] ], 
  [ [ 56, 4, -32, -21 ], [ -56, 56, 73, -75 ], [ 89, -7, -60, -12 ], 
      [ 3, 32, 20, -52 ] ] ]),BoundaryImage:=rec(ListIFace:=[ 6, 7, 6, 7 ],ListSign:=[ 1, -1, 1, -1 ],ListElt:=[ [ [ -1, 0, 0, 0 ], [ 0, -1, 0, 0 ], [ 0, 0, -1, 0 ], [ 0, 0, 0, -1 ] ], 
  [ [ -29, -17, 6, 34 ], [ 238, -29, -164, -16 ], [ -95, -17, 46, 51 ], 
      [ 111, -26, -85, 12 ] ], 
  [ [ 56, 4, -32, -21 ], [ -56, 56, 73, -75 ], [ 89, -7, -60, -12 ], 
      [ 3, 32, 20, -52 ] ], 
  [ [ 37, 22, -7, -44 ], [ -308, 37, 213, 23 ], [ 121, 22, -58, -66 ], 
      [ -143, 33, 110, -14 ] ] ]))]];