HAP_GCOMPLEX_SETUP:=[false]; 
HAP_GCOMPLEX_LIST:=[[rec(TheMatrixStab:=Group([ [ [ -3, 0, 2, 1 ], [ 0, -3, -1, 3 ], [ -3, 1, 2, 0 ], [ -1, -2, 0, 2 ] ], 
  [ [ -2, -1, 1, 2 ], [ 5, -2, -5, 0 ], [ -4, 0, 3, 2 ], [ 2, -2, -3, 1 ] ], 
  [ [ -2, 0, 1, 1 ], [ 0, -2, -2, 1 ], [ -1, 1, 1, 0 ], [ -2, -1, 0, 1 ] ], 
  [ [ -2, 0, 2, 1 ], [ 0, -2, -1, 3 ], [ -3, 1, 3, 0 ], [ -1, -2, 0, 3 ] ], 
  [ [ -2, 1, 2, 0 ], [ -5, -2, 2, 4 ], [ 0, 2, 1, -2 ], [ -5, -1, 3, 3 ] ], 
  [ [ -1, -1, 0, 1 ], [ 5, -1, -3, -1 ], [ -3, -1, 1, 2 ], [ 4, -1, -3, -1 ] ]
    , [ [ -1, 0, 0, 0 ], [ 0, -1, 0, 0 ], [ 0, 0, -1, 0 ], [ 0, 0, 0, -1 ] ], 
  [ [ -1, 0, 1, 0 ], [ 0, -1, 1, 2 ], [ -2, 0, 1, 0 ], [ 1, -1, 0, 1 ] ], 
  [ [ -1, 0, 1, 1 ], [ 0, -1, -2, 1 ], [ -1, 1, 2, 0 ], [ -2, -1, 0, 2 ] ], 
  [ [ -1, 1, 1, -1 ], [ -5, -1, 4, 3 ], [ 1, 1, -1, -2 ], [ -3, 0, 3, 1 ] ], 
  [ [ 0, -1, -1, 1 ], [ 5, 0, -4, -3 ], [ -1, -1, 0, 2 ], [ 3, 0, -3, -2 ] ], 
  [ [ 0, -1, 0, 1 ], [ 5, 0, -3, -1 ], [ -3, -1, 2, 2 ], [ 4, -1, -3, 0 ] ], 
  [ [ 0, 1, 0, -1 ], [ -5, 0, 3, 1 ], [ 3, 1, -2, -2 ], [ -4, 1, 3, 0 ] ], 
  [ [ 0, 1, 1, -1 ], [ -5, 0, 4, 3 ], [ 1, 1, 0, -2 ], [ -3, 0, 3, 2 ] ], 
  [ [ 1, -1, -1, 1 ], [ 5, 1, -4, -3 ], [ -1, -1, 1, 2 ], [ 3, 0, -3, -1 ] ], 
  [ [ 1, 0, -1, -1 ], [ 0, 1, 2, -1 ], [ 1, -1, -2, 0 ], [ 2, 1, 0, -2 ] ], 
  [ [ 1, 0, -1, 0 ], [ 0, 1, -1, -2 ], [ 2, 0, -1, 0 ], [ -1, 1, 0, -1 ] ], 
  [ [ 1, 0, 0, 0 ], [ 0, 1, 0, 0 ], [ 0, 0, 1, 0 ], [ 0, 0, 0, 1 ] ], 
  [ [ 1, 1, 0, -1 ], [ -5, 1, 3, 1 ], [ 3, 1, -1, -2 ], [ -4, 1, 3, 1 ] ], 
  [ [ 2, -1, -2, 0 ], [ 5, 2, -2, -4 ], [ 0, -2, -1, 2 ], [ 5, 1, -3, -3 ] ], 
  [ [ 2, 0, -2, -1 ], [ 0, 2, 1, -3 ], [ 3, -1, -3, 0 ], [ 1, 2, 0, -3 ] ], 
  [ [ 2, 0, -1, -1 ], [ 0, 2, 2, -1 ], [ 1, -1, -1, 0 ], [ 2, 1, 0, -1 ] ], 
  [ [ 2, 1, -1, -2 ], [ -5, 2, 5, 0 ], [ 4, 0, -3, -2 ], [ -2, 2, 3, -1 ] ], 
  [ [ 3, 0, -2, -1 ], [ 0, 3, 1, -3 ], [ 3, -1, -2, 0 ], [ 1, 2, 0, -2 ] ] ]),TheRotSubgroup:=Group([ [ [ -3, 0, 2, 1 ], [ 0, -3, -1, 3 ], [ -3, 1, 2, 0 ], [ -1, -2, 0, 2 ] ], 
  [ [ -2, -1, 1, 2 ], [ 5, -2, -5, 0 ], [ -4, 0, 3, 2 ], [ 2, -2, -3, 1 ] ], 
  [ [ -2, 0, 1, 1 ], [ 0, -2, -2, 1 ], [ -1, 1, 1, 0 ], [ -2, -1, 0, 1 ] ], 
  [ [ -2, 0, 2, 1 ], [ 0, -2, -1, 3 ], [ -3, 1, 3, 0 ], [ -1, -2, 0, 3 ] ], 
  [ [ -2, 1, 2, 0 ], [ -5, -2, 2, 4 ], [ 0, 2, 1, -2 ], [ -5, -1, 3, 3 ] ], 
  [ [ -1, -1, 0, 1 ], [ 5, -1, -3, -1 ], [ -3, -1, 1, 2 ], [ 4, -1, -3, -1 ] ]
    , [ [ -1, 0, 0, 0 ], [ 0, -1, 0, 0 ], [ 0, 0, -1, 0 ], [ 0, 0, 0, -1 ] ], 
  [ [ -1, 0, 1, 0 ], [ 0, -1, 1, 2 ], [ -2, 0, 1, 0 ], [ 1, -1, 0, 1 ] ], 
  [ [ -1, 0, 1, 1 ], [ 0, -1, -2, 1 ], [ -1, 1, 2, 0 ], [ -2, -1, 0, 2 ] ], 
  [ [ -1, 1, 1, -1 ], [ -5, -1, 4, 3 ], [ 1, 1, -1, -2 ], [ -3, 0, 3, 1 ] ], 
  [ [ 0, -1, -1, 1 ], [ 5, 0, -4, -3 ], [ -1, -1, 0, 2 ], [ 3, 0, -3, -2 ] ], 
  [ [ 0, -1, 0, 1 ], [ 5, 0, -3, -1 ], [ -3, -1, 2, 2 ], [ 4, -1, -3, 0 ] ], 
  [ [ 0, 1, 0, -1 ], [ -5, 0, 3, 1 ], [ 3, 1, -2, -2 ], [ -4, 1, 3, 0 ] ], 
  [ [ 0, 1, 1, -1 ], [ -5, 0, 4, 3 ], [ 1, 1, 0, -2 ], [ -3, 0, 3, 2 ] ], 
  [ [ 1, -1, -1, 1 ], [ 5, 1, -4, -3 ], [ -1, -1, 1, 2 ], [ 3, 0, -3, -1 ] ], 
  [ [ 1, 0, -1, -1 ], [ 0, 1, 2, -1 ], [ 1, -1, -2, 0 ], [ 2, 1, 0, -2 ] ], 
  [ [ 1, 0, -1, 0 ], [ 0, 1, -1, -2 ], [ 2, 0, -1, 0 ], [ -1, 1, 0, -1 ] ], 
  [ [ 1, 0, 0, 0 ], [ 0, 1, 0, 0 ], [ 0, 0, 1, 0 ], [ 0, 0, 0, 1 ] ], 
  [ [ 1, 1, 0, -1 ], [ -5, 1, 3, 1 ], [ 3, 1, -1, -2 ], [ -4, 1, 3, 1 ] ], 
  [ [ 2, -1, -2, 0 ], [ 5, 2, -2, -4 ], [ 0, -2, -1, 2 ], [ 5, 1, -3, -3 ] ], 
  [ [ 2, 0, -2, -1 ], [ 0, 2, 1, -3 ], [ 3, -1, -3, 0 ], [ 1, 2, 0, -3 ] ], 
  [ [ 2, 0, -1, -1 ], [ 0, 2, 2, -1 ], [ 1, -1, -1, 0 ], [ 2, 1, 0, -1 ] ], 
  [ [ 2, 1, -1, -2 ], [ -5, 2, 5, 0 ], [ 4, 0, -3, -2 ], [ -2, 2, 3, -1 ] ], 
  [ [ 3, 0, -2, -1 ], [ 0, 3, 1, -3 ], [ 3, -1, -2, 0 ], [ 1, 2, 0, -2 ] ] ]),BoundaryImage:=rec(ListIFace:=[  ],ListSign:=[  ],ListElt:=[  ])),rec(TheMatrixStab:=Group([ [ [ -39, 0, 28, 17 ], [ 0, -39, -23, 39 ], [ -39, 17, 38, 0 ], 
      [ -23, -28, 0, 38 ] ], 
  [ [ -38, -17, 17, 34 ], [ 85, -38, -85, 0 ], [ -76, 0, 55, 34 ], 
      [ 38, -38, -51, 21 ] ], 
  [ [ -38, 0, 27, 17 ], [ 0, -38, -24, 37 ], [ -37, 17, 37, 0 ], 
      [ -24, -27, 0, 37 ] ], 
  [ [ -38, 0, 28, 17 ], [ 0, -38, -23, 39 ], [ -39, 17, 39, 0 ], 
      [ -23, -28, 0, 39 ] ], 
  [ [ -38, 17, 38, 0 ], [ -85, -38, 38, 76 ], [ 0, 34, 21, -34 ], 
      [ -85, -17, 51, 55 ] ], 
  [ [ -37, 0, 27, 17 ], [ 0, -37, -24, 37 ], [ -37, 17, 38, 0 ], 
      [ -24, -27, 0, 38 ] ], 
  [ [ -1, -17, -10, 17 ], [ 85, -1, -61, -37 ], [ -39, -17, 17, 34 ], 
      [ 62, -11, -51, -17 ] ], 
  [ [ -1, 0, 0, 0 ], [ 0, -1, 0, 0 ], [ 0, 0, -1, 0 ], [ 0, 0, 0, -1 ] ], 
  [ [ -1, 0, 1, 0 ], [ 0, -1, 1, 2 ], [ -2, 0, 1, 0 ], [ 1, -1, 0, 1 ] ], 
  [ [ -1, 17, 11, -17 ], [ -85, -1, 62, 39 ], [ 37, 17, -17, -34 ], 
      [ -61, 10, 51, 17 ] ], 
  [ [ 0, -17, -11, 17 ], [ 85, 0, -62, -39 ], [ -37, -17, 16, 34 ], 
      [ 61, -10, -51, -18 ] ], 
  [ [ 0, -17, -10, 17 ], [ 85, 0, -61, -37 ], [ -39, -17, 18, 34 ], 
      [ 62, -11, -51, -16 ] ], 
  [ [ 0, 17, 10, -17 ], [ -85, 0, 61, 37 ], [ 39, 17, -18, -34 ], 
      [ -62, 11, 51, 16 ] ], 
  [ [ 0, 17, 11, -17 ], [ -85, 0, 62, 39 ], [ 37, 17, -16, -34 ], 
      [ -61, 10, 51, 18 ] ], 
  [ [ 1, -17, -11, 17 ], [ 85, 1, -62, -39 ], [ -37, -17, 17, 34 ], 
      [ 61, -10, -51, -17 ] ], 
  [ [ 1, 0, -1, 0 ], [ 0, 1, -1, -2 ], [ 2, 0, -1, 0 ], [ -1, 1, 0, -1 ] ], 
  [ [ 1, 0, 0, 0 ], [ 0, 1, 0, 0 ], [ 0, 0, 1, 0 ], [ 0, 0, 0, 1 ] ], 
  [ [ 1, 17, 10, -17 ], [ -85, 1, 61, 37 ], [ 39, 17, -17, -34 ], 
      [ -62, 11, 51, 17 ] ], 
  [ [ 37, 0, -27, -17 ], [ 0, 37, 24, -37 ], [ 37, -17, -38, 0 ], 
      [ 24, 27, 0, -38 ] ], 
  [ [ 38, -17, -38, 0 ], [ 85, 38, -38, -76 ], [ 0, -34, -21, 34 ], 
      [ 85, 17, -51, -55 ] ], 
  [ [ 38, 0, -28, -17 ], [ 0, 38, 23, -39 ], [ 39, -17, -39, 0 ], 
      [ 23, 28, 0, -39 ] ], 
  [ [ 38, 0, -27, -17 ], [ 0, 38, 24, -37 ], [ 37, -17, -37, 0 ], 
      [ 24, 27, 0, -37 ] ], 
  [ [ 38, 17, -17, -34 ], [ -85, 38, 85, 0 ], [ 76, 0, -55, -34 ], 
      [ -38, 38, 51, -21 ] ], 
  [ [ 39, 0, -28, -17 ], [ 0, 39, 23, -39 ], [ 39, -17, -38, 0 ], 
      [ 23, 28, 0, -38 ] ] ]),TheRotSubgroup:=Group([ [ [ -39, 0, 28, 17 ], [ 0, -39, -23, 39 ], [ -39, 17, 38, 0 ], 
      [ -23, -28, 0, 38 ] ], 
  [ [ -38, -17, 17, 34 ], [ 85, -38, -85, 0 ], [ -76, 0, 55, 34 ], 
      [ 38, -38, -51, 21 ] ], 
  [ [ -38, 0, 27, 17 ], [ 0, -38, -24, 37 ], [ -37, 17, 37, 0 ], 
      [ -24, -27, 0, 37 ] ], 
  [ [ -38, 0, 28, 17 ], [ 0, -38, -23, 39 ], [ -39, 17, 39, 0 ], 
      [ -23, -28, 0, 39 ] ], 
  [ [ -38, 17, 38, 0 ], [ -85, -38, 38, 76 ], [ 0, 34, 21, -34 ], 
      [ -85, -17, 51, 55 ] ], 
  [ [ -37, 0, 27, 17 ], [ 0, -37, -24, 37 ], [ -37, 17, 38, 0 ], 
      [ -24, -27, 0, 38 ] ], 
  [ [ -1, -17, -10, 17 ], [ 85, -1, -61, -37 ], [ -39, -17, 17, 34 ], 
      [ 62, -11, -51, -17 ] ], 
  [ [ -1, 0, 0, 0 ], [ 0, -1, 0, 0 ], [ 0, 0, -1, 0 ], [ 0, 0, 0, -1 ] ], 
  [ [ -1, 0, 1, 0 ], [ 0, -1, 1, 2 ], [ -2, 0, 1, 0 ], [ 1, -1, 0, 1 ] ], 
  [ [ -1, 17, 11, -17 ], [ -85, -1, 62, 39 ], [ 37, 17, -17, -34 ], 
      [ -61, 10, 51, 17 ] ], 
  [ [ 0, -17, -11, 17 ], [ 85, 0, -62, -39 ], [ -37, -17, 16, 34 ], 
      [ 61, -10, -51, -18 ] ], 
  [ [ 0, -17, -10, 17 ], [ 85, 0, -61, -37 ], [ -39, -17, 18, 34 ], 
      [ 62, -11, -51, -16 ] ], 
  [ [ 0, 17, 10, -17 ], [ -85, 0, 61, 37 ], [ 39, 17, -18, -34 ], 
      [ -62, 11, 51, 16 ] ], 
  [ [ 0, 17, 11, -17 ], [ -85, 0, 62, 39 ], [ 37, 17, -16, -34 ], 
      [ -61, 10, 51, 18 ] ], 
  [ [ 1, -17, -11, 17 ], [ 85, 1, -62, -39 ], [ -37, -17, 17, 34 ], 
      [ 61, -10, -51, -17 ] ], 
  [ [ 1, 0, -1, 0 ], [ 0, 1, -1, -2 ], [ 2, 0, -1, 0 ], [ -1, 1, 0, -1 ] ], 
  [ [ 1, 0, 0, 0 ], [ 0, 1, 0, 0 ], [ 0, 0, 1, 0 ], [ 0, 0, 0, 1 ] ], 
  [ [ 1, 17, 10, -17 ], [ -85, 1, 61, 37 ], [ 39, 17, -17, -34 ], 
      [ -62, 11, 51, 17 ] ], 
  [ [ 37, 0, -27, -17 ], [ 0, 37, 24, -37 ], [ 37, -17, -38, 0 ], 
      [ 24, 27, 0, -38 ] ], 
  [ [ 38, -17, -38, 0 ], [ 85, 38, -38, -76 ], [ 0, -34, -21, 34 ], 
      [ 85, 17, -51, -55 ] ], 
  [ [ 38, 0, -28, -17 ], [ 0, 38, 23, -39 ], [ 39, -17, -39, 0 ], 
      [ 23, 28, 0, -39 ] ], 
  [ [ 38, 0, -27, -17 ], [ 0, 38, 24, -37 ], [ 37, -17, -37, 0 ], 
      [ 24, 27, 0, -37 ] ], 
  [ [ 38, 17, -17, -34 ], [ -85, 38, 85, 0 ], [ 76, 0, -55, -34 ], 
      [ -38, 38, 51, -21 ] ], 
  [ [ 39, 0, -28, -17 ], [ 0, 39, 23, -39 ], [ 39, -17, -38, 0 ], 
      [ 23, 28, 0, -38 ] ] ]),BoundaryImage:=rec(ListIFace:=[  ],ListSign:=[  ],ListElt:=[  ]))],[rec(TheMatrixStab:=Group([ [ [ -1, 0, 0, 0 ], [ 0, -1, 0, 0 ], [ 0, 0, -1, 0 ], [ 0, 0, 0, -1 ] ], 
  [ [ -1, 0, 1, 0 ], [ 0, -1, 1, 2 ], [ -2, 0, 1, 0 ], [ 1, -1, 0, 1 ] ], 
  [ [ 1, 0, -1, 0 ], [ 0, 1, -1, -2 ], [ 2, 0, -1, 0 ], [ -1, 1, 0, -1 ] ], 
  [ [ 1, 0, 0, 0 ], [ 0, 1, 0, 0 ], [ 0, 0, 1, 0 ], [ 0, 0, 0, 1 ] ] ]),TheRotSubgroup:=Group([ [ [ -1, 0, 0, 0 ], [ 0, -1, 0, 0 ], [ 0, 0, -1, 0 ], [ 0, 0, 0, -1 ] ], 
  [ [ -1, 0, 1, 0 ], [ 0, -1, 1, 2 ], [ -2, 0, 1, 0 ], [ 1, -1, 0, 1 ] ], 
  [ [ 1, 0, -1, 0 ], [ 0, 1, -1, -2 ], [ 2, 0, -1, 0 ], [ -1, 1, 0, -1 ] ], 
  [ [ 1, 0, 0, 0 ], [ 0, 1, 0, 0 ], [ 0, 0, 1, 0 ], [ 0, 0, 0, 1 ] ] ]),BoundaryImage:=rec(ListIFace:=[ 1, 2 ],ListSign:=[ -1, 1 ],ListElt:=[ [ [ 1, -1, -1, 1 ], [ 5, 1, -4, -3 ], [ -1, -1, 1, 2 ], [ 3, 0, -3, -1 ] ], 
  [ [ 38, 0, -28, -17 ], [ 0, 38, 23, -39 ], [ 39, -17, -39, 0 ], 
      [ 23, 28, 0, -39 ] ] ])),rec(TheMatrixStab:=Group([ [ [ -2, 0, 1, 1 ], [ 0, -2, -2, 1 ], [ -1, 1, 1, 0 ], [ -2, -1, 0, 1 ] ], 
  [ [ -1, 0, 0, 0 ], [ 0, -1, 0, 0 ], [ 0, 0, -1, 0 ], [ 0, 0, 0, -1 ] ], 
  [ [ -1, 0, 1, 1 ], [ 0, -1, -2, 1 ], [ -1, 1, 2, 0 ], [ -2, -1, 0, 2 ] ], 
  [ [ 1, 0, -1, -1 ], [ 0, 1, 2, -1 ], [ 1, -1, -2, 0 ], [ 2, 1, 0, -2 ] ], 
  [ [ 1, 0, 0, 0 ], [ 0, 1, 0, 0 ], [ 0, 0, 1, 0 ], [ 0, 0, 0, 1 ] ], 
  [ [ 2, 0, -1, -1 ], [ 0, 2, 2, -1 ], [ 1, -1, -1, 0 ], [ 2, 1, 0, -1 ] ] ]),TheRotSubgroup:=Group([ [ [ -2, 0, 1, 1 ], [ 0, -2, -2, 1 ], [ -1, 1, 1, 0 ], [ -2, -1, 0, 1 ] ], 
  [ [ -1, 0, 0, 0 ], [ 0, -1, 0, 0 ], [ 0, 0, -1, 0 ], [ 0, 0, 0, -1 ] ], 
  [ [ -1, 0, 1, 1 ], [ 0, -1, -2, 1 ], [ -1, 1, 2, 0 ], [ -2, -1, 0, 2 ] ], 
  [ [ 1, 0, -1, -1 ], [ 0, 1, 2, -1 ], [ 1, -1, -2, 0 ], [ 2, 1, 0, -2 ] ], 
  [ [ 1, 0, 0, 0 ], [ 0, 1, 0, 0 ], [ 0, 0, 1, 0 ], [ 0, 0, 0, 1 ] ], 
  [ [ 2, 0, -1, -1 ], [ 0, 2, 2, -1 ], [ 1, -1, -1, 0 ], [ 2, 1, 0, -1 ] ] ]),BoundaryImage:=rec(ListIFace:=[ 1, 2 ],ListSign:=[ -1, 1 ],ListElt:=[ [ [ 1, 0, 0, 0 ], [ 0, 1, 0, 0 ], [ 0, 0, 1, 0 ], [ 0, 0, 0, 1 ] ], 
  [ [ -12, -4, 6, 9 ], [ 20, -12, -21, 3 ], [ -21, -1, 14, 10 ], 
      [ 13, -10, -15, 4 ] ] ])),rec(TheMatrixStab:=Group([ [ [ -1, 0, 0, 0 ], [ 0, -1, 0, 0 ], [ 0, 0, -1, 0 ], [ 0, 0, 0, -1 ] ], 
  [ [ -1, 1, 1, -1 ], [ -5, -1, 4, 3 ], [ 1, 1, -1, -2 ], [ -3, 0, 3, 1 ] ], 
  [ [ 0, -1, -1, 1 ], [ 5, 0, -4, -3 ], [ -1, -1, 0, 2 ], [ 3, 0, -3, -2 ] ], 
  [ [ 0, 1, 1, -1 ], [ -5, 0, 4, 3 ], [ 1, 1, 0, -2 ], [ -3, 0, 3, 2 ] ], 
  [ [ 1, -1, -1, 1 ], [ 5, 1, -4, -3 ], [ -1, -1, 1, 2 ], [ 3, 0, -3, -1 ] ], 
  [ [ 1, 0, 0, 0 ], [ 0, 1, 0, 0 ], [ 0, 0, 1, 0 ], [ 0, 0, 0, 1 ] ] ]),TheRotSubgroup:=Group([ [ [ -1, 0, 0, 0 ], [ 0, -1, 0, 0 ], [ 0, 0, -1, 0 ], [ 0, 0, 0, -1 ] ], 
  [ [ -1, 1, 1, -1 ], [ -5, -1, 4, 3 ], [ 1, 1, -1, -2 ], [ -3, 0, 3, 1 ] ], 
  [ [ 0, -1, -1, 1 ], [ 5, 0, -4, -3 ], [ -1, -1, 0, 2 ], [ 3, 0, -3, -2 ] ], 
  [ [ 0, 1, 1, -1 ], [ -5, 0, 4, 3 ], [ 1, 1, 0, -2 ], [ -3, 0, 3, 2 ] ], 
  [ [ 1, -1, -1, 1 ], [ 5, 1, -4, -3 ], [ -1, -1, 1, 2 ], [ 3, 0, -3, -1 ] ], 
  [ [ 1, 0, 0, 0 ], [ 0, 1, 0, 0 ], [ 0, 0, 1, 0 ], [ 0, 0, 0, 1 ] ] ]),BoundaryImage:=rec(ListIFace:=[ 1, 2 ],ListSign:=[ -1, 1 ],ListElt:=[ [ [ -2, 0, 2, 1 ], [ 0, -2, -1, 3 ], [ -3, 1, 3, 0 ], [ -1, -2, 0, 3 ] ], 
  [ [ -9, -3, 5, 7 ], [ 15, -9, -16, 3 ], [ -21, 1, 16, 8 ], 
      [ 8, -11, -12, 8 ] ] ]))],[rec(TheMatrixStab:=Group([ [ [ -1, 0, 0, 0 ], [ 0, -1, 0, 0 ], [ 0, 0, -1, 0 ], [ 0, 0, 0, -1 ] ], 
  [ [ 1, 0, 0, 0 ], [ 0, 1, 0, 0 ], [ 0, 0, 1, 0 ], [ 0, 0, 0, 1 ] ] ]),TheRotSubgroup:=Group([ [ [ -1, 0, 0, 0 ], [ 0, -1, 0, 0 ], [ 0, 0, -1, 0 ], [ 0, 0, 0, -1 ] ], 
  [ [ 1, 0, 0, 0 ], [ 0, 1, 0, 0 ], [ 0, 0, 1, 0 ], [ 0, 0, 0, 1 ] ] ]),BoundaryImage:=rec(ListIFace:=[ 1, 2, 3, 2, 1, 3 ],ListSign:=[ 1, -1, -1, 1, -1, 1 ],ListElt:=[ [ [ 1, 0, -1, 0 ], [ 0, 1, -1, -2 ], [ 2, 0, -1, 0 ], [ -1, 1, 0, -1 ] ], 
  [ [ 1, 0, 0, 0 ], [ 0, 1, 0, 0 ], [ 0, 0, 1, 0 ], [ 0, 0, 0, 1 ] ], 
  [ [ -4, 7, 7, -4 ], [ -35, -4, 19, 18 ], [ 11, 9, -1, -12 ], 
      [ -28, 1, 18, 11 ] ], 
  [ [ -16, 3, 12, 3 ], [ -15, -16, 3, 21 ], [ -10, 10, 11, -6 ], 
      [ -20, -10, 9, 17 ] ], 
  [ [ 11, 4, -5, -8 ], [ -20, 11, 19, -2 ], [ 20, 0, -13, -8 ], 
      [ -10, 10, 12, -5 ] ], 
  [ [ 11, 4, -5, -8 ], [ -20, 11, 19, -2 ], [ 20, 0, -13, -8 ], 
      [ -10, 10, 12, -5 ] ] ]))]];