QUASICATONEGROUP_DATA_SIZE:=127;
QUASICATONEGROUP_DATA_NOT:=[32,64,81,96];
SMALLQUASICATONEGROUP_DATA:=[];
IDQUASICATONEGROUP_DATA:=[];

###################
###################
SMALLQUASICATONEGROUP_DATA[1]:=[ [ 1, 1 ] ];

SMALLQUASICATONEGROUP_DATA[2]:=[ [ 1, 1 ], [ 1, 2 ] ];

SMALLQUASICATONEGROUP_DATA[3]:=[ [ 1, 1 ], [ 1, 2 ] ];

SMALLQUASICATONEGROUP_DATA[4]:=[ [ 1, 1 ], [ 1, 2 ], [ 2, 1 ], [ 2, 2 ], [ 2, 3 ] ];

SMALLQUASICATONEGROUP_DATA[5]:=[ [ 1, 1 ], [ 1, 2 ] ];

SMALLQUASICATONEGROUP_DATA[6]:=[ [ 1, 1 ], [ 1, 2 ], [ 2, 1 ], [ 2, 2 ], [ 2, 3 ], [ 2, 4 ] ];

SMALLQUASICATONEGROUP_DATA[7]:=[ [ 1, 1 ], [ 1, 2 ] ];

SMALLQUASICATONEGROUP_DATA[8]:=[ [ 1, 1 ], [ 1, 2 ], [ 2, 1 ], [ 2, 2 ], [ 2, 3 ], [ 2, 4 ], [ 3, 1 ], [ 3, 2 ], [ 3, 3 ], [ 4, 1 ], [ 5, 1 ], [ 5, 2 ], [ 5, 3 ], [ 5, 4 ] ];

SMALLQUASICATONEGROUP_DATA[9]:=[ [ 1, 1 ], [ 1, 2 ], [ 2, 1 ], [ 2, 2 ], [ 2, 3 ] ];

SMALLQUASICATONEGROUP_DATA[10]:=[ [ 1, 1 ], [ 1, 2 ], [ 2, 1 ], [ 2, 2 ], [ 2, 3 ], [ 2, 4 ] ];

SMALLQUASICATONEGROUP_DATA[11]:=[ [ 1, 1 ], [ 1, 2 ] ];

SMALLQUASICATONEGROUP_DATA[12]:=[ [ 1, 1 ], [ 1, 2 ], [ 2, 1 ], [ 2, 2 ], [ 2, 3 ], [ 2, 4 ], [ 3, 1 ], [ 3, 2 ], [ 4, 1 ], [ 4, 2 ], [ 4, 3 ], [ 4, 4 ], [ 5, 1 ], [ 5, 2 ], [ 5, 3 ], [ 5, 4 ], [ 5, 5 ], [ 5, 6 ] ];

SMALLQUASICATONEGROUP_DATA[13]:=[ [ 1, 1 ], [ 1, 2 ] ];

SMALLQUASICATONEGROUP_DATA[14]:=[ [ 1, 1 ], [ 1, 2 ], [ 2, 1 ], [ 2, 2 ], [ 2, 3 ], [ 2, 4 ] ];

SMALLQUASICATONEGROUP_DATA[15]:=[ [ 1, 1 ], [ 1, 2 ], [ 1, 3 ], [ 1, 4 ] ];

SMALLQUASICATONEGROUP_DATA[16]:=[ [ 1, 1 ], [ 1, 2 ], [ 2, 1 ], [ 2, 2 ], [ 2, 3 ], [ 3, 1 ], [ 3, 2 ], [ 3, 3 ], [ 3, 4 ], [ 4, 1 ], [ 4, 2 ], [ 5, 1 ], [ 5, 2 ], [ 5, 3 ], [ 5, 4 ], [ 6, 1 ], [ 6, 2 ], [ 7, 1 ], [ 7, 2 ], [ 8, 1 ], [ 8, 2 ], [ 9, 1 ], [ 10, 1 ], [ 10, 2 ], [ 10, 3 ], [ 10, 4 ], [ 10, 5 ], [ 10, 6 ], [ 11, 1 ], [ 11, 2 ], [ 11, 3 ], [ 11, 4 ], [ 11, 5 ], [ 11, 6 ], [ 12, 1 ], [ 12, 2 ], [ 13, 1 ], [ 13, 2 ], [ 14, 1 ], [ 14, 2 ], [ 14, 3 ], [ 14, 4 ], [ 14, 5 ] ];

SMALLQUASICATONEGROUP_DATA[17]:=[ [ 1, 1 ], [ 1, 2 ] ];

SMALLQUASICATONEGROUP_DATA[18]:=[ [ 1, 1 ], [ 1, 2 ], [ 2, 1 ], [ 2, 2 ], [ 2, 3 ], [ 2, 4 ], [ 3, 1 ], [ 3, 2 ], [ 3, 3 ], [ 3, 4 ], [ 4, 1 ], [ 4, 2 ], [ 4, 3 ], [ 5, 1 ], [ 5, 2 ], [ 5, 3 ], [ 5, 4 ], [ 5, 5 ], [ 5, 6 ] ];

SMALLQUASICATONEGROUP_DATA[19]:=[ [ 1, 1 ], [ 1, 2 ] ];

SMALLQUASICATONEGROUP_DATA[20]:=[ [ 1, 1 ], [ 1, 2 ], [ 2, 1 ], [ 2, 2 ], [ 2, 3 ], [ 2, 4 ], [ 3, 1 ], [ 3, 2 ], [ 4, 1 ], [ 4, 2 ], [ 4, 3 ], [ 4, 4 ], [ 5, 1 ], [ 5, 2 ], [ 5, 3 ], [ 5, 4 ], [ 5, 5 ], [ 5, 6 ] ];

SMALLQUASICATONEGROUP_DATA[21]:=[ [ 1, 1 ], [ 1, 2 ], [ 2, 1 ], [ 2, 2 ], [ 2, 3 ], [ 2, 4 ] ];

SMALLQUASICATONEGROUP_DATA[22]:=[ [ 1, 1 ], [ 1, 2 ], [ 2, 1 ], [ 2, 2 ], [ 2, 3 ], [ 2, 4 ] ];

SMALLQUASICATONEGROUP_DATA[23]:=[ [ 1, 1 ], [ 1, 2 ] ];

SMALLQUASICATONEGROUP_DATA[24]:=[ [ 1, 1 ], [ 1, 2 ], [ 2, 1 ], [ 2, 2 ], [ 2, 3 ], [ 2, 4 ], [ 3, 1 ], [ 4, 1 ], [ 4, 2 ], [ 5, 1 ], [ 5, 2 ], [ 5, 3 ], [ 5, 4 ], [ 6, 1 ], [ 6, 2 ], [ 6, 3 ], [ 6, 4 ], [ 7, 1 ], [ 7, 2 ], [ 7, 3 ], [ 7, 4 ], [ 8, 1 ], [ 8, 2 ], [ 8, 3 ], [ 8, 4 ], [ 9, 1 ], [ 9, 2 ], [ 9, 3 ], [ 9, 4 ], [ 9, 5 ], [ 9, 6 ], [ 9, 7 ], [ 9, 8 ], [ 10, 1 ], [ 10, 2 ], [ 10, 3 ], [ 10, 4 ], [ 10, 5 ], [ 10, 6 ], [ 11, 1 ], [ 11, 2 ], [ 12, 1 ], [ 12, 2 ], [ 13, 1 ], [ 13, 2 ], [ 13, 3 ], [ 13, 4 ], [ 14, 1 ], [ 14, 2 ], [ 14, 3 ], [ 14, 4 ], [ 14, 5 ], [ 14, 6 ], [ 15, 1 ], [ 15, 2 ], [ 15, 3 ], [ 15, 4 ], [ 15, 5 ], [ 15, 6 ], [ 15, 7 ], [ 15, 8 ] ];

SMALLQUASICATONEGROUP_DATA[25]:=[ [ 1, 1 ], [ 1, 2 ], [ 2, 1 ], [ 2, 2 ], [ 2, 3 ] ];

SMALLQUASICATONEGROUP_DATA[26]:=[ [ 1, 1 ], [ 1, 2 ], [ 2, 1 ], [ 2, 2 ], [ 2, 3 ], [ 2, 4 ] ];

SMALLQUASICATONEGROUP_DATA[27]:=[ [ 1, 1 ], [ 1, 2 ], [ 2, 1 ], [ 2, 2 ], [ 2, 3 ], [ 2, 4 ], [ 3, 1 ], [ 3, 2 ], [ 4, 1 ], [ 4, 2 ], [ 5, 1 ], [ 5, 2 ], [ 5, 3 ], [ 5, 4 ] ];

SMALLQUASICATONEGROUP_DATA[28]:=[ [ 1, 1 ], [ 1, 2 ], [ 2, 1 ], [ 2, 2 ], [ 2, 3 ], [ 2, 4 ], [ 3, 1 ], [ 3, 2 ], [ 3, 3 ], [ 3, 4 ], [ 4, 1 ], [ 4, 2 ], [ 4, 3 ], [ 4, 4 ], [ 4, 5 ], [ 4, 6 ] ];

SMALLQUASICATONEGROUP_DATA[29]:=[ [ 1, 1 ], [ 1, 2 ] ];

SMALLQUASICATONEGROUP_DATA[30]:=[ [ 1, 1 ], [ 1, 2 ], [ 1, 3 ], [ 1, 4 ], [ 2, 1 ], [ 2, 2 ], [ 2, 3 ], [ 2, 4 ], [ 3, 1 ], [ 3, 2 ], [ 3, 3 ], [ 3, 4 ], [ 4, 1 ], [ 4, 2 ], [ 4, 3 ], [ 4, 4 ], [ 4, 5 ], [ 4, 6 ], [ 4, 7 ], [ 4, 8 ] ];

SMALLQUASICATONEGROUP_DATA[31]:=[ [ 1, 1 ], [ 1, 2 ] ];

SMALLQUASICATONEGROUP_DATA[32]:=[];

SMALLQUASICATONEGROUP_DATA[33]:=[ [ 1, 1 ], [ 1, 2 ], [ 1, 3 ], [ 1, 4 ] ];

SMALLQUASICATONEGROUP_DATA[34]:=[ [ 1, 1 ], [ 1, 2 ], [ 2, 1 ], [ 2, 2 ], [ 2, 3 ], [ 2, 4 ] ];

SMALLQUASICATONEGROUP_DATA[35]:=[ [ 1, 1 ], [ 1, 2 ], [ 1, 3 ], [ 1, 4 ] ];

SMALLQUASICATONEGROUP_DATA[36]:=[ [ 1, 1 ], [ 1, 2 ], [ 2, 1 ], [ 2, 2 ], [ 2, 3 ], [ 2, 4 ], [ 3, 1 ], [ 3, 2 ], [ 4, 1 ], [ 4, 2 ], [ 4, 3 ], [ 4, 4 ], [ 5, 1 ], [ 5, 2 ], [ 5, 3 ], [ 5, 4 ], [ 5, 5 ], [ 5, 6 ], [ 6, 1 ], [ 6, 2 ], [ 6, 3 ], [ 6, 4 ], [ 7, 1 ], [ 7, 2 ], [ 7, 3 ], [ 8, 1 ], [ 8, 2 ], [ 8, 3 ], [ 8, 4 ], [ 8, 5 ], [ 8, 6 ], [ 9, 1 ], [ 9, 2 ], [ 10, 1 ], [ 10, 2 ], [ 10, 3 ], [ 11, 1 ], [ 11, 2 ], [ 11, 3 ], [ 11, 4 ], [ 12, 1 ], [ 12, 2 ], [ 12, 3 ], [ 12, 4 ], [ 12, 5 ], [ 12, 6 ], [ 12, 7 ], [ 12, 8 ], [ 13, 1 ], [ 13, 2 ], [ 13, 3 ], [ 13, 4 ], [ 13, 5 ], [ 13, 6 ], [ 14, 1 ], [ 14, 2 ], [ 14, 3 ], [ 14, 4 ], [ 14, 5 ], [ 14, 6 ], [ 14, 7 ], [ 14, 8 ], [ 14, 9 ] ];

SMALLQUASICATONEGROUP_DATA[37]:=[ [ 1, 1 ], [ 1, 2 ] ];

SMALLQUASICATONEGROUP_DATA[38]:=[ [ 1, 1 ], [ 1, 2 ], [ 2, 1 ], [ 2, 2 ], [ 2, 3 ], [ 2, 4 ] ];

SMALLQUASICATONEGROUP_DATA[39]:=[ [ 1, 1 ], [ 1, 2 ], [ 2, 1 ], [ 2, 2 ], [ 2, 3 ], [ 2, 4 ] ];

SMALLQUASICATONEGROUP_DATA[40]:=[ [ 1, 1 ], [ 1, 2 ], [ 2, 1 ], [ 2, 2 ], [ 2, 3 ], [ 2, 4 ], [ 3, 1 ], [ 3, 2 ], [ 4, 1 ], [ 4, 2 ], [ 5, 1 ], [ 5, 2 ], [ 5, 3 ], [ 5, 4 ], [ 6, 1 ], [ 6, 2 ], [ 6, 3 ], [ 6, 4 ], [ 7, 1 ], [ 7, 2 ], [ 7, 3 ], [ 7, 4 ], [ 8, 1 ], [ 8, 2 ], [ 8, 3 ], [ 8, 4 ], [ 9, 1 ], [ 9, 2 ], [ 9, 3 ], [ 9, 4 ], [ 9, 5 ], [ 9, 6 ], [ 9, 7 ], [ 9, 8 ], [ 10, 1 ], [ 10, 2 ], [ 10, 3 ], [ 10, 4 ], [ 10, 5 ], [ 10, 6 ], [ 11, 1 ], [ 11, 2 ], [ 12, 1 ], [ 12, 2 ], [ 12, 3 ], [ 12, 4 ], [ 13, 1 ], [ 13, 2 ], [ 13, 3 ], [ 13, 4 ], [ 13, 5 ], [ 13, 6 ], [ 14, 1 ], [ 14, 2 ], [ 14, 3 ], [ 14, 4 ], [ 14, 5 ], [ 14, 6 ], [ 14, 7 ], [ 14, 8 ] ];

SMALLQUASICATONEGROUP_DATA[41]:=[ [ 1, 1 ], [ 1, 2 ] ];

SMALLQUASICATONEGROUP_DATA[42]:=[ [ 1, 1 ], [ 1, 2 ], [ 2, 1 ], [ 2, 2 ], [ 2, 3 ], [ 2, 4 ], [ 3, 1 ], [ 3, 2 ], [ 3, 3 ], [ 3, 4 ], [ 4, 1 ], [ 4, 2 ], [ 4, 3 ], [ 4, 4 ], [ 5, 1 ], [ 5, 2 ], [ 5, 3 ], [ 5, 4 ], [ 6, 1 ], [ 6, 2 ], [ 6, 3 ], [ 6, 4 ], [ 6, 5 ], [ 6, 6 ], [ 6, 7 ], [ 6, 8 ] ];

SMALLQUASICATONEGROUP_DATA[43]:=[ [ 1, 1 ], [ 1, 2 ] ];

SMALLQUASICATONEGROUP_DATA[44]:=[ [ 1, 1 ], [ 1, 2 ], [ 2, 1 ], [ 2, 2 ], [ 2, 3 ], [ 2, 4 ], [ 3, 1 ], [ 3, 2 ], [ 3, 3 ], [ 3, 4 ], [ 4, 1 ], [ 4, 2 ], [ 4, 3 ], [ 4, 4 ], [ 4, 5 ], [ 4, 6 ] ];

SMALLQUASICATONEGROUP_DATA[45]:=[ [ 1, 1 ], [ 1, 2 ], [ 1, 3 ], [ 1, 4 ], [ 2, 1 ], [ 2, 2 ], [ 2, 3 ], [ 2, 4 ], [ 2, 5 ], [ 2, 6 ] ];

SMALLQUASICATONEGROUP_DATA[46]:=[ [ 1, 1 ], [ 1, 2 ], [ 2, 1 ], [ 2, 2 ], [ 2, 3 ], [ 2, 4 ] ];

SMALLQUASICATONEGROUP_DATA[47]:=[ [ 1, 1 ], [ 1, 2 ] ];

SMALLQUASICATONEGROUP_DATA[48]:=[ [ 1, 1 ], [ 1, 2 ], [ 2, 1 ], [ 2, 2 ], [ 2, 3 ], [ 2, 4 ], [ 3, 1 ], [ 3, 2 ], [ 4, 1 ], [ 4, 2 ], [ 4, 3 ], [ 4, 4 ], [ 5, 1 ], [ 5, 2 ], [ 5, 3 ], [ 5, 4 ], [ 6, 1 ], [ 6, 2 ], [ 6, 3 ], [ 6, 4 ], [ 7, 1 ], [ 7, 2 ], [ 7, 3 ], [ 7, 4 ], [ 8, 1 ], [ 8, 2 ], [ 9, 1 ], [ 9, 2 ], [ 9, 3 ], [ 9, 4 ], [ 10, 1 ], [ 10, 2 ], [ 11, 1 ], [ 11, 2 ], [ 11, 3 ], [ 11, 4 ], [ 12, 1 ], [ 12, 2 ], [ 13, 1 ], [ 13, 2 ], [ 13, 3 ], [ 13, 4 ], [ 13, 5 ], [ 13, 6 ], [ 14, 1 ], [ 14, 2 ], [ 14, 3 ], [ 14, 4 ], [ 15, 1 ], [ 15, 2 ], [ 16, 1 ], [ 16, 2 ], [ 17, 1 ], [ 17, 2 ], [ 18, 1 ], [ 18, 2 ], [ 19, 1 ], [ 19, 2 ], [ 19, 3 ], [ 19, 4 ], [ 20, 1 ], [ 20, 2 ], [ 20, 3 ], [ 20, 4 ], [ 20, 5 ], [ 20, 6 ], [ 21, 1 ], [ 21, 2 ], [ 21, 3 ], [ 21, 4 ], [ 21, 5 ], [ 21, 6 ], [ 21, 7 ], [ 21, 8 ], [ 22, 1 ], [ 22, 2 ], [ 22, 3 ], [ 22, 4 ], [ 23, 1 ], [ 23, 2 ], [ 23, 3 ], [ 23, 4 ], [ 23, 5 ], [ 23, 6 ], [ 23, 7 ], [ 23, 8 ], [ 24, 1 ], [ 24, 2 ], [ 24, 3 ], [ 24, 4 ], [ 25, 1 ], [ 25, 2 ], [ 25, 3 ], [ 25, 4 ], [ 26, 1 ], [ 26, 2 ], [ 26, 3 ], [ 26, 4 ], [ 27, 1 ], [ 27, 2 ], [ 28, 1 ], [ 29, 1 ], [ 30, 1 ], [ 30, 2 ], [ 31, 1 ], [ 31, 2 ], [ 31, 3 ], [ 31, 4 ], [ 32, 1 ], [ 32, 2 ], [ 33, 1 ], [ 34, 1 ], [ 34, 2 ], [ 34, 3 ], [ 34, 4 ], [ 35, 1 ], [ 35, 2 ], [ 35, 3 ], [ 35, 4 ], [ 35, 5 ], [ 35, 6 ], [ 35, 7 ], [ 35, 8 ], [ 36, 1 ], [ 36, 2 ], [ 36, 3 ], [ 36, 4 ], [ 36, 5 ], [ 36, 6 ], [ 36, 7 ], [ 36, 8 ], [ 37, 1 ], [ 37, 2 ], [ 37, 3 ], [ 37, 4 ], [ 38, 1 ], [ 38, 2 ], [ 38, 3 ], [ 38, 4 ], [ 38, 5 ], [ 38, 6 ], [ 39, 1 ], [ 39, 2 ], [ 40, 1 ], [ 40, 2 ], [ 41, 1 ], [ 41, 2 ], [ 42, 1 ], [ 42, 2 ], [ 42, 3 ], [ 42, 4 ], [ 42, 5 ], [ 42, 6 ], [ 43, 1 ], [ 43, 2 ], [ 43, 3 ], [ 43, 4 ], [ 43, 5 ], [ 43, 6 ], [ 43, 7 ], [ 43, 8 ], [ 44, 1 ], [ 44, 2 ], [ 44, 3 ], [ 44, 4 ], [ 44, 5 ], [ 44, 6 ], [ 44, 7 ], [ 44, 8 ], [ 44, 9 ], [ 44, 10 ], [ 44, 11 ], [ 44, 12 ], [ 45, 1 ], [ 45, 2 ], [ 45, 3 ], [ 45, 4 ], [ 45, 5 ], [ 45, 6 ], [ 45, 7 ], [ 45, 8 ], [ 45, 9 ], [ 45, 10 ], [ 45, 11 ], [ 45, 12 ], [ 46, 1 ], [ 46, 2 ], [ 46, 3 ], [ 46, 4 ], [ 47, 1 ], [ 47, 2 ], [ 47, 3 ], [ 47, 4 ], [ 48, 1 ], [ 48, 2 ], [ 48, 3 ], [ 48, 4 ], [ 49, 1 ], [ 49, 2 ], [ 49, 3 ], [ 49, 4 ], [ 49, 5 ], [ 49, 6 ], [ 50, 1 ], [ 50, 2 ], [ 50, 3 ], [ 51, 1 ], [ 51, 2 ], [ 51, 3 ], [ 51, 4 ], [ 51, 5 ], [ 51, 6 ], [ 51, 7 ], [ 51, 8 ], [ 52, 1 ], [ 52, 2 ], [ 52, 3 ], [ 52, 4 ], [ 52, 5 ], [ 52, 6 ], [ 52, 7 ], [ 52, 8 ], [ 52, 9 ], [ 52, 10 ] ];

SMALLQUASICATONEGROUP_DATA[49]:=[ [ 1, 1 ], [ 1, 2 ], [ 2, 1 ], [ 2, 2 ], [ 2, 3 ] ];

SMALLQUASICATONEGROUP_DATA[50]:=[ [ 1, 1 ], [ 1, 2 ], [ 2, 1 ], [ 2, 2 ], [ 2, 3 ], [ 2, 4 ], [ 3, 1 ], [ 3, 2 ], [ 3, 3 ], [ 3, 4 ], [ 4, 1 ], [ 4, 2 ], [ 4, 3 ], [ 5, 1 ], [ 5, 2 ], [ 5, 3 ], [ 5, 4 ], [ 5, 5 ], [ 5, 6 ] ];

SMALLQUASICATONEGROUP_DATA[51]:=[ [ 1, 1 ], [ 1, 2 ], [ 1, 3 ], [ 1, 4 ] ];

SMALLQUASICATONEGROUP_DATA[52]:=[ [ 1, 1 ], [ 1, 2 ], [ 2, 1 ], [ 2, 2 ], [ 2, 3 ], [ 2, 4 ], [ 3, 1 ], [ 3, 2 ], [ 4, 1 ], [ 4, 2 ], [ 4, 3 ], [ 4, 4 ], [ 5, 1 ], [ 5, 2 ], [ 5, 3 ], [ 5, 4 ], [ 5, 5 ], [ 5, 6 ] ];

SMALLQUASICATONEGROUP_DATA[53]:=[ [ 1, 1 ], [ 1, 2 ] ];

SMALLQUASICATONEGROUP_DATA[54]:=[ [ 1, 1 ], [ 1, 2 ], [ 2, 1 ], [ 2, 2 ], [ 2, 3 ], [ 2, 4 ], [ 3, 1 ], [ 3, 2 ], [ 3, 3 ], [ 3, 4 ], [ 4, 1 ], [ 4, 2 ], [ 4, 3 ], [ 4, 4 ], [ 5, 1 ], [ 5, 2 ], [ 5, 3 ], [ 6, 1 ], [ 6, 2 ], [ 7, 1 ], [ 7, 2 ], [ 7, 3 ], [ 7, 4 ], [ 8, 1 ], [ 8, 2 ], [ 9, 1 ], [ 9, 2 ], [ 9, 3 ], [ 9, 4 ], [ 9, 5 ], [ 9, 6 ], [ 9, 7 ], [ 9, 8 ], [ 10, 1 ], [ 10, 2 ], [ 10, 3 ], [ 10, 4 ], [ 11, 1 ], [ 11, 2 ], [ 11, 3 ], [ 11, 4 ], [ 12, 1 ], [ 12, 2 ], [ 12, 3 ], [ 12, 4 ], [ 12, 5 ], [ 12, 6 ], [ 13, 1 ], [ 13, 2 ], [ 13, 3 ], [ 13, 4 ], [ 13, 5 ], [ 13, 6 ], [ 14, 1 ], [ 14, 2 ], [ 14, 3 ], [ 14, 4 ], [ 15, 1 ], [ 15, 2 ], [ 15, 3 ], [ 15, 4 ], [ 15, 5 ], [ 15, 6 ], [ 15, 7 ], [ 15, 8 ] ];

SMALLQUASICATONEGROUP_DATA[55]:=[ [ 1, 1 ], [ 1, 2 ], [ 2, 1 ], [ 2, 2 ], [ 2, 3 ], [ 2, 4 ] ];

SMALLQUASICATONEGROUP_DATA[56]:=[ [ 1, 1 ], [ 1, 2 ], [ 2, 1 ], [ 2, 2 ], [ 2, 3 ], [ 2, 4 ], [ 3, 1 ], [ 3, 2 ], [ 4, 1 ], [ 4, 2 ], [ 4, 3 ], [ 4, 4 ], [ 5, 1 ], [ 5, 2 ], [ 5, 3 ], [ 5, 4 ], [ 6, 1 ], [ 6, 2 ], [ 6, 3 ], [ 6, 4 ], [ 7, 1 ], [ 7, 2 ], [ 7, 3 ], [ 7, 4 ], [ 8, 1 ], [ 8, 2 ], [ 8, 3 ], [ 8, 4 ], [ 8, 5 ], [ 8, 6 ], [ 8, 7 ], [ 8, 8 ], [ 9, 1 ], [ 9, 2 ], [ 9, 3 ], [ 9, 4 ], [ 9, 5 ], [ 9, 6 ], [ 10, 1 ], [ 10, 2 ], [ 11, 1 ], [ 11, 2 ], [ 12, 1 ], [ 12, 2 ], [ 12, 3 ], [ 12, 4 ], [ 12, 5 ], [ 12, 6 ], [ 13, 1 ], [ 13, 2 ], [ 13, 3 ], [ 13, 4 ], [ 13, 5 ], [ 13, 6 ], [ 13, 7 ], [ 13, 8 ] ];

SMALLQUASICATONEGROUP_DATA[57]:=[ [ 1, 1 ], [ 1, 2 ], [ 2, 1 ], [ 2, 2 ], [ 2, 3 ], [ 2, 4 ] ];

SMALLQUASICATONEGROUP_DATA[58]:=[ [ 1, 1 ], [ 1, 2 ], [ 2, 1 ], [ 2, 2 ], [ 2, 3 ], [ 2, 4 ] ];

SMALLQUASICATONEGROUP_DATA[59]:=[ [ 1, 1 ], [ 1, 2 ] ];

SMALLQUASICATONEGROUP_DATA[60]:=[ [ 1, 1 ], [ 1, 2 ], [ 1, 3 ], [ 1, 4 ], [ 2, 1 ], [ 2, 2 ], [ 2, 3 ], [ 2, 4 ], [ 3, 1 ], [ 3, 2 ], [ 3, 3 ], [ 3, 4 ], [ 4, 1 ], [ 4, 2 ], [ 4, 3 ], [ 4, 4 ], [ 4, 5 ], [ 4, 6 ], [ 4, 7 ], [ 4, 8 ], [ 5, 1 ], [ 6, 1 ], [ 6, 2 ], [ 6, 3 ], [ 6, 4 ], [ 7, 1 ], [ 7, 2 ], [ 7, 3 ], [ 7, 4 ], [ 8, 1 ], [ 8, 2 ], [ 8, 3 ], [ 8, 4 ], [ 9, 1 ], [ 9, 2 ], [ 9, 3 ], [ 9, 4 ], [ 10, 1 ], [ 10, 2 ], [ 10, 3 ], [ 10, 4 ], [ 10, 5 ], [ 10, 6 ], [ 10, 7 ], [ 10, 8 ], [ 11, 1 ], [ 11, 2 ], [ 11, 3 ], [ 11, 4 ], [ 11, 5 ], [ 11, 6 ], [ 11, 7 ], [ 11, 8 ], [ 12, 1 ], [ 12, 2 ], [ 12, 3 ], [ 12, 4 ], [ 12, 5 ], [ 12, 6 ], [ 12, 7 ], [ 12, 8 ], [ 13, 1 ], [ 13, 2 ], [ 13, 3 ], [ 13, 4 ], [ 13, 5 ], [ 13, 6 ], [ 13, 7 ], [ 13, 8 ], [ 13, 9 ], [ 13, 10 ], [ 13, 11 ], [ 13, 12 ] ];

SMALLQUASICATONEGROUP_DATA[61]:=[ [ 1, 1 ], [ 1, 2 ] ];

SMALLQUASICATONEGROUP_DATA[62]:=[ [ 1, 1 ], [ 1, 2 ], [ 2, 1 ], [ 2, 2 ], [ 2, 3 ], [ 2, 4 ] ];

SMALLQUASICATONEGROUP_DATA[63]:=[ [ 1, 1 ], [ 1, 2 ], [ 2, 1 ], [ 2, 2 ], [ 2, 3 ], [ 2, 4 ], [ 3, 1 ], [ 3, 2 ], [ 3, 3 ], [ 3, 4 ], [ 4, 1 ], [ 4, 2 ], [ 4, 3 ], [ 4, 4 ], [ 4, 5 ], [ 4, 6 ] ];

SMALLQUASICATONEGROUP_DATA[64]:=[ ];

SMALLQUASICATONEGROUP_DATA[65]:=[ [ 1, 1 ], [ 1, 2 ], [ 1, 3 ], [ 1, 4 ] ];

SMALLQUASICATONEGROUP_DATA[66]:=[ [ 1, 1 ], [ 1, 2 ], [ 1, 3 ], [ 1, 4 ], [ 2, 1 ], [ 2, 2 ], [ 2, 3 ], [ 2, 4 ], [ 3, 1 ], [ 3, 2 ], [ 3, 3 ], [ 3, 4 ], [ 4, 1 ], [ 4, 2 ], [ 4, 3 ], [ 4, 4 ], [ 4, 5 ], [ 4, 6 ], [ 4, 7 ], [ 4, 8 ] ];

SMALLQUASICATONEGROUP_DATA[67]:=[ [ 1, 1 ], [ 1, 2 ] ];

SMALLQUASICATONEGROUP_DATA[68]:=[ [ 1, 1 ], [ 1, 2 ], [ 2, 1 ], [ 2, 2 ], [ 2, 3 ], [ 2, 4 ], [ 3, 1 ], [ 3, 2 ], [ 4, 1 ], [ 4, 2 ], [ 4, 3 ], [ 4, 4 ], [ 5, 1 ], [ 5, 2 ], [ 5, 3 ], [ 5, 4 ], [ 5, 5 ], [ 5, 6 ] ];

SMALLQUASICATONEGROUP_DATA[69]:=[ [ 1, 1 ], [ 1, 2 ], [ 1, 3 ], [ 1, 4 ] ];

SMALLQUASICATONEGROUP_DATA[70]:=[ [ 1, 1 ], [ 1, 2 ], [ 1, 3 ], [ 1, 4 ], [ 2, 1 ], [ 2, 2 ], [ 2, 3 ], [ 2, 4 ], [ 3, 1 ], [ 3, 2 ], [ 3, 3 ], [ 3, 4 ], [ 4, 1 ], [ 4, 2 ], [ 4, 3 ], [ 4, 4 ], [ 4, 5 ], [ 4, 6 ], [ 4, 7 ], [ 4, 8 ] ];

SMALLQUASICATONEGROUP_DATA[71]:=[ [ 1, 1 ], [ 1, 2 ] ];

SMALLQUASICATONEGROUP_DATA[72]:=[ [ 1, 1 ], [ 1, 2 ], [ 2, 1 ], [ 2, 2 ], [ 2, 3 ], [ 2, 4 ], [ 3, 1 ], [ 4, 1 ], [ 4, 2 ], [ 5, 1 ], [ 5, 2 ], [ 5, 3 ], [ 5, 4 ], [ 6, 1 ], [ 6, 2 ], [ 6, 3 ], [ 6, 4 ], [ 7, 1 ], [ 7, 2 ], [ 7, 3 ], [ 7, 4 ], [ 8, 1 ], [ 8, 2 ], [ 8, 3 ], [ 8, 4 ], [ 9, 1 ], [ 9, 2 ], [ 9, 3 ], [ 9, 4 ], [ 9, 5 ], [ 9, 6 ], [ 9, 7 ], [ 9, 8 ], [ 10, 1 ], [ 10, 2 ], [ 10, 3 ], [ 10, 4 ], [ 10, 5 ], [ 10, 6 ], [ 11, 1 ], [ 11, 2 ], [ 12, 1 ], [ 12, 2 ], [ 12, 3 ], [ 12, 4 ], [ 13, 1 ], [ 13, 2 ], [ 13, 3 ], [ 14, 1 ], [ 14, 2 ], [ 14, 3 ], [ 14, 4 ], [ 14, 5 ], [ 14, 6 ], [ 15, 1 ], [ 15, 2 ], [ 16, 1 ], [ 16, 2 ], [ 16, 3 ], [ 16, 4 ], [ 17, 1 ], [ 17, 2 ], [ 17, 3 ], [ 17, 4 ], [ 17, 5 ], [ 17, 6 ], [ 18, 1 ], [ 18, 2 ], [ 18, 3 ], [ 18, 4 ], [ 18, 5 ], [ 18, 6 ], [ 18, 7 ], [ 18, 8 ], [ 19, 1 ], [ 19, 2 ], [ 20, 1 ], [ 20, 2 ], [ 20, 3 ], [ 20, 4 ], [ 21, 1 ], [ 21, 2 ], [ 21, 3 ], [ 22, 1 ], [ 22, 2 ], [ 22, 3 ], [ 23, 1 ], [ 23, 2 ], [ 23, 3 ], [ 23, 4 ], [ 24, 1 ], [ 24, 2 ], [ 24, 3 ], [ 25, 1 ], [ 25, 2 ], [ 26, 1 ], [ 26, 2 ], [ 26, 3 ], [ 26, 4 ], [ 27, 1 ], [ 27, 2 ], [ 27, 3 ], [ 27, 4 ], [ 27, 5 ], [ 27, 6 ], [ 27, 7 ], [ 27, 8 ], [ 28, 1 ], [ 28, 2 ], [ 28, 3 ], [ 28, 4 ], [ 28, 5 ], [ 28, 6 ], [ 28, 7 ], [ 28, 8 ], [ 29, 1 ], [ 29, 2 ], [ 29, 3 ], [ 29, 4 ], [ 29, 5 ], [ 29, 6 ], [ 29, 7 ], [ 29, 8 ], [ 30, 1 ], [ 30, 2 ], [ 30, 3 ], [ 30, 4 ], [ 30, 5 ], [ 30, 6 ], [ 30, 7 ], [ 30, 8 ], [ 31, 1 ], [ 31, 2 ], [ 31, 3 ], [ 32, 1 ], [ 32, 2 ], [ 32, 3 ], [ 32, 4 ], [ 32, 5 ], [ 32, 6 ], [ 33, 1 ], [ 33, 2 ], [ 33, 3 ], [ 33, 4 ], [ 33, 5 ], [ 33, 6 ], [ 34, 1 ], [ 34, 2 ], [ 34, 3 ], [ 34, 4 ], [ 34, 5 ], [ 34, 6 ], [ 35, 1 ], [ 35, 2 ], [ 35, 3 ], [ 35, 4 ], [ 35, 5 ], [ 35, 6 ], [ 36, 1 ], [ 36, 2 ], [ 36, 3 ], [ 36, 4 ], [ 36, 5 ], [ 36, 6 ], [ 36, 7 ], [ 36, 8 ], [ 36, 9 ], [ 36, 10 ], [ 36, 11 ], [ 36, 12 ], [ 37, 1 ], [ 37, 2 ], [ 37, 3 ], [ 37, 4 ], [ 37, 5 ], [ 37, 6 ], [ 37, 7 ], [ 37, 8 ], [ 37, 9 ], [ 38, 1 ], [ 38, 2 ], [ 38, 3 ], [ 39, 1 ], [ 39, 2 ], [ 40, 1 ], [ 40, 2 ], [ 41, 1 ], [ 41, 2 ], [ 42, 1 ], [ 42, 2 ], [ 42, 3 ], [ 42, 4 ], [ 43, 1 ], [ 43, 2 ], [ 43, 3 ], [ 43, 4 ], [ 44, 1 ], [ 44, 2 ], [ 44, 3 ], [ 44, 4 ], [ 45, 1 ], [ 45, 2 ], [ 45, 3 ], [ 45, 4 ], [ 46, 1 ], [ 46, 2 ], [ 46, 3 ], [ 46, 4 ], [ 46, 5 ], [ 46, 6 ], [ 47, 1 ], [ 47, 2 ], [ 47, 3 ], [ 47, 4 ], [ 47, 5 ], [ 47, 6 ], [ 47, 7 ], [ 47, 8 ], [ 48, 1 ], [ 48, 2 ], [ 48, 3 ], [ 48, 4 ], [ 48, 5 ], [ 48, 6 ], [ 48, 7 ], [ 48, 8 ], [ 48, 9 ], [ 48, 10 ], [ 48, 11 ], [ 48, 12 ], [ 49, 1 ], [ 49, 2 ], [ 49, 3 ], [ 49, 4 ], [ 49, 5 ], [ 49, 6 ], [ 49, 7 ], [ 49, 8 ], [ 49, 9 ], [ 50, 1 ], [ 50, 2 ], [ 50, 3 ], [ 50, 4 ], [ 50, 5 ], [ 50, 6 ], [ 50, 7 ], [ 50, 8 ], [ 50, 9 ], [ 50, 10 ], [ 50, 11 ], [ 50, 12 ] ];

SMALLQUASICATONEGROUP_DATA[73]:=[ [ 1, 1 ], [ 1, 2 ] ];

SMALLQUASICATONEGROUP_DATA[74]:=[ [ 1, 1 ], [ 1, 2 ], [ 2, 1 ], [ 2, 2 ], [ 2, 3 ], [ 2, 4 ] ];

SMALLQUASICATONEGROUP_DATA[75]:=[ [ 1, 1 ], [ 1, 2 ], [ 1, 3 ], [ 1, 4 ], [ 2, 1 ], [ 2, 2 ], [ 3, 1 ], [ 3, 2 ], [ 3, 3 ], [ 3, 4 ], [ 3, 5 ], [ 3, 6 ] ];

SMALLQUASICATONEGROUP_DATA[76]:=[ [ 1, 1 ], [ 1, 2 ], [ 2, 1 ], [ 2, 2 ], [ 2, 3 ], [ 2, 4 ], [ 3, 1 ], [ 3, 2 ], [ 3, 3 ], [ 3, 4 ], [ 4, 1 ], [ 4, 2 ], [ 4, 3 ], [ 4, 4 ], [ 4, 5 ], [ 4, 6 ] ];

SMALLQUASICATONEGROUP_DATA[77]:=[ [ 1, 1 ], [ 1, 2 ], [ 1, 3 ], [ 1, 4 ] ];

SMALLQUASICATONEGROUP_DATA[78]:=[ [ 1, 1 ], [ 1, 2 ], [ 2, 1 ], [ 2, 2 ], [ 2, 3 ], [ 2, 4 ], [ 3, 1 ], [ 3, 2 ], [ 3, 3 ], [ 3, 4 ], [ 4, 1 ], [ 4, 2 ], [ 4, 3 ], [ 4, 4 ], [ 5, 1 ], [ 5, 2 ], [ 5, 3 ], [ 5, 4 ], [ 6, 1 ], [ 6, 2 ], [ 6, 3 ], [ 6, 4 ], [ 6, 5 ], [ 6, 6 ], [ 6, 7 ], [ 6, 8 ] ];

SMALLQUASICATONEGROUP_DATA[79]:=[ [ 1, 1 ], [ 1, 2 ] ];

SMALLQUASICATONEGROUP_DATA[80]:=[ [ 1, 1 ], [ 1, 2 ], [ 2, 1 ], [ 2, 2 ], [ 2, 3 ], [ 2, 4 ], [ 3, 1 ], [ 3, 2 ], [ 4, 1 ], [ 4, 2 ], [ 4, 3 ], [ 4, 4 ], [ 5, 1 ], [ 5, 2 ], [ 5, 3 ], [ 5, 4 ], [ 6, 1 ], [ 6, 2 ], [ 6, 3 ], [ 6, 4 ], [ 7, 1 ], [ 7, 2 ], [ 7, 3 ], [ 7, 4 ], [ 8, 1 ], [ 8, 2 ], [ 9, 1 ], [ 9, 2 ], [ 9, 3 ], [ 9, 4 ], [ 10, 1 ], [ 10, 2 ], [ 11, 1 ], [ 11, 2 ], [ 11, 3 ], [ 11, 4 ], [ 12, 1 ], [ 12, 2 ], [ 13, 1 ], [ 13, 2 ], [ 13, 3 ], [ 13, 4 ], [ 13, 5 ], [ 13, 6 ], [ 14, 1 ], [ 14, 2 ], [ 14, 3 ], [ 14, 4 ], [ 15, 1 ], [ 15, 2 ], [ 16, 1 ], [ 16, 2 ], [ 17, 1 ], [ 17, 2 ], [ 18, 1 ], [ 18, 2 ], [ 19, 1 ], [ 19, 2 ], [ 19, 3 ], [ 19, 4 ], [ 20, 1 ], [ 20, 2 ], [ 20, 3 ], [ 20, 4 ], [ 20, 5 ], [ 20, 6 ], [ 21, 1 ], [ 21, 2 ], [ 21, 3 ], [ 21, 4 ], [ 21, 5 ], [ 21, 6 ], [ 21, 7 ], [ 21, 8 ], [ 22, 1 ], [ 22, 2 ], [ 22, 3 ], [ 22, 4 ], [ 23, 1 ], [ 23, 2 ], [ 23, 3 ], [ 23, 4 ], [ 23, 5 ], [ 23, 6 ], [ 23, 7 ], [ 23, 8 ], [ 24, 1 ], [ 24, 2 ], [ 24, 3 ], [ 24, 4 ], [ 25, 1 ], [ 25, 2 ], [ 25, 3 ], [ 25, 4 ], [ 26, 1 ], [ 26, 2 ], [ 26, 3 ], [ 26, 4 ], [ 27, 1 ], [ 27, 2 ], [ 28, 1 ], [ 28, 2 ], [ 29, 1 ], [ 29, 2 ], [ 30, 1 ], [ 30, 2 ], [ 30, 3 ], [ 30, 4 ], [ 31, 1 ], [ 31, 2 ], [ 31, 3 ], [ 31, 4 ], [ 32, 1 ], [ 32, 2 ], [ 32, 3 ], [ 32, 4 ], [ 33, 1 ], [ 33, 2 ], [ 34, 1 ], [ 34, 2 ], [ 34, 3 ], [ 34, 4 ], [ 35, 1 ], [ 35, 2 ], [ 35, 3 ], [ 35, 4 ], [ 36, 1 ], [ 36, 2 ], [ 36, 3 ], [ 36, 4 ], [ 36, 5 ], [ 36, 6 ], [ 36, 7 ], [ 36, 8 ], [ 37, 1 ], [ 37, 2 ], [ 37, 3 ], [ 37, 4 ], [ 37, 5 ], [ 37, 6 ], [ 37, 7 ], [ 37, 8 ], [ 38, 1 ], [ 38, 2 ], [ 38, 3 ], [ 38, 4 ], [ 39, 1 ], [ 39, 2 ], [ 39, 3 ], [ 39, 4 ], [ 39, 5 ], [ 39, 6 ], [ 40, 1 ], [ 40, 2 ], [ 41, 1 ], [ 41, 2 ], [ 42, 1 ], [ 42, 2 ], [ 43, 1 ], [ 43, 2 ], [ 43, 3 ], [ 43, 4 ], [ 43, 5 ], [ 43, 6 ], [ 44, 1 ], [ 44, 2 ], [ 44, 3 ], [ 44, 4 ], [ 44, 5 ], [ 44, 6 ], [ 44, 7 ], [ 44, 8 ], [ 45, 1 ], [ 45, 2 ], [ 45, 3 ], [ 45, 4 ], [ 45, 5 ], [ 45, 6 ], [ 45, 7 ], [ 45, 8 ], [ 45, 9 ], [ 45, 10 ], [ 45, 11 ], [ 45, 12 ], [ 46, 1 ], [ 46, 2 ], [ 46, 3 ], [ 46, 4 ], [ 46, 5 ], [ 46, 6 ], [ 46, 7 ], [ 46, 8 ], [ 46, 9 ], [ 46, 10 ], [ 46, 11 ], [ 46, 12 ], [ 47, 1 ], [ 47, 2 ], [ 47, 3 ], [ 47, 4 ], [ 48, 1 ], [ 48, 2 ], [ 48, 3 ], [ 48, 4 ], [ 49, 1 ], [ 49, 2 ], [ 50, 1 ], [ 50, 2 ], [ 50, 3 ], [ 50, 4 ], [ 50, 5 ], [ 50, 6 ], [ 51, 1 ], [ 51, 2 ], [ 51, 3 ], [ 51, 4 ], [ 51, 5 ], [ 51, 6 ], [ 51, 7 ], [ 51, 8 ], [ 52, 1 ], [ 52, 2 ], [ 52, 3 ], [ 52, 4 ], [ 52, 5 ], [ 52, 6 ], [ 52, 7 ], [ 52, 8 ], [ 52, 9 ], [ 52, 10 ] ];

SMALLQUASICATONEGROUP_DATA[81]:=[ ];

SMALLQUASICATONEGROUP_DATA[82]:=[ [ 1, 1 ], [ 1, 2 ], [ 2, 1 ], [ 2, 2 ], [ 2, 3 ], [ 2, 4 ] ];

SMALLQUASICATONEGROUP_DATA[83]:=[ [ 1, 1 ], [ 1, 2 ] ];

SMALLQUASICATONEGROUP_DATA[84]:=[ [ 1, 1 ], [ 1, 2 ], [ 2, 1 ], [ 2, 2 ], [ 2, 3 ], [ 2, 4 ], [ 3, 1 ], [ 3, 2 ], [ 3, 3 ], [ 3, 4 ], [ 4, 1 ], [ 4, 2 ], [ 4, 3 ], [ 4, 4 ], [ 5, 1 ], [ 5, 2 ], [ 5, 3 ], [ 5, 4 ], [ 6, 1 ], [ 6, 2 ], [ 6, 3 ], [ 6, 4 ], [ 6, 5 ], [ 6, 6 ], [ 6, 7 ], [ 6, 8 ], [ 7, 1 ], [ 7, 2 ], [ 7, 3 ], [ 7, 4 ], [ 8, 1 ], [ 8, 2 ], [ 8, 3 ], [ 8, 4 ], [ 9, 1 ], [ 9, 2 ], [ 9, 3 ], [ 9, 4 ], [ 9, 5 ], [ 9, 6 ], [ 10, 1 ], [ 10, 2 ], [ 10, 3 ], [ 10, 4 ], [ 11, 1 ], [ 11, 2 ], [ 11, 3 ], [ 11, 4 ], [ 12, 1 ], [ 12, 2 ], [ 12, 3 ], [ 12, 4 ], [ 12, 5 ], [ 12, 6 ], [ 12, 7 ], [ 12, 8 ], [ 13, 1 ], [ 13, 2 ], [ 13, 3 ], [ 13, 4 ], [ 13, 5 ], [ 13, 6 ], [ 13, 7 ], [ 13, 8 ], [ 14, 1 ], [ 14, 2 ], [ 14, 3 ], [ 14, 4 ], [ 14, 5 ], [ 14, 6 ], [ 14, 7 ], [ 14, 8 ], [ 15, 1 ], [ 15, 2 ], [ 15, 3 ], [ 15, 4 ], [ 15, 5 ], [ 15, 6 ], [ 15, 7 ], [ 15, 8 ], [ 15, 9 ], [ 15, 10 ], [ 15, 11 ], [ 15, 12 ] ];

SMALLQUASICATONEGROUP_DATA[85]:=[ [ 1, 1 ], [ 1, 2 ], [ 1, 3 ], [ 1, 4 ] ];

SMALLQUASICATONEGROUP_DATA[86]:=[ [ 1, 1 ], [ 1, 2 ], [ 2, 1 ], [ 2, 2 ], [ 2, 3 ], [ 2, 4 ] ];

SMALLQUASICATONEGROUP_DATA[87]:=[ [ 1, 1 ], [ 1, 2 ], [ 1, 3 ], [ 1, 4 ] ];

SMALLQUASICATONEGROUP_DATA[88]:=[ [ 1, 1 ], [ 1, 2 ], [ 2, 1 ], [ 2, 2 ], [ 2, 3 ], [ 2, 4 ], [ 3, 1 ], [ 3, 2 ], [ 4, 1 ], [ 4, 2 ], [ 4, 3 ], [ 4, 4 ], [ 5, 1 ], [ 5, 2 ], [ 5, 3 ], [ 5, 4 ], [ 6, 1 ], [ 6, 2 ], [ 6, 3 ], [ 6, 4 ], [ 7, 1 ], [ 7, 2 ], [ 7, 3 ], [ 7, 4 ], [ 8, 1 ], [ 8, 2 ], [ 8, 3 ], [ 8, 4 ], [ 8, 5 ], [ 8, 6 ], [ 8, 7 ], [ 8, 8 ], [ 9, 1 ], [ 9, 2 ], [ 9, 3 ], [ 9, 4 ], [ 9, 5 ], [ 9, 6 ], [ 10, 1 ], [ 10, 2 ], [ 11, 1 ], [ 11, 2 ], [ 11, 3 ], [ 11, 4 ], [ 11, 5 ], [ 11, 6 ], [ 12, 1 ], [ 12, 2 ], [ 12, 3 ], [ 12, 4 ], [ 12, 5 ], [ 12, 6 ], [ 12, 7 ], [ 12, 8 ] ];

SMALLQUASICATONEGROUP_DATA[89]:=[ [ 1, 1 ], [ 1, 2 ] ];

SMALLQUASICATONEGROUP_DATA[90]:=[ [ 1, 1 ], [ 1, 2 ], [ 1, 3 ], [ 1, 4 ], [ 2, 1 ], [ 2, 2 ], [ 2, 3 ], [ 2, 4 ], [ 3, 1 ], [ 3, 2 ], [ 3, 3 ], [ 3, 4 ], [ 4, 1 ], [ 4, 2 ], [ 4, 3 ], [ 4, 4 ], [ 4, 5 ], [ 4, 6 ], [ 4, 7 ], [ 4, 8 ], [ 5, 1 ], [ 5, 2 ], [ 5, 3 ], [ 5, 4 ], [ 5, 5 ], [ 5, 6 ], [ 6, 1 ], [ 6, 2 ], [ 6, 3 ], [ 6, 4 ], [ 6, 5 ], [ 6, 6 ], [ 6, 7 ], [ 6, 8 ], [ 7, 1 ], [ 7, 2 ], [ 7, 3 ], [ 7, 4 ], [ 7, 5 ], [ 7, 6 ], [ 7, 7 ], [ 7, 8 ], [ 8, 1 ], [ 8, 2 ], [ 8, 3 ], [ 8, 4 ], [ 8, 5 ], [ 8, 6 ], [ 9, 1 ], [ 9, 2 ], [ 9, 3 ], [ 9, 4 ], [ 9, 5 ], [ 9, 6 ], [ 10, 1 ], [ 10, 2 ], [ 10, 3 ], [ 10, 4 ], [ 10, 5 ], [ 10, 6 ], [ 10, 7 ], [ 10, 8 ], [ 10, 9 ], [ 10, 10 ], [ 10, 11 ], [ 10, 12 ] ];

SMALLQUASICATONEGROUP_DATA[91]:=[ [ 1, 1 ], [ 1, 2 ], [ 1, 3 ], [ 1, 4 ] ];

SMALLQUASICATONEGROUP_DATA[92]:=[ [ 1, 1 ], [ 1, 2 ], [ 2, 1 ], [ 2, 2 ], [ 2, 3 ], [ 2, 4 ], [ 3, 1 ], [ 3, 2 ], [ 3, 3 ], [ 3, 4 ], [ 4, 1 ], [ 4, 2 ], [ 4, 3 ], [ 4, 4 ], [ 4, 5 ], [ 4, 6 ] ];

SMALLQUASICATONEGROUP_DATA[93]:=[ [ 1, 1 ], [ 1, 2 ], [ 2, 1 ], [ 2, 2 ], [ 2, 3 ], [ 2, 4 ] ];

SMALLQUASICATONEGROUP_DATA[94]:=[ [ 1, 1 ], [ 1, 2 ], [ 2, 1 ], [ 2, 2 ], [ 2, 3 ], [ 2, 4 ] ];

SMALLQUASICATONEGROUP_DATA[95]:=[ [ 1, 1 ], [ 1, 2 ], [ 1, 3 ], [ 1, 4 ] ];

SMALLQUASICATONEGROUP_DATA[96]:=[ ];

SMALLQUASICATONEGROUP_DATA[97]:=[ [ 1, 1 ], [ 1, 2 ] ];

SMALLQUASICATONEGROUP_DATA[98]:=[ [ 1, 1 ], [ 1, 2 ], [ 2, 1 ], [ 2, 2 ], [ 2, 3 ], [ 2, 4 ], [ 3, 1 ], [ 3, 2 ], [ 3, 3 ], [ 3, 4 ], [ 4, 1 ], [ 4, 2 ], [ 4, 3 ], [ 5, 1 ], [ 5, 2 ], [ 5, 3 ], [ 5, 4 ], [ 5, 5 ], [ 5, 6 ] ];

SMALLQUASICATONEGROUP_DATA[99]:=[ [ 1, 1 ], [ 1, 2 ], [ 1, 3 ], [ 1, 4 ], [ 2, 1 ], [ 2, 2 ], [ 2, 3 ], [ 2, 4 ], [ 2, 5 ], [ 2, 6 ] ];

SMALLQUASICATONEGROUP_DATA[100]:=[ [ 1, 1 ], [ 1, 2 ], [ 2, 1 ], [ 2, 2 ], [ 2, 3 ], [ 2, 4 ], [ 3, 1 ], [ 3, 2 ], [ 4, 1 ], [ 4, 2 ], [ 4, 3 ], [ 4, 4 ], [ 5, 1 ], [ 5, 2 ], [ 5, 3 ], [ 5, 4 ], [ 5, 5 ], [ 5, 6 ], [ 6, 1 ], [ 6, 2 ], [ 6, 3 ], [ 6, 4 ], [ 7, 1 ], [ 7, 2 ], [ 7, 3 ], [ 8, 1 ], [ 8, 2 ], [ 8, 3 ], [ 8, 4 ], [ 8, 5 ], [ 8, 6 ], [ 9, 1 ], [ 9, 2 ], [ 9, 3 ], [ 9, 4 ], [ 10, 1 ], [ 10, 2 ], [ 10, 3 ], [ 10, 4 ], [ 11, 1 ], [ 11, 2 ], [ 11, 3 ], [ 12, 1 ], [ 12, 2 ], [ 12, 3 ], [ 13, 1 ], [ 13, 2 ], [ 13, 3 ], [ 14, 1 ], [ 14, 2 ], [ 14, 3 ], [ 14, 4 ], [ 14, 5 ], [ 14, 6 ], [ 14, 7 ], [ 14, 8 ], [ 15, 1 ], [ 15, 2 ], [ 15, 3 ], [ 15, 4 ], [ 15, 5 ], [ 15, 6 ], [ 16, 1 ], [ 16, 2 ], [ 16, 3 ], [ 16, 4 ], [ 16, 5 ], [ 16, 6 ], [ 16, 7 ], [ 16, 8 ], [ 16, 9 ] ];

SMALLQUASICATONEGROUP_DATA[101]:=[ [ 1, 1 ], [ 1, 2 ] ];

SMALLQUASICATONEGROUP_DATA[102]:=[ [ 1, 1 ], [ 1, 2 ], [ 1, 3 ], [ 1, 4 ], [ 2, 1 ], [ 2, 2 ], [ 2, 3 ], [ 2, 4 ], [ 3, 1 ], [ 3, 2 ], [ 3, 3 ], [ 3, 4 ], [ 4, 1 ], [ 4, 2 ], [ 4, 3 ], [ 4, 4 ], [ 4, 5 ], [ 4, 6 ], [ 4, 7 ], [ 4, 8 ] ];

SMALLQUASICATONEGROUP_DATA[103]:=[ [ 1, 1 ], [ 1, 2 ] ];

SMALLQUASICATONEGROUP_DATA[104]:=[ [ 1, 1 ], [ 1, 2 ], [ 2, 1 ], [ 2, 2 ], [ 2, 3 ], [ 2, 4 ], [ 3, 1 ], [ 3, 2 ], [ 4, 1 ], [ 4, 2 ], [ 5, 1 ], [ 5, 2 ], [ 5, 3 ], [ 5, 4 ], [ 6, 1 ], [ 6, 2 ], [ 6, 3 ], [ 6, 4 ], [ 7, 1 ], [ 7, 2 ], [ 7, 3 ], [ 7, 4 ], [ 8, 1 ], [ 8, 2 ], [ 8, 3 ], [ 8, 4 ], [ 9, 1 ], [ 9, 2 ], [ 9, 3 ], [ 9, 4 ], [ 9, 5 ], [ 9, 6 ], [ 9, 7 ], [ 9, 8 ], [ 10, 1 ], [ 10, 2 ], [ 10, 3 ], [ 10, 4 ], [ 10, 5 ], [ 10, 6 ], [ 11, 1 ], [ 11, 2 ], [ 12, 1 ], [ 12, 2 ], [ 12, 3 ], [ 12, 4 ], [ 13, 1 ], [ 13, 2 ], [ 13, 3 ], [ 13, 4 ], [ 13, 5 ], [ 13, 6 ], [ 14, 1 ], [ 14, 2 ], [ 14, 3 ], [ 14, 4 ], [ 14, 5 ], [ 14, 6 ], [ 14, 7 ], [ 14, 8 ] ];

SMALLQUASICATONEGROUP_DATA[105]:=[ [ 1, 1 ], [ 1, 2 ], [ 1, 3 ], [ 1, 4 ], [ 2, 1 ], [ 2, 2 ], [ 2, 3 ], [ 2, 4 ], [ 2, 5 ], [ 2, 6 ], [ 2, 7 ], [ 2, 8 ] ];

SMALLQUASICATONEGROUP_DATA[106]:=[ [ 1, 1 ], [ 1, 2 ], [ 2, 1 ], [ 2, 2 ], [ 2, 3 ], [ 2, 4 ] ];

SMALLQUASICATONEGROUP_DATA[107]:=[ [ 1, 1 ], [ 1, 2 ] ];

SMALLQUASICATONEGROUP_DATA[108]:=[ [ 1, 1 ], [ 1, 2 ], [ 2, 1 ], [ 2, 2 ], [ 2, 3 ], [ 2, 4 ], [ 3, 1 ], [ 3, 2 ], [ 4, 1 ], [ 4, 2 ], [ 4, 3 ], [ 4, 4 ], [ 5, 1 ], [ 5, 2 ], [ 5, 3 ], [ 5, 4 ], [ 5, 5 ], [ 5, 6 ], [ 6, 1 ], [ 6, 2 ], [ 6, 3 ], [ 6, 4 ], [ 7, 1 ], [ 7, 2 ], [ 7, 3 ], [ 7, 4 ], [ 8, 1 ], [ 8, 2 ], [ 8, 3 ], [ 9, 1 ], [ 9, 2 ], [ 10, 1 ], [ 10, 2 ], [ 10, 3 ], [ 10, 4 ], [ 11, 1 ], [ 11, 2 ], [ 12, 1 ], [ 12, 2 ], [ 12, 3 ], [ 12, 4 ], [ 12, 5 ], [ 12, 6 ], [ 12, 7 ], [ 12, 8 ], [ 13, 1 ], [ 13, 2 ], [ 13, 3 ], [ 13, 4 ], [ 14, 1 ], [ 14, 2 ], [ 14, 3 ], [ 14, 4 ], [ 15, 1 ], [ 16, 1 ], [ 16, 2 ], [ 16, 3 ], [ 16, 4 ], [ 17, 1 ], [ 17, 2 ], [ 18, 1 ], [ 18, 2 ], [ 18, 3 ], [ 18, 4 ], [ 19, 1 ], [ 19, 2 ], [ 19, 3 ], [ 19, 4 ], [ 20, 1 ], [ 20, 2 ], [ 20, 3 ], [ 20, 4 ], [ 21, 1 ], [ 21, 2 ], [ 22, 1 ], [ 22, 2 ], [ 22, 3 ], [ 22, 4 ], [ 23, 1 ], [ 23, 2 ], [ 23, 3 ], [ 23, 4 ], [ 23, 5 ], [ 23, 6 ], [ 23, 7 ], [ 23, 8 ], [ 24, 1 ], [ 24, 2 ], [ 24, 3 ], [ 24, 4 ], [ 24, 5 ], [ 24, 6 ], [ 24, 7 ], [ 24, 8 ], [ 25, 1 ], [ 25, 2 ], [ 25, 3 ], [ 25, 4 ], [ 25, 5 ], [ 25, 6 ], [ 26, 1 ], [ 26, 2 ], [ 26, 3 ], [ 26, 4 ], [ 27, 1 ], [ 27, 2 ], [ 27, 3 ], [ 27, 4 ], [ 27, 5 ], [ 27, 6 ], [ 27, 7 ], [ 27, 8 ], [ 28, 1 ], [ 28, 2 ], [ 28, 3 ], [ 28, 4 ], [ 29, 1 ], [ 29, 2 ], [ 29, 3 ], [ 29, 4 ], [ 29, 5 ], [ 29, 6 ], [ 29, 7 ], [ 29, 8 ], [ 29, 9 ], [ 29, 10 ], [ 29, 11 ], [ 29, 12 ], [ 30, 1 ], [ 30, 2 ], [ 30, 3 ], [ 30, 4 ], [ 30, 5 ], [ 30, 6 ], [ 31, 1 ], [ 31, 2 ], [ 31, 3 ], [ 31, 4 ], [ 31, 5 ], [ 31, 6 ], [ 32, 1 ], [ 32, 2 ], [ 32, 3 ], [ 32, 4 ], [ 32, 5 ], [ 32, 6 ], [ 33, 1 ], [ 33, 2 ], [ 33, 3 ], [ 33, 4 ], [ 33, 5 ], [ 33, 6 ], [ 34, 1 ], [ 34, 2 ], [ 34, 3 ], [ 34, 4 ], [ 35, 1 ], [ 35, 2 ], [ 35, 3 ], [ 35, 4 ], [ 35, 5 ], [ 35, 6 ], [ 35, 7 ], [ 35, 8 ], [ 36, 1 ], [ 36, 2 ], [ 36, 3 ], [ 36, 4 ], [ 37, 1 ], [ 37, 2 ], [ 37, 3 ], [ 37, 4 ], [ 38, 1 ], [ 38, 2 ], [ 38, 3 ], [ 38, 4 ], [ 38, 5 ], [ 38, 6 ], [ 39, 1 ], [ 39, 2 ], [ 39, 3 ], [ 39, 4 ], [ 39, 5 ], [ 39, 6 ], [ 40, 1 ], [ 40, 2 ], [ 40, 3 ], [ 40, 4 ], [ 41, 1 ], [ 41, 2 ], [ 41, 3 ], [ 41, 4 ], [ 41, 5 ], [ 41, 6 ], [ 42, 1 ], [ 42, 2 ], [ 42, 3 ], [ 42, 4 ], [ 42, 5 ], [ 42, 6 ], [ 42, 7 ], [ 42, 8 ], [ 42, 9 ], [ 42, 10 ], [ 42, 11 ], [ 42, 12 ], [ 43, 1 ], [ 43, 2 ], [ 43, 3 ], [ 43, 4 ], [ 43, 5 ], [ 43, 6 ], [ 43, 7 ], [ 43, 8 ], [ 43, 9 ], [ 43, 10 ], [ 43, 11 ], [ 43, 12 ], [ 44, 1 ], [ 44, 2 ], [ 44, 3 ], [ 44, 4 ], [ 44, 5 ], [ 44, 6 ], [ 44, 7 ], [ 44, 8 ], [ 45, 1 ], [ 45, 2 ], [ 45, 3 ], [ 45, 4 ], [ 45, 5 ], [ 45, 6 ], [ 45, 7 ], [ 45, 8 ], [ 45, 9 ], [ 45, 10 ], [ 45, 11 ], [ 45, 12 ] ];

SMALLQUASICATONEGROUP_DATA[109]:=[ [ 1, 1 ], [ 1, 2 ] ];

SMALLQUASICATONEGROUP_DATA[110]:=[ [ 1, 1 ], [ 1, 2 ], [ 2, 1 ], [ 2, 2 ], [ 2, 3 ], [ 2, 4 ], [ 3, 1 ], [ 3, 2 ], [ 3, 3 ], [ 3, 4 ], [ 4, 1 ], [ 4, 2 ], [ 4, 3 ], [ 4, 4 ], [ 5, 1 ], [ 5, 2 ], [ 5, 3 ], [ 5, 4 ], [ 6, 1 ], [ 6, 2 ], [ 6, 3 ], [ 6, 4 ], [ 6, 5 ], [ 6, 6 ], [ 6, 7 ], [ 6, 8 ] ];

SMALLQUASICATONEGROUP_DATA[111]:=[ [ 1, 1 ], [ 1, 2 ], [ 2, 1 ], [ 2, 2 ], [ 2, 3 ], [ 2, 4 ] ];

SMALLQUASICATONEGROUP_DATA[112]:=[ [ 1, 1 ], [ 1, 2 ], [ 2, 1 ], [ 2, 2 ], [ 2, 3 ], [ 2, 4 ], [ 3, 1 ], [ 3, 2 ], [ 3, 3 ], [ 3, 4 ], [ 4, 1 ], [ 4, 2 ], [ 4, 3 ], [ 4, 4 ], [ 5, 1 ], [ 5, 2 ], [ 5, 3 ], [ 5, 4 ], [ 6, 1 ], [ 6, 2 ], [ 6, 3 ], [ 6, 4 ], [ 7, 1 ], [ 7, 2 ], [ 8, 1 ], [ 8, 2 ], [ 8, 3 ], [ 8, 4 ], [ 9, 1 ], [ 9, 2 ], [ 10, 1 ], [ 10, 2 ], [ 10, 3 ], [ 10, 4 ], [ 11, 1 ], [ 11, 2 ], [ 12, 1 ], [ 12, 2 ], [ 12, 3 ], [ 12, 4 ], [ 12, 5 ], [ 12, 6 ], [ 13, 1 ], [ 13, 2 ], [ 13, 3 ], [ 13, 4 ], [ 14, 1 ], [ 14, 2 ], [ 15, 1 ], [ 15, 2 ], [ 16, 1 ], [ 16, 2 ], [ 17, 1 ], [ 17, 2 ], [ 18, 1 ], [ 18, 2 ], [ 18, 3 ], [ 18, 4 ], [ 19, 1 ], [ 19, 2 ], [ 19, 3 ], [ 19, 4 ], [ 19, 5 ], [ 19, 6 ], [ 20, 1 ], [ 20, 2 ], [ 20, 3 ], [ 20, 4 ], [ 20, 5 ], [ 20, 6 ], [ 20, 7 ], [ 20, 8 ], [ 21, 1 ], [ 21, 2 ], [ 21, 3 ], [ 21, 4 ], [ 22, 1 ], [ 22, 2 ], [ 22, 3 ], [ 22, 4 ], [ 22, 5 ], [ 22, 6 ], [ 22, 7 ], [ 22, 8 ], [ 23, 1 ], [ 23, 2 ], [ 23, 3 ], [ 23, 4 ], [ 24, 1 ], [ 24, 2 ], [ 24, 3 ], [ 24, 4 ], [ 25, 1 ], [ 25, 2 ], [ 25, 3 ], [ 25, 4 ], [ 26, 1 ], [ 26, 2 ], [ 27, 1 ], [ 27, 2 ], [ 27, 3 ], [ 27, 4 ], [ 28, 1 ], [ 28, 2 ], [ 28, 3 ], [ 28, 4 ], [ 28, 5 ], [ 28, 6 ], [ 28, 7 ], [ 28, 8 ], [ 29, 1 ], [ 29, 2 ], [ 29, 3 ], [ 29, 4 ], [ 29, 5 ], [ 29, 6 ], [ 29, 7 ], [ 29, 8 ], [ 30, 1 ], [ 30, 2 ], [ 30, 3 ], [ 30, 4 ], [ 31, 1 ], [ 31, 2 ], [ 31, 3 ], [ 31, 4 ], [ 31, 5 ], [ 31, 6 ], [ 32, 1 ], [ 32, 2 ], [ 33, 1 ], [ 33, 2 ], [ 34, 1 ], [ 34, 2 ], [ 35, 1 ], [ 35, 2 ], [ 35, 3 ], [ 35, 4 ], [ 35, 5 ], [ 35, 6 ], [ 36, 1 ], [ 36, 2 ], [ 36, 3 ], [ 36, 4 ], [ 36, 5 ], [ 36, 6 ], [ 36, 7 ], [ 36, 8 ], [ 37, 1 ], [ 37, 2 ], [ 37, 3 ], [ 37, 4 ], [ 37, 5 ], [ 37, 6 ], [ 37, 7 ], [ 37, 8 ], [ 37, 9 ], [ 37, 10 ], [ 37, 11 ], [ 37, 12 ], [ 38, 1 ], [ 38, 2 ], [ 38, 3 ], [ 38, 4 ], [ 38, 5 ], [ 38, 6 ], [ 38, 7 ], [ 38, 8 ], [ 38, 9 ], [ 38, 10 ], [ 38, 11 ], [ 38, 12 ], [ 39, 1 ], [ 39, 2 ], [ 39, 3 ], [ 39, 4 ], [ 40, 1 ], [ 40, 2 ], [ 40, 3 ], [ 40, 4 ], [ 41, 1 ], [ 41, 2 ], [ 41, 3 ], [ 41, 4 ], [ 42, 1 ], [ 42, 2 ], [ 42, 3 ], [ 42, 4 ], [ 42, 5 ], [ 42, 6 ], [ 42, 7 ], [ 42, 8 ], [ 43, 1 ], [ 43, 2 ], [ 43, 3 ], [ 43, 4 ], [ 43, 5 ], [ 43, 6 ], [ 43, 7 ], [ 43, 8 ], [ 43, 9 ], [ 43, 10 ] ];

SMALLQUASICATONEGROUP_DATA[113]:=[ [ 1, 1 ], [ 1, 2 ] ];

SMALLQUASICATONEGROUP_DATA[114]:=[ [ 1, 1 ], [ 1, 2 ], [ 2, 1 ], [ 2, 2 ], [ 2, 3 ], [ 2, 4 ], [ 3, 1 ], [ 3, 2 ], [ 3, 3 ], [ 3, 4 ], [ 4, 1 ], [ 4, 2 ], [ 4, 3 ], [ 4, 4 ], [ 5, 1 ], [ 5, 2 ], [ 5, 3 ], [ 5, 4 ], [ 6, 1 ], [ 6, 2 ], [ 6, 3 ], [ 6, 4 ], [ 6, 5 ], [ 6, 6 ], [ 6, 7 ], [ 6, 8 ] ];

SMALLQUASICATONEGROUP_DATA[115]:=[ [ 1, 1 ], [ 1, 2 ], [ 1, 3 ], [ 1, 4 ] ];

SMALLQUASICATONEGROUP_DATA[116]:=[ [ 1, 1 ], [ 1, 2 ], [ 2, 1 ], [ 2, 2 ], [ 2, 3 ], [ 2, 4 ], [ 3, 1 ], [ 3, 2 ], [ 4, 1 ], [ 4, 2 ], [ 4, 3 ], [ 4, 4 ], [ 5, 1 ], [ 5, 2 ], [ 5, 3 ], [ 5, 4 ], [ 5, 5 ], [ 5, 6 ] ];

SMALLQUASICATONEGROUP_DATA[117]:=[ [ 1, 1 ], [ 1, 2 ], [ 2, 1 ], [ 2, 2 ], [ 2, 3 ], [ 2, 4 ], [ 3, 1 ], [ 3, 2 ], [ 3, 3 ], [ 3, 4 ], [ 4, 1 ], [ 4, 2 ], [ 4, 3 ], [ 4, 4 ], [ 4, 5 ], [ 4, 6 ] ];

SMALLQUASICATONEGROUP_DATA[118]:=[ [ 1, 1 ], [ 1, 2 ], [ 2, 1 ], [ 2, 2 ], [ 2, 3 ], [ 2, 4 ] ];

SMALLQUASICATONEGROUP_DATA[119]:=[ [ 1, 1 ], [ 1, 2 ], [ 1, 3 ], [ 1, 4 ] ];

SMALLQUASICATONEGROUP_DATA[120]:=[ [ 1, 1 ], [ 1, 2 ], [ 1, 3 ], [ 1, 4 ], [ 2, 1 ], [ 2, 2 ], [ 2, 3 ], [ 2, 4 ], [ 3, 1 ], [ 3, 2 ], [ 3, 3 ], [ 3, 4 ], [ 4, 1 ], [ 4, 2 ], [ 4, 3 ], [ 4, 4 ], [ 4, 5 ], [ 4, 6 ], [ 4, 7 ], [ 4, 8 ], [ 5, 1 ], [ 6, 1 ], [ 6, 2 ], [ 6, 3 ], [ 6, 4 ], [ 7, 1 ], [ 7, 2 ], [ 7, 3 ], [ 7, 4 ], [ 8, 1 ], [ 8, 2 ], [ 8, 3 ], [ 8, 4 ], [ 9, 1 ], [ 9, 2 ], [ 9, 3 ], [ 9, 4 ], [ 10, 1 ], [ 10, 2 ], [ 10, 3 ], [ 10, 4 ], [ 11, 1 ], [ 11, 2 ], [ 11, 3 ], [ 11, 4 ], [ 12, 1 ], [ 12, 2 ], [ 12, 3 ], [ 12, 4 ], [ 13, 1 ], [ 13, 2 ], [ 13, 3 ], [ 13, 4 ], [ 14, 1 ], [ 14, 2 ], [ 14, 3 ], [ 14, 4 ], [ 15, 1 ], [ 15, 2 ], [ 16, 1 ], [ 16, 2 ], [ 16, 3 ], [ 16, 4 ], [ 17, 1 ], [ 17, 2 ], [ 17, 3 ], [ 17, 4 ], [ 17, 5 ], [ 17, 6 ], [ 17, 7 ], [ 17, 8 ], [ 18, 1 ], [ 18, 2 ], [ 18, 3 ], [ 18, 4 ], [ 18, 5 ], [ 18, 6 ], [ 18, 7 ], [ 18, 8 ], [ 19, 1 ], [ 19, 2 ], [ 19, 3 ], [ 19, 4 ], [ 19, 5 ], [ 19, 6 ], [ 19, 7 ], [ 19, 8 ], [ 20, 1 ], [ 20, 2 ], [ 20, 3 ], [ 20, 4 ], [ 20, 5 ], [ 20, 6 ], [ 20, 7 ], [ 20, 8 ], [ 21, 1 ], [ 21, 2 ], [ 21, 3 ], [ 21, 4 ], [ 22, 1 ], [ 22, 2 ], [ 22, 3 ], [ 22, 4 ], [ 22, 5 ], [ 22, 6 ], [ 22, 7 ], [ 22, 8 ], [ 23, 1 ], [ 23, 2 ], [ 23, 3 ], [ 23, 4 ], [ 23, 5 ], [ 23, 6 ], [ 23, 7 ], [ 23, 8 ], [ 24, 1 ], [ 24, 2 ], [ 24, 3 ], [ 24, 4 ], [ 24, 5 ], [ 24, 6 ], [ 24, 7 ], [ 24, 8 ], [ 25, 1 ], [ 25, 2 ], [ 25, 3 ], [ 25, 4 ], [ 25, 5 ], [ 25, 6 ], [ 25, 7 ], [ 25, 8 ], [ 26, 1 ], [ 26, 2 ], [ 26, 3 ], [ 26, 4 ], [ 27, 1 ], [ 27, 2 ], [ 27, 3 ], [ 27, 4 ], [ 27, 5 ], [ 27, 6 ], [ 27, 7 ], [ 27, 8 ], [ 28, 1 ], [ 28, 2 ], [ 28, 3 ], [ 28, 4 ], [ 28, 5 ], [ 28, 6 ], [ 28, 7 ], [ 28, 8 ], [ 29, 1 ], [ 29, 2 ], [ 29, 3 ], [ 29, 4 ], [ 29, 5 ], [ 29, 6 ], [ 29, 7 ], [ 29, 8 ], [ 30, 1 ], [ 30, 2 ], [ 30, 3 ], [ 30, 4 ], [ 30, 5 ], [ 30, 6 ], [ 30, 7 ], [ 30, 8 ], [ 31, 1 ], [ 31, 2 ], [ 31, 3 ], [ 31, 4 ], [ 31, 5 ], [ 31, 6 ], [ 31, 7 ], [ 31, 8 ], [ 31, 9 ], [ 31, 10 ], [ 31, 11 ], [ 31, 12 ], [ 31, 13 ], [ 31, 14 ], [ 31, 15 ], [ 31, 16 ], [ 32, 1 ], [ 32, 2 ], [ 32, 3 ], [ 32, 4 ], [ 32, 5 ], [ 32, 6 ], [ 32, 7 ], [ 32, 8 ], [ 32, 9 ], [ 32, 10 ], [ 32, 11 ], [ 32, 12 ], [ 33, 1 ], [ 33, 2 ], [ 33, 3 ], [ 33, 4 ], [ 34, 1 ], [ 35, 1 ], [ 35, 2 ], [ 36, 1 ], [ 36, 2 ], [ 36, 3 ], [ 36, 4 ], [ 37, 1 ], [ 37, 2 ], [ 37, 3 ], [ 37, 4 ], [ 38, 1 ], [ 38, 2 ], [ 38, 3 ], [ 38, 4 ], [ 39, 1 ], [ 39, 2 ], [ 39, 3 ], [ 39, 4 ], [ 40, 1 ], [ 40, 2 ], [ 40, 3 ], [ 40, 4 ], [ 40, 5 ], [ 40, 6 ], [ 40, 7 ], [ 40, 8 ], [ 41, 1 ], [ 41, 2 ], [ 41, 3 ], [ 41, 4 ], [ 41, 5 ], [ 41, 6 ], [ 41, 7 ], [ 41, 8 ], [ 42, 1 ], [ 42, 2 ], [ 42, 3 ], [ 42, 4 ], [ 42, 5 ], [ 42, 6 ], [ 42, 7 ], [ 42, 8 ], [ 43, 1 ], [ 43, 2 ], [ 43, 3 ], [ 43, 4 ], [ 43, 5 ], [ 43, 6 ], [ 43, 7 ], [ 43, 8 ], [ 44, 1 ], [ 44, 2 ], [ 44, 3 ], [ 44, 4 ], [ 44, 5 ], [ 44, 6 ], [ 44, 7 ], [ 44, 8 ], [ 44, 9 ], [ 44, 10 ], [ 44, 11 ], [ 44, 12 ], [ 45, 1 ], [ 45, 2 ], [ 45, 3 ], [ 45, 4 ], [ 45, 5 ], [ 45, 6 ], [ 45, 7 ], [ 45, 8 ], [ 45, 9 ], [ 45, 10 ], [ 45, 11 ], [ 45, 12 ], [ 46, 1 ], [ 46, 2 ], [ 46, 3 ], [ 46, 4 ], [ 46, 5 ], [ 46, 6 ], [ 46, 7 ], [ 46, 8 ], [ 46, 9 ], [ 46, 10 ], [ 46, 11 ], [ 46, 12 ], [ 47, 1 ], [ 47, 2 ], [ 47, 3 ], [ 47, 4 ], [ 47, 5 ], [ 47, 6 ], [ 47, 7 ], [ 47, 8 ], [ 47, 9 ], [ 47, 10 ], [ 47, 11 ], [ 47, 12 ], [ 47, 13 ], [ 47, 14 ], [ 47, 15 ], [ 47, 16 ] ];

SMALLQUASICATONEGROUP_DATA[121]:=[ [ 1, 1 ], [ 1, 2 ], [ 2, 1 ], [ 2, 2 ], [ 2, 3 ] ];

SMALLQUASICATONEGROUP_DATA[122]:=[ [ 1, 1 ], [ 1, 2 ], [ 2, 1 ], [ 2, 2 ], [ 2, 3 ], [ 2, 4 ] ];

SMALLQUASICATONEGROUP_DATA[123]:=[ [ 1, 1 ], [ 1, 2 ], [ 1, 3 ], [ 1, 4 ] ];

SMALLQUASICATONEGROUP_DATA[124]:=[ [ 1, 1 ], [ 1, 2 ], [ 2, 1 ], [ 2, 2 ], [ 2, 3 ], [ 2, 4 ], [ 3, 1 ], [ 3, 2 ], [ 3, 3 ], [ 3, 4 ], [ 4, 1 ], [ 4, 2 ], [ 4, 3 ], [ 4, 4 ], [ 4, 5 ], [ 4, 6 ] ];

SMALLQUASICATONEGROUP_DATA[125]:=[ [ 1, 1 ], [ 1, 2 ], [ 2, 1 ], [ 2, 2 ], [ 2, 3 ], [ 2, 4 ], [ 3, 1 ], [ 3, 2 ], [ 4, 1 ], [ 4, 2 ], [ 5, 1 ], [ 5, 2 ], [ 5, 3 ], [ 5, 4 ] ];

SMALLQUASICATONEGROUP_DATA[126]:=[ [ 1, 1 ], [ 1, 2 ], [ 2, 1 ], [ 2, 2 ], [ 2, 3 ], [ 2, 4 ], [ 3, 1 ], [ 3, 2 ], [ 3, 3 ], [ 3, 4 ], [ 4, 1 ], [ 4, 2 ], [ 4, 3 ], [ 4, 4 ], [ 5, 1 ], [ 5, 2 ], [ 5, 3 ], [ 5, 4 ], [ 6, 1 ], [ 6, 2 ], [ 6, 3 ], [ 6, 4 ], [ 6, 5 ], [ 6, 6 ], [ 6, 7 ], [ 6, 8 ], [ 7, 1 ], [ 7, 2 ], [ 7, 3 ], [ 7, 4 ], [ 8, 1 ], [ 8, 2 ], [ 8, 3 ], [ 8, 4 ], [ 9, 1 ], [ 9, 2 ], [ 9, 3 ], [ 9, 4 ], [ 10, 1 ], [ 10, 2 ], [ 10, 3 ], [ 10, 4 ], [ 10, 5 ], [ 10, 6 ], [ 10, 7 ], [ 10, 8 ], [ 11, 1 ], [ 11, 2 ], [ 11, 3 ], [ 11, 4 ], [ 11, 5 ], [ 11, 6 ], [ 12, 1 ], [ 12, 2 ], [ 12, 3 ], [ 12, 4 ], [ 12, 5 ], [ 12, 6 ], [ 12, 7 ], [ 12, 8 ], [ 13, 1 ], [ 13, 2 ], [ 13, 3 ], [ 13, 4 ], [ 13, 5 ], [ 13, 6 ], [ 13, 7 ], [ 13, 8 ], [ 14, 1 ], [ 14, 2 ], [ 14, 3 ], [ 14, 4 ], [ 14, 5 ], [ 14, 6 ], [ 15, 1 ], [ 15, 2 ], [ 15, 3 ], [ 15, 4 ], [ 15, 5 ], [ 15, 6 ], [ 16, 1 ], [ 16, 2 ], [ 16, 3 ], [ 16, 4 ], [ 16, 5 ], [ 16, 6 ], [ 16, 7 ], [ 16, 8 ], [ 16, 9 ], [ 16, 10 ], [ 16, 11 ], [ 16, 12 ] ];

SMALLQUASICATONEGROUP_DATA[127]:=[ [ 1, 1 ], [ 1, 2 ] ];


##################################################
##################################################

IDQUASICATONEGROUP_DATA[1]:=[ [ [ 1, 1 ] ] ];

IDQUASICATONEGROUP_DATA[2]:=[ [ [ 2, 1 ], [ 2, 2 ] ] ];

IDQUASICATONEGROUP_DATA[3]:=[ [ [ 3, 1 ], [ 3, 2 ] ] ];

IDQUASICATONEGROUP_DATA[4]:=[ [ [ 4, 1 ], [ 4, 2 ] ], [ [ 4, 3 ], [ 4, 4 ], [ 4, 5 ], [ 1, 1 ] ] ];

IDQUASICATONEGROUP_DATA[5]:=[ [ [ 5, 1 ], [ 5, 2 ] ] ];

IDQUASICATONEGROUP_DATA[6]:=[ [ [ 6, 1 ], [ 6, 2 ] ], [ [ 6, 3 ], [ 6, 4 ], [ 6, 5 ], [ 6, 6 ] ] ];

IDQUASICATONEGROUP_DATA[7]:=[ [ [ 7, 1 ], [ 7, 2 ] ] ];

IDQUASICATONEGROUP_DATA[8]:=[ [ [ 8, 1 ], [ 8, 2 ] ], [ [ 8, 3 ], [ 8, 4 ], [ 8, 5 ], [ 8, 6 ], [ 2, 1 ], [ 2, 2 ] ], [ [ 8, 7 ], [ 8, 8 ], [ 8, 9 ] ], [ [ 8, 10 ] ], [ [ 8, 11 ], [ 8, 12 ], [ 8, 13 ], [ 8, 14 ], [ 2, 1 ], [ 2, 2 ] ] ];

IDQUASICATONEGROUP_DATA[9]:=[ [ [ 9, 1 ], [ 9, 2 ] ], [ [ 9, 3 ], [ 9, 4 ], [ 9, 5 ], [ 1, 1 ] ] ];

IDQUASICATONEGROUP_DATA[10]:=[ [ [ 10, 1 ], [ 10, 2 ] ], [ [ 10, 3 ], [ 10, 4 ], [ 10, 5 ], [ 10, 6 ] ] ];

IDQUASICATONEGROUP_DATA[11]:=[ [ [ 11, 1 ], [ 11, 2 ] ] ];

IDQUASICATONEGROUP_DATA[12]:=[ [ [ 12, 1 ], [ 12, 2 ] ], [ [ 12, 3 ], [ 12, 4 ], [ 12, 5 ], [ 12, 6 ] ], [ [ 12, 7 ], [ 12, 8 ] ], [ [ 12, 9 ], [ 12, 10 ], [ 12, 11 ], [ 12, 12 ] ], [ [ 12, 13 ], [ 12, 14 ], [ 12, 15 ], [ 12, 16 ], [ 12, 17 ], [ 12, 18 ], [ 3, 1 ], [ 3, 2 ] ] ];

IDQUASICATONEGROUP_DATA[13]:=[ [ [ 13, 1 ], [ 13, 2 ] ] ];

IDQUASICATONEGROUP_DATA[14]:=[ [ [ 14, 1 ], [ 14, 2 ] ], [ [ 14, 3 ], [ 14, 4 ], [ 14, 5 ], [ 14, 6 ] ] ];

IDQUASICATONEGROUP_DATA[15]:=[ [ [ 15, 1 ], [ 15, 2 ], [ 15, 3 ], [ 15, 4 ] ] ];

IDQUASICATONEGROUP_DATA[16]:=[ [ [ 16, 1 ], [ 16, 2 ] ], [ [ 16, 3 ], [ 16, 4 ], [ 16, 5 ], [ 4, 4 ], [ 1, 1 ] ], [ [ 16, 6 ], [ 16, 7 ], [ 16, 8 ], [ 16, 9 ] ], [ [ 16, 10 ], [ 16, 11 ], [ 16, 9 ] ], [ [ 16, 12 ], [ 16, 13 ], [ 16, 14 ], [ 16, 15 ], [ 4, 1 ], [ 4, 2 ] ], [ [ 16, 16 ], [ 16, 17 ] ], [ [ 16, 18 ], [ 16, 19 ] ], [ [ 16, 20 ], [ 16, 21 ] ], [ [ 16, 22 ] ], [ [ 16, 23 ], [ 16, 24 ], [ 16, 25 ], [ 16, 26 ], [ 16, 27 ], [ 16, 28 ], [ 4, 3 ], [ 4, 1 ], [ 4, 4 ], [ 4, 4 ], [ 4, 2 ], [ 4, 5 ] ], [ [ 16, 29 ], [ 16, 30 ], [ 16, 31 ], [ 16, 32 ], [ 16, 33 ], [ 16, 34 ], [ 4, 3 ], [ 4, 4 ], [ 4, 4 ] ], [ [ 16, 35 ], [ 16, 36 ], [ 4, 3 ] ], [ [ 16, 37 ], [ 16, 38 ] ], [ [ 16, 39 ], [ 16, 40 ], [ 16, 41 ], [ 16, 42 ], [ 16, 43 ], [ 4, 3 ], [ 4, 4 ], [ 1, 1 ], [ 4, 5 ] ] ];

IDQUASICATONEGROUP_DATA[17]:=[ [ [ 17, 1 ], [ 17, 2 ] ] ];

IDQUASICATONEGROUP_DATA[18]:=[ [ [ 18, 1 ], [ 18, 2 ] ], [ [ 18, 3 ], [ 18, 4 ], [ 18, 5 ], [ 18, 6 ] ], [ [ 18, 7 ], [ 18, 8 ], [ 18, 9 ], [ 18, 10 ] ], [ [ 18, 11 ], [ 18, 12 ], [ 18, 13 ], [ 2, 1 ] ], [ [ 18, 14 ], [ 18, 15 ], [ 18, 16 ], [ 18, 17 ], [ 18, 18 ], [ 18, 19 ], [ 2, 1 ], [ 2, 2 ] ] ];

IDQUASICATONEGROUP_DATA[19]:=[ [ [ 19, 1 ], [ 19, 2 ] ] ];

IDQUASICATONEGROUP_DATA[20]:=[ [ [ 20, 1 ], [ 20, 2 ] ], [ [ 20, 3 ], [ 20, 4 ], [ 20, 5 ], [ 20, 6 ] ], [ [ 20, 7 ], [ 20, 8 ] ], [ [ 20, 9 ], [ 20, 10 ], [ 20, 11 ], [ 20, 12 ] ], [ [ 20, 13 ], [ 20, 14 ], [ 20, 15 ], [ 20, 16 ], [ 20, 17 ], [ 20, 18 ], [ 5, 1 ], [ 5, 2 ] ] ];

IDQUASICATONEGROUP_DATA[21]:=[ [ [ 21, 1 ], [ 21, 2 ] ], [ [ 21, 3 ], [ 21, 4 ], [ 21, 5 ], [ 21, 6 ] ] ];

IDQUASICATONEGROUP_DATA[22]:=[ [ [ 22, 1 ], [ 22, 2 ] ], [ [ 22, 3 ], [ 22, 4 ], [ 22, 5 ], [ 22, 6 ] ] ];

IDQUASICATONEGROUP_DATA[23]:=[ [ [ 23, 1 ], [ 23, 2 ] ] ];

IDQUASICATONEGROUP_DATA[24]:=[ [ [ 24, 1 ], [ 24, 2 ] ], [ [ 24, 3 ], [ 24, 4 ], [ 24, 5 ], [ 24, 6 ] ], [ [ 24, 7 ] ], [ [ 24, 8 ], [ 24, 9 ] ], [ [ 24, 10 ], [ 24, 11 ], [ 24, 12 ], [ 24, 13 ] ], [ [ 24, 14 ], [ 24, 15 ], [ 24, 16 ], [ 24, 17 ] ], [ [ 24, 18 ], [ 24, 19 ], [ 24, 20 ], [ 24, 21 ], [ 6, 1 ], [ 6, 2 ] ], [ [ 24, 22 ], [ 24, 23 ], [ 24, 24 ], [ 24, 25 ] ], [ [ 24, 26 ], [ 24, 27 ], [ 24, 28 ], [ 24, 29 ], [ 24, 30 ], [ 24, 31 ], [ 24, 32 ], [ 24, 33 ], [ 6, 3 ], [ 6, 4 ], [ 6, 5 ], [ 6, 6 ] ], [ [ 24, 34 ], [ 24, 35 ], [ 24, 36 ], [ 24, 37 ], [ 24, 38 ], [ 24, 39 ] ], [ [ 24, 40 ], [ 24, 41 ] ], [ [ 24, 42 ], [ 24, 43 ] ], [ [ 24, 44 ], [ 24, 45 ], [ 24, 46 ], [ 24, 47 ] ], [ [ 24, 48 ], [ 24, 49 ], [ 24, 50 ], [ 24, 51 ], [ 24, 52 ], [ 24, 53 ], [ 6, 1 ], [ 6, 2 ] ], [ [ 24, 54 ], [ 24, 55 ], [ 24, 56 ], [ 24, 57 ], [ 24, 58 ], [ 24, 59 ], [ 24, 60 ], [ 24, 61 ], [ 6, 3 ], [ 6, 4 ], [ 6, 5 ], [ 6, 6 ] ] ];

IDQUASICATONEGROUP_DATA[25]:=[ [ [ 25, 1 ], [ 25, 2 ] ], [ [ 25, 3 ], [ 25, 4 ], [ 25, 5 ], [ 1, 1 ] ] ];

IDQUASICATONEGROUP_DATA[26]:=[ [ [ 26, 1 ], [ 26, 2 ] ], [ [ 26, 3 ], [ 26, 4 ], [ 26, 5 ], [ 26, 6 ] ] ];

IDQUASICATONEGROUP_DATA[27]:=[ [ [ 27, 1 ], [ 27, 2 ] ], [ [ 27, 3 ], [ 27, 4 ], [ 27, 5 ], [ 27, 6 ], [ 3, 1 ], [ 3, 2 ] ], [ [ 27, 7 ], [ 27, 8 ] ], [ [ 27, 9 ], [ 27, 10 ] ], [ [ 27, 11 ], [ 27, 12 ], [ 27, 13 ], [ 27, 14 ], [ 3, 1 ], [ 3, 2 ] ] ];

IDQUASICATONEGROUP_DATA[28]:=[ [ [ 28, 1 ], [ 28, 2 ] ], [ [ 28, 3 ], [ 28, 4 ], [ 28, 5 ], [ 28, 6 ] ], [ [ 28, 7 ], [ 28, 8 ], [ 28, 9 ], [ 28, 10 ] ], [ [ 28, 11 ], [ 28, 12 ], [ 28, 13 ], [ 28, 14 ], [ 28, 15 ], [ 28, 16 ], [ 7, 1 ], [ 7, 2 ] ] ];

IDQUASICATONEGROUP_DATA[29]:=[ [ [ 29, 1 ], [ 29, 2 ] ] ];

IDQUASICATONEGROUP_DATA[30]:=[ [ [ 30, 1 ], [ 30, 2 ], [ 30, 3 ], [ 30, 4 ] ], [ [ 30, 5 ], [ 30, 6 ], [ 30, 7 ], [ 30, 8 ] ], [ [ 30, 9 ], [ 30, 10 ], [ 30, 11 ], [ 30, 12 ] ], [ [ 30, 13 ], [ 30, 14 ], [ 30, 15 ], [ 30, 16 ], [ 30, 17 ], [ 30, 18 ], [ 30, 19 ], [ 30, 20 ] ] ];

IDQUASICATONEGROUP_DATA[31]:=[ [ [ 31, 1 ], [ 31, 2 ] ] ];

IDQUASICATONEGROUP_DATA[32]:=[ ];

IDQUASICATONEGROUP_DATA[33]:=[ [ [ 33, 1 ], [ 33, 2 ], [ 33, 3 ], [ 33, 4 ] ] ];

IDQUASICATONEGROUP_DATA[34]:=[ [ [ 34, 1 ], [ 34, 2 ] ], [ [ 34, 3 ], [ 34, 4 ], [ 34, 5 ], [ 34, 6 ] ] ];

IDQUASICATONEGROUP_DATA[35]:=[ [ [ 35, 1 ], [ 35, 2 ], [ 35, 3 ], [ 35, 4 ] ] ];

IDQUASICATONEGROUP_DATA[36]:=[ [ [ 36, 1 ], [ 36, 2 ] ], [ [ 36, 3 ], [ 36, 4 ], [ 36, 5 ], [ 36, 6 ] ], [ [ 36, 7 ], [ 36, 8 ] ], [ [ 36, 9 ], [ 36, 10 ], [ 36, 11 ], [ 36, 12 ] ], [ [ 36, 13 ], [ 36, 14 ], [ 36, 15 ], [ 36, 16 ], [ 36, 17 ], [ 36, 18 ], [ 9, 1 ], [ 9, 2 ] ], [ [ 36, 19 ], [ 36, 20 ], [ 36, 21 ], [ 36, 22 ] ], [ [ 36, 23 ], [ 36, 24 ], [ 36, 25 ], [ 4, 1 ] ], [ [ 36, 26 ], [ 36, 27 ], [ 36, 28 ], [ 36, 29 ], [ 36, 30 ], [ 36, 31 ], [ 4, 1 ], [ 4, 2 ] ], [ [ 36, 32 ], [ 36, 33 ] ], [ [ 36, 34 ], [ 36, 35 ], [ 36, 36 ], [ 1, 1 ] ], [ [ 36, 37 ], [ 36, 38 ], [ 36, 39 ], [ 36, 40 ] ], [ [ 36, 41 ], [ 36, 42 ], [ 36, 43 ], [ 36, 44 ], [ 36, 45 ], [ 36, 46 ], [ 36, 47 ], [ 36, 48 ] ], [ [ 36, 49 ], [ 36, 50 ], [ 36, 51 ], [ 36, 52 ], [ 36, 53 ], [ 36, 54 ], [ 4, 3 ], [ 4, 4 ] ], [ [ 36, 55 ], [ 36, 56 ], [ 36, 57 ], [ 36, 58 ], [ 36, 59 ], [ 36, 60 ], [ 36, 61 ], [ 36, 62 ], [ 36, 63 ], [ 9, 3 ], [ 4, 3 ], [ 9, 4 ], [ 4, 4 ], [ 1, 1 ], [ 4, 5 ], [ 9, 5 ] ] ];

IDQUASICATONEGROUP_DATA[37]:=[ [ [ 37, 1 ], [ 37, 2 ] ] ];

IDQUASICATONEGROUP_DATA[38]:=[ [ [ 38, 1 ], [ 38, 2 ] ], [ [ 38, 3 ], [ 38, 4 ], [ 38, 5 ], [ 38, 6 ] ] ];

IDQUASICATONEGROUP_DATA[39]:=[ [ [ 39, 1 ], [ 39, 2 ] ], [ [ 39, 3 ], [ 39, 4 ], [ 39, 5 ], [ 39, 6 ] ] ];

IDQUASICATONEGROUP_DATA[40]:=[ [ [ 40, 1 ], [ 40, 2 ] ], [ [ 40, 3 ], [ 40, 4 ], [ 40, 5 ], [ 40, 6 ] ], [ [ 40, 7 ], [ 40, 8 ] ], [ [ 40, 9 ], [ 40, 10 ] ], [ [ 40, 11 ], [ 40, 12 ], [ 40, 13 ], [ 40, 14 ] ], [ [ 40, 15 ], [ 40, 16 ], [ 40, 17 ], [ 40, 18 ] ], [ [ 40, 19 ], [ 40, 20 ], [ 40, 21 ], [ 40, 22 ], [ 10, 1 ], [ 10, 2 ] ], [ [ 40, 23 ], [ 40, 24 ], [ 40, 25 ], [ 40, 26 ] ], [ [ 40, 27 ], [ 40, 28 ], [ 40, 29 ], [ 40, 30 ], [ 40, 31 ], [ 40, 32 ], [ 40, 33 ], [ 40, 34 ], [ 10, 3 ], [ 10, 4 ], [ 10, 5 ], [ 10, 6 ] ], [ [ 40, 35 ], [ 40, 36 ], [ 40, 37 ], [ 40, 38 ], [ 40, 39 ], [ 40, 40 ] ], [ [ 40, 41 ], [ 40, 42 ] ], [ [ 40, 43 ], [ 40, 44 ], [ 40, 45 ], [ 40, 46 ] ], [ [ 40, 47 ], [ 40, 48 ], [ 40, 49 ], [ 40, 50 ], [ 40, 51 ], [ 40, 52 ], [ 10, 1 ], [ 10, 2 ] ], [ [ 40, 53 ], [ 40, 54 ], [ 40, 55 ], [ 40, 56 ], [ 40, 57 ], [ 40, 58 ], [ 40, 59 ], [ 40, 60 ], [ 10, 3 ], [ 10, 4 ], [ 10, 5 ], [ 10, 6 ] ] ];

IDQUASICATONEGROUP_DATA[41]:=[ [ [ 41, 1 ], [ 41, 2 ] ] ];

IDQUASICATONEGROUP_DATA[42]:=[ [ [ 42, 1 ], [ 42, 2 ] ], [ [ 42, 3 ], [ 42, 4 ], [ 42, 5 ], [ 42, 6 ] ], [ [ 42, 7 ], [ 42, 8 ], [ 42, 9 ], [ 42, 10 ] ], [ [ 42, 11 ], [ 42, 12 ], [ 42, 13 ], [ 42, 14 ] ], [ [ 42, 15 ], [ 42, 16 ], [ 42, 17 ], [ 42, 18 ] ], [ [ 42, 19 ], [ 42, 20 ], [ 42, 21 ], [ 42, 22 ], [ 42, 23 ], [ 42, 24 ], [ 42, 25 ], [ 42, 26 ] ] ];

IDQUASICATONEGROUP_DATA[43]:=[ [ [ 43, 1 ], [ 43, 2 ] ] ];

IDQUASICATONEGROUP_DATA[44]:=[ [ [ 44, 1 ], [ 44, 2 ] ], [ [ 44, 3 ], [ 44, 4 ], [ 44, 5 ], [ 44, 6 ] ], [ [ 44, 7 ], [ 44, 8 ], [ 44, 9 ], [ 44, 10 ] ], [ [ 44, 11 ], [ 44, 12 ], [ 44, 13 ], [ 44, 14 ], [ 44, 15 ], [ 44, 16 ], [ 11, 1 ], [ 11, 2 ] ] ];

IDQUASICATONEGROUP_DATA[45]:=[ [ [ 45, 1 ], [ 45, 2 ], [ 45, 3 ], [ 45, 4 ] ], [ [ 45, 5 ], [ 45, 6 ], [ 45, 7 ], [ 45, 8 ], [ 45, 9 ], [ 45, 10 ], [ 5, 1 ], [ 5, 2 ] ] ];

IDQUASICATONEGROUP_DATA[46]:=[ [ [ 46, 1 ], [ 46, 2 ] ], [ [ 46, 3 ], [ 46, 4 ], [ 46, 5 ], [ 46, 6 ] ] ];

IDQUASICATONEGROUP_DATA[47]:=[ [ [ 47, 1 ], [ 47, 2 ] ] ];

IDQUASICATONEGROUP_DATA[48]:=[ [ [ 48, 1 ], [ 48, 2 ] ], [ [ 48, 3 ], [ 48, 4 ], [ 48, 5 ], [ 48, 6 ] ], [ [ 48, 7 ], [ 48, 8 ] ], [ [ 48, 9 ], [ 48, 10 ], [ 48, 11 ], [ 48, 12 ] ], [ [ 48, 13 ], [ 48, 14 ], [ 48, 15 ], [ 48, 16 ] ], [ [ 48, 17 ], [ 48, 18 ], [ 48, 19 ], [ 48, 20 ] ], [ [ 48, 21 ], [ 48, 22 ], [ 48, 23 ], [ 48, 24 ] ], [ [ 48, 25 ], [ 48, 26 ] ], [ [ 48, 27 ], [ 48, 28 ], [ 48, 29 ], [ 48, 30 ], [ 12, 1 ], [ 12, 2 ] ], [ [ 48, 31 ], [ 48, 32 ] ], [ [ 48, 33 ], [ 48, 34 ], [ 48, 35 ], [ 48, 36 ], [ 12, 10 ], [ 12, 12 ] ], [ [ 48, 37 ], [ 48, 38 ] ], [ [ 48, 39 ], [ 48, 40 ], [ 48, 41 ], [ 48, 42 ], [ 48, 43 ], [ 48, 44 ] ], [ [ 48, 45 ], [ 48, 46 ], [ 48, 47 ], [ 48, 48 ] ], [ [ 48, 49 ], [ 48, 50 ] ], [ [ 48, 51 ], [ 48, 52 ] ], [ [ 48, 53 ], [ 48, 54 ] ], [ [ 48, 55 ], [ 48, 56 ] ], [ [ 48, 57 ], [ 48, 58 ], [ 48, 59 ], [ 48, 60 ], [ 48, 43 ], [ 48, 44 ] ], [ [ 48, 61 ], [ 48, 62 ], [ 48, 63 ], [ 48, 64 ], [ 48, 65 ], [ 48, 66 ], [ 12, 14 ], [ 3, 1 ], [ 12, 17 ], [ 3, 2 ] ], [ [ 48, 67 ], [ 48, 68 ], [ 48, 69 ], [ 48, 70 ], [ 48, 71 ], [ 48, 72 ], [ 48, 73 ], [ 48, 74 ] ], [ [ 48, 75 ], [ 48, 76 ], [ 48, 77 ], [ 48, 78 ], [ 48, 73 ], [ 48, 74 ] ], [ [ 48, 79 ], [ 48, 80 ], [ 48, 81 ], [ 48, 82 ], [ 48, 83 ], [ 48, 84 ], [ 48, 85 ], [ 48, 86 ], [ 12, 3 ], [ 12, 4 ], [ 12, 5 ], [ 12, 6 ] ], [ [ 48, 87 ], [ 48, 88 ], [ 48, 89 ], [ 48, 90 ] ], [ [ 48, 91 ], [ 48, 92 ], [ 48, 93 ], [ 48, 94 ] ], [ [ 48, 95 ], [ 48, 96 ], [ 48, 97 ], [ 48, 98 ] ], [ [ 48, 99 ], [ 48, 100 ] ], [ [ 48, 101 ] ], [ [ 48, 102 ] ], [ [ 48, 103 ], [ 48, 104 ] ], [ [ 48, 105 ], [ 48, 106 ], [ 48, 107 ], [ 48, 108 ] ], [ [ 48, 109 ], [ 48, 110 ], [ 12, 7 ] ], [ [ 48, 111 ] ], [ [ 48, 112 ], [ 48, 113 ], [ 48, 114 ], [ 48, 115 ], [ 12, 9 ], [ 12, 11 ] ], [ [ 48, 116 ], [ 48, 117 ], [ 48, 118 ], [ 48, 119 ], [ 48, 120 ], [ 48, 121 ], [ 48, 122 ], [ 48, 123 ], [ 12, 9 ], [ 12, 10 ], [ 12, 11 ], [ 12, 12 ] ], [ [ 48, 124 ], [ 48, 125 ], [ 48, 126 ], [ 48, 127 ], [ 48, 128 ], [ 48, 129 ], [ 48, 130 ], [ 48, 131 ], [ 12, 9 ], [ 12, 10 ], [ 12, 11 ], [ 12, 12 ] ], [ [ 48, 132 ], [ 48, 133 ], [ 48, 134 ], [ 48, 135 ] ], [ [ 48, 136 ], [ 48, 137 ], [ 48, 138 ], [ 48, 139 ], [ 48, 140 ], [ 48, 141 ] ], [ [ 48, 142 ], [ 48, 143 ] ], [ [ 48, 144 ], [ 48, 145 ] ], [ [ 48, 146 ], [ 48, 147 ] ], [ [ 48, 148 ], [ 48, 149 ], [ 48, 150 ], [ 48, 151 ], [ 48, 152 ], [ 48, 153 ], [ 12, 9 ], [ 12, 1 ], [ 12, 10 ], [ 12, 11 ], [ 12, 2 ], [ 12, 12 ] ], [ [ 48, 154 ], [ 48, 155 ], [ 48, 156 ], [ 48, 157 ], [ 48, 158 ], [ 48, 159 ], [ 48, 160 ], [ 48, 161 ], [ 12, 9 ], [ 12, 10 ], [ 12, 11 ], [ 12, 12 ] ], [ [ 48, 162 ], [ 48, 163 ], [ 48, 164 ], [ 48, 165 ], [ 48, 166 ], [ 48, 167 ], [ 48, 168 ], [ 48, 169 ], [ 48, 170 ], [ 48, 171 ], [ 48, 172 ], [ 48, 173 ], [ 12, 13 ], [ 12, 3 ], [ 12, 14 ], [ 12, 14 ], [ 12, 15 ], [ 12, 4 ], [ 12, 5 ], [ 12, 16 ], [ 12, 17 ], [ 12, 17 ], [ 12, 6 ], [ 12, 18 ] ], [ [ 48, 174 ], [ 48, 175 ], [ 48, 176 ], [ 48, 177 ], [ 48, 178 ], [ 48, 179 ], [ 48, 180 ], [ 48, 181 ], [ 48, 182 ], [ 48, 183 ], [ 48, 184 ], [ 48, 185 ], [ 12, 13 ], [ 12, 14 ], [ 12, 14 ], [ 12, 15 ], [ 12, 17 ], [ 12, 17 ] ], [ [ 48, 186 ], [ 48, 187 ], [ 48, 188 ], [ 48, 189 ], [ 12, 13 ], [ 12, 15 ] ], [ [ 48, 190 ], [ 48, 191 ], [ 48, 192 ], [ 48, 193 ] ], [ [ 48, 194 ], [ 48, 195 ], [ 48, 196 ], [ 48, 197 ] ], [ [ 48, 198 ], [ 48, 199 ], [ 48, 200 ], [ 48, 201 ], [ 48, 202 ], [ 48, 203 ], [ 12, 7 ], [ 12, 8 ] ], [ [ 48, 204 ], [ 48, 205 ], [ 48, 206 ], [ 3, 1 ] ], [ [ 48, 207 ], [ 48, 208 ], [ 48, 209 ], [ 48, 210 ], [ 48, 211 ], [ 48, 212 ], [ 48, 213 ], [ 48, 214 ], [ 12, 9 ], [ 12, 10 ], [ 12, 11 ], [ 12, 12 ] ], [ [ 48, 215 ], [ 48, 216 ], [ 48, 217 ], [ 48, 218 ], [ 48, 219 ], [ 48, 220 ], [ 48, 221 ], [ 48, 222 ], [ 48, 223 ], [ 48, 224 ], [ 12, 13 ], [ 12, 14 ], [ 3, 1 ], [ 12, 15 ], [ 12, 16 ], [ 12, 17 ], [ 3, 2 ], [ 12, 18 ] ] ];

IDQUASICATONEGROUP_DATA[49]:=[ [ [ 49, 1 ], [ 49, 2 ] ], [ [ 49, 3 ], [ 49, 4 ], [ 49, 5 ], [ 1, 1 ] ] ];

IDQUASICATONEGROUP_DATA[50]:=[ [ [ 50, 1 ], [ 50, 2 ] ], [ [ 50, 3 ], [ 50, 4 ], [ 50, 5 ], [ 50, 6 ] ], [ [ 50, 7 ], [ 50, 8 ], [ 50, 9 ], [ 50, 10 ] ], [ [ 50, 11 ], [ 50, 12 ], [ 50, 13 ], [ 2, 1 ] ], [ [ 50, 14 ], [ 50, 15 ], [ 50, 16 ], [ 50, 17 ], [ 50, 18 ], [ 50, 19 ], [ 2, 1 ], [ 2, 2 ] ] ];

IDQUASICATONEGROUP_DATA[51]:=[ [ [ 51, 1 ], [ 51, 2 ], [ 51, 3 ], [ 51, 4 ] ] ];

IDQUASICATONEGROUP_DATA[52]:=[ [ [ 52, 1 ], [ 52, 2 ] ], [ [ 52, 3 ], [ 52, 4 ], [ 52, 5 ], [ 52, 6 ] ], [ [ 52, 7 ], [ 52, 8 ] ], [ [ 52, 9 ], [ 52, 10 ], [ 52, 11 ], [ 52, 12 ] ], [ [ 52, 13 ], [ 52, 14 ], [ 52, 15 ], [ 52, 16 ], [ 52, 17 ], [ 52, 18 ], [ 13, 1 ], [ 13, 2 ] ] ];

IDQUASICATONEGROUP_DATA[53]:=[ [ [ 53, 1 ], [ 53, 2 ] ] ];

IDQUASICATONEGROUP_DATA[54]:=[ [ [ 54, 1 ], [ 54, 2 ] ], [ [ 54, 3 ], [ 54, 4 ], [ 54, 5 ], [ 54, 6 ] ], [ [ 54, 7 ], [ 54, 8 ], [ 54, 9 ], [ 54, 10 ] ], [ [ 54, 11 ], [ 54, 12 ], [ 54, 13 ], [ 54, 14 ] ], [ [ 54, 15 ], [ 54, 16 ], [ 54, 17 ] ], [ [ 54, 18 ], [ 54, 19 ] ], [ [ 54, 20 ], [ 54, 21 ], [ 54, 22 ], [ 54, 23 ], [ 6, 1 ], [ 6, 2 ] ], [ [ 54, 24 ], [ 54, 25 ] ], [ [ 54, 26 ], [ 54, 27 ], [ 54, 28 ], [ 54, 29 ], [ 54, 30 ], [ 54, 31 ], [ 54, 32 ], [ 54, 33 ], [ 6, 3 ], [ 6, 4 ], [ 6, 5 ], [ 6, 6 ] ], [ [ 54, 34 ], [ 54, 35 ], [ 54, 36 ], [ 54, 37 ] ], [ [ 54, 38 ], [ 54, 39 ], [ 54, 40 ], [ 54, 41 ] ], [ [ 54, 42 ], [ 54, 43 ], [ 54, 44 ], [ 54, 45 ], [ 54, 46 ], [ 54, 47 ], [ 6, 1 ], [ 6, 2 ] ], [ [ 54, 48 ], [ 54, 49 ], [ 54, 50 ], [ 54, 51 ], [ 54, 52 ], [ 54, 53 ], [ 6, 3 ], [ 6, 5 ] ], [ [ 54, 54 ], [ 54, 55 ], [ 54, 56 ], [ 54, 57 ], [ 6, 1 ], [ 6, 2 ] ], [ [ 54, 58 ], [ 54, 59 ], [ 54, 60 ], [ 54, 61 ], [ 54, 62 ], [ 54, 63 ], [ 54, 64 ], [ 54, 65 ], [ 6, 3 ], [ 6, 4 ], [ 6, 5 ], [ 6, 6 ] ] ];

IDQUASICATONEGROUP_DATA[55]:=[ [ [ 55, 1 ], [ 55, 2 ] ], [ [ 55, 3 ], [ 55, 4 ], [ 55, 5 ], [ 55, 6 ] ] ];

IDQUASICATONEGROUP_DATA[56]:=[ [ [ 56, 1 ], [ 56, 2 ] ], [ [ 56, 3 ], [ 56, 4 ], [ 56, 5 ], [ 56, 6 ] ], [ [ 56, 7 ], [ 56, 8 ] ], [ [ 56, 9 ], [ 56, 10 ], [ 56, 11 ], [ 56, 12 ] ], [ [ 56, 13 ], [ 56, 14 ], [ 56, 15 ], [ 56, 16 ] ], [ [ 56, 17 ], [ 56, 18 ], [ 56, 19 ], [ 56, 20 ], [ 14, 1 ], [ 14, 2 ] ], [ [ 56, 21 ], [ 56, 22 ], [ 56, 23 ], [ 56, 24 ] ], [ [ 56, 25 ], [ 56, 26 ], [ 56, 27 ], [ 56, 28 ], [ 56, 29 ], [ 56, 30 ], [ 56, 31 ], [ 56, 32 ], [ 14, 3 ], [ 14, 4 ], [ 14, 5 ], [ 14, 6 ] ], [ [ 56, 33 ], [ 56, 34 ], [ 56, 35 ], [ 56, 36 ], [ 56, 37 ], [ 56, 38 ] ], [ [ 56, 39 ], [ 56, 40 ] ], [ [ 56, 41 ], [ 56, 42 ] ], [ [ 56, 43 ], [ 56, 44 ], [ 56, 45 ], [ 56, 46 ], [ 56, 47 ], [ 56, 48 ], [ 14, 1 ], [ 14, 2 ] ], [ [ 56, 49 ], [ 56, 50 ], [ 56, 51 ], [ 56, 52 ], [ 56, 53 ], [ 56, 54 ], [ 56, 55 ], [ 56, 56 ], [ 14, 3 ], [ 14, 4 ], [ 14, 5 ], [ 14, 6 ] ] ];

IDQUASICATONEGROUP_DATA[57]:=[ [ [ 57, 1 ], [ 57, 2 ] ], [ [ 57, 3 ], [ 57, 4 ], [ 57, 5 ], [ 57, 6 ] ] ];

IDQUASICATONEGROUP_DATA[58]:=[ [ [ 58, 1 ], [ 58, 2 ] ], [ [ 58, 3 ], [ 58, 4 ], [ 58, 5 ], [ 58, 6 ] ] ];

IDQUASICATONEGROUP_DATA[59]:=[ [ [ 59, 1 ], [ 59, 2 ] ] ];

IDQUASICATONEGROUP_DATA[60]:=[ [ [ 60, 1 ], [ 60, 2 ], [ 60, 3 ], [ 60, 4 ] ], [ [ 60, 5 ], [ 60, 6 ], [ 60, 7 ], [ 60, 8 ] ], [ [ 60, 9 ], [ 60, 10 ], [ 60, 11 ], [ 60, 12 ] ], [ [ 60, 13 ], [ 60, 14 ], [ 60, 15 ], [ 60, 16 ], [ 60, 17 ], [ 60, 18 ], [ 60, 19 ], [ 60, 20 ] ], [ [ 60, 21 ] ], [ [ 60, 22 ], [ 60, 23 ], [ 60, 24 ], [ 60, 25 ] ], [ [ 60, 26 ], [ 60, 27 ], [ 60, 28 ], [ 60, 29 ] ], [ [ 60, 30 ], [ 60, 31 ], [ 60, 32 ], [ 60, 33 ] ], [ [ 60, 34 ], [ 60, 35 ], [ 60, 36 ], [ 60, 37 ] ], [ [ 60, 38 ], [ 60, 39 ], [ 60, 40 ], [ 60, 41 ], [ 60, 42 ], [ 60, 43 ], [ 60, 44 ], [ 60, 45 ] ], [ [ 60, 46 ], [ 60, 47 ], [ 60, 48 ], [ 60, 49 ], [ 60, 50 ], [ 60, 51 ], [ 60, 52 ], [ 60, 53 ] ], [ [ 60, 54 ], [ 60, 55 ], [ 60, 56 ], [ 60, 57 ], [ 60, 58 ], [ 60, 59 ], [ 60, 60 ], [ 60, 61 ] ], [ [ 60, 62 ], [ 60, 63 ], [ 60, 64 ], [ 60, 65 ], [ 60, 66 ], [ 60, 67 ], [ 60, 68 ], [ 60, 69 ], [ 60, 70 ], [ 60, 71 ], [ 60, 72 ], [ 60, 73 ], [ 15, 1 ], [ 15, 2 ], [ 15, 3 ], [ 15, 4 ] ] ];

IDQUASICATONEGROUP_DATA[61]:=[ [ [ 61, 1 ], [ 61, 2 ] ] ];

IDQUASICATONEGROUP_DATA[62]:=[ [ [ 62, 1 ], [ 62, 2 ] ], [ [ 62, 3 ], [ 62, 4 ], [ 62, 5 ], [ 62, 6 ] ] ];

IDQUASICATONEGROUP_DATA[63]:=[ [ [ 63, 1 ], [ 63, 2 ] ], [ [ 63, 3 ], [ 63, 4 ], [ 63, 5 ], [ 63, 6 ] ], [ [ 63, 7 ], [ 63, 8 ], [ 63, 9 ], [ 63, 10 ] ], [ [ 63, 11 ], [ 63, 12 ], [ 63, 13 ], [ 63, 14 ], [ 63, 15 ], [ 63, 16 ], [ 7, 1 ], [ 7, 2 ] ] ];

IDQUASICATONEGROUP_DATA[64]:=[ ];

IDQUASICATONEGROUP_DATA[65]:=[ [ [ 65, 1 ], [ 65, 2 ], [ 65, 3 ], [ 65, 4 ] ] ];

IDQUASICATONEGROUP_DATA[66]:=[ [ [ 66, 1 ], [ 66, 2 ], [ 66, 3 ], [ 66, 4 ] ], [ [ 66, 5 ], [ 66, 6 ], [ 66, 7 ], [ 66, 8 ] ], [ [ 66, 9 ], [ 66, 10 ], [ 66, 11 ], [ 66, 12 ] ], [ [ 66, 13 ], [ 66, 14 ], [ 66, 15 ], [ 66, 16 ], [ 66, 17 ], [ 66, 18 ], [ 66, 19 ], [ 66, 20 ] ] ];

IDQUASICATONEGROUP_DATA[67]:=[ [ [ 67, 1 ], [ 67, 2 ] ] ];

IDQUASICATONEGROUP_DATA[68]:=[ [ [ 68, 1 ], [ 68, 2 ] ], [ [ 68, 3 ], [ 68, 4 ], [ 68, 5 ], [ 68, 6 ] ], [ [ 68, 7 ], [ 68, 8 ] ], [ [ 68, 9 ], [ 68, 10 ], [ 68, 11 ], [ 68, 12 ] ], [ [ 68, 13 ], [ 68, 14 ], [ 68, 15 ], [ 68, 16 ], [ 68, 17 ], [ 68, 18 ], [ 17, 1 ], [ 17, 2 ] ] ];

IDQUASICATONEGROUP_DATA[69]:=[ [ [ 69, 1 ], [ 69, 2 ], [ 69, 3 ], [ 69, 4 ] ] ];

IDQUASICATONEGROUP_DATA[70]:=[ [ [ 70, 1 ], [ 70, 2 ], [ 70, 3 ], [ 70, 4 ] ], [ [ 70, 5 ], [ 70, 6 ], [ 70, 7 ], [ 70, 8 ] ], [ [ 70, 9 ], [ 70, 10 ], [ 70, 11 ], [ 70, 12 ] ], [ [ 70, 13 ], [ 70, 14 ], [ 70, 15 ], [ 70, 16 ], [ 70, 17 ], [ 70, 18 ], [ 70, 19 ], [ 70, 20 ] ] ];

IDQUASICATONEGROUP_DATA[71]:=[ [ [ 71, 1 ], [ 71, 2 ] ] ];

IDQUASICATONEGROUP_DATA[72]:=[ [ [ 72, 1 ], [ 72, 2 ] ], [ [ 72, 3 ], [ 72, 4 ], [ 72, 5 ], [ 72, 6 ] ], [ [ 72, 7 ] ], [ [ 72, 8 ], [ 72, 9 ] ], [ [ 72, 10 ], [ 72, 11 ], [ 72, 12 ], [ 72, 13 ] ], [ [ 72, 14 ], [ 72, 15 ], [ 72, 16 ], [ 72, 17 ] ], [ [ 72, 18 ], [ 72, 19 ], [ 72, 20 ], [ 72, 21 ], [ 18, 1 ], [ 18, 2 ] ], [ [ 72, 22 ], [ 72, 23 ], [ 72, 24 ], [ 72, 25 ] ], [ [ 72, 26 ], [ 72, 27 ], [ 72, 28 ], [ 72, 29 ], [ 72, 30 ], [ 72, 31 ], [ 72, 32 ], [ 72, 33 ], [ 18, 3 ], [ 18, 4 ], [ 18, 5 ], [ 18, 6 ] ], [ [ 72, 34 ], [ 72, 35 ], [ 72, 36 ], [ 72, 37 ], [ 72, 38 ], [ 72, 39 ] ], [ [ 72, 40 ], [ 72, 41 ] ], [ [ 72, 42 ], [ 72, 43 ], [ 72, 44 ], [ 72, 45 ] ], [ [ 72, 46 ], [ 72, 47 ], [ 72, 48 ], [ 8, 1 ] ], [ [ 72, 49 ], [ 72, 50 ], [ 72, 51 ], [ 72, 52 ], [ 72, 53 ], [ 72, 54 ], [ 8, 1 ], [ 8, 2 ] ], [ [ 72, 55 ], [ 72, 56 ] ], [ [ 72, 57 ], [ 72, 58 ], [ 72, 59 ], [ 72, 60 ] ], [ [ 72, 61 ], [ 72, 62 ], [ 72, 63 ], [ 72, 64 ], [ 72, 65 ], [ 72, 66 ], [ 18, 1 ], [ 18, 2 ] ], [ [ 72, 67 ], [ 72, 68 ], [ 72, 69 ], [ 72, 70 ], [ 72, 71 ], [ 72, 72 ], [ 72, 73 ], [ 72, 74 ], [ 18, 3 ], [ 18, 4 ], [ 18, 5 ], [ 18, 6 ] ], [ [ 72, 75 ], [ 72, 76 ] ], [ [ 72, 77 ], [ 72, 78 ], [ 72, 79 ], [ 72, 80 ] ], [ [ 72, 81 ], [ 72, 82 ], [ 72, 83 ], [ 2, 2 ] ], [ [ 72, 84 ], [ 72, 85 ], [ 72, 86 ] ], [ [ 72, 87 ], [ 72, 88 ], [ 72, 89 ], [ 72, 90 ] ], [ [ 72, 91 ], [ 72, 92 ], [ 72, 93 ] ], [ [ 72, 94 ], [ 72, 95 ] ], [ [ 72, 96 ], [ 72, 97 ], [ 72, 98 ], [ 72, 99 ] ], [ [ 72, 100 ], [ 72, 101 ], [ 72, 102 ], [ 72, 103 ], [ 72, 104 ], [ 72, 105 ], [ 72, 106 ], [ 72, 107 ] ], [ [ 72, 108 ], [ 72, 109 ], [ 72, 110 ], [ 72, 111 ], [ 72, 112 ], [ 72, 113 ], [ 72, 114 ], [ 72, 115 ] ], [ [ 72, 116 ], [ 72, 117 ], [ 72, 118 ], [ 72, 119 ], [ 72, 120 ], [ 72, 121 ], [ 72, 122 ], [ 72, 123 ], [ 18, 7 ], [ 18, 9 ], [ 18, 8 ], [ 18, 10 ] ], [ [ 72, 124 ], [ 72, 125 ], [ 72, 126 ], [ 72, 127 ], [ 72, 128 ], [ 72, 129 ], [ 72, 130 ], [ 72, 131 ] ], [ [ 72, 132 ], [ 72, 133 ], [ 72, 134 ], [ 8, 10 ] ], [ [ 72, 135 ], [ 72, 136 ], [ 72, 137 ], [ 72, 138 ], [ 72, 139 ], [ 72, 140 ], [ 8, 3 ], [ 8, 5 ] ], [ [ 72, 141 ], [ 72, 142 ], [ 72, 143 ], [ 72, 144 ], [ 72, 145 ], [ 72, 146 ], [ 8, 7 ], [ 8, 9 ] ], [ [ 72, 147 ], [ 72, 148 ], [ 72, 149 ], [ 72, 150 ], [ 72, 151 ], [ 72, 152 ], [ 18, 11 ], [ 8, 3 ], [ 18, 12 ], [ 8, 4 ], [ 2, 1 ], [ 18, 13 ] ], [ [ 72, 153 ], [ 72, 154 ], [ 72, 155 ], [ 72, 156 ], [ 72, 157 ], [ 72, 158 ], [ 8, 7 ], [ 8, 8 ] ], [ [ 72, 159 ], [ 72, 160 ], [ 72, 161 ], [ 72, 162 ], [ 72, 163 ], [ 72, 164 ], [ 72, 165 ], [ 72, 166 ], [ 72, 167 ], [ 72, 168 ], [ 72, 169 ], [ 72, 170 ], [ 18, 14 ], [ 8, 3 ], [ 18, 15 ], [ 18, 16 ], [ 8, 4 ], [ 2, 1 ], [ 18, 17 ], [ 8, 5 ], [ 2, 2 ], [ 18, 18 ], [ 8, 6 ], [ 18, 19 ] ], [ [ 72, 171 ], [ 72, 172 ], [ 72, 173 ], [ 72, 174 ], [ 72, 175 ], [ 72, 176 ], [ 72, 177 ], [ 72, 178 ], [ 72, 179 ], [ 8, 7 ], [ 8, 8 ], [ 8, 9 ] ], [ [ 72, 180 ], [ 72, 181 ], [ 72, 182 ], [ 8, 10 ] ], [ [ 72, 183 ], [ 72, 184 ] ], [ [ 72, 185 ], [ 72, 186 ] ], [ [ 72, 187 ], [ 72, 188 ] ], [ [ 72, 189 ], [ 72, 190 ], [ 72, 191 ], [ 72, 192 ] ], [ [ 72, 193 ], [ 72, 194 ], [ 72, 195 ], [ 72, 196 ] ], [ [ 72, 197 ], [ 72, 198 ], [ 72, 199 ], [ 72, 200 ] ], [ [ 72, 201 ], [ 72, 202 ], [ 72, 203 ], [ 72, 204 ] ], [ [ 72, 205 ], [ 72, 206 ], [ 72, 207 ], [ 72, 208 ], [ 72, 209 ], [ 72, 210 ], [ 2, 1 ], [ 2, 2 ] ], [ [ 72, 211 ], [ 72, 212 ], [ 72, 213 ], [ 72, 214 ], [ 72, 215 ], [ 72, 216 ], [ 72, 217 ], [ 72, 218 ] ], [ [ 72, 219 ], [ 72, 220 ], [ 72, 221 ], [ 72, 222 ], [ 72, 223 ], [ 72, 224 ], [ 72, 225 ], [ 72, 226 ], [ 72, 227 ], [ 72, 228 ], [ 72, 229 ], [ 72, 230 ], [ 18, 7 ], [ 18, 9 ], [ 18, 8 ], [ 18, 10 ] ], [ [ 72, 231 ], [ 72, 232 ], [ 72, 233 ], [ 72, 234 ], [ 72, 235 ], [ 72, 236 ], [ 72, 237 ], [ 72, 238 ], [ 72, 239 ], [ 18, 11 ], [ 8, 11 ], [ 18, 12 ], [ 8, 12 ], [ 2, 1 ], [ 8, 13 ], [ 18, 13 ] ], [ [ 72, 240 ], [ 72, 241 ], [ 72, 242 ], [ 72, 243 ], [ 72, 244 ], [ 72, 245 ], [ 72, 246 ], [ 72, 247 ], [ 72, 248 ], [ 72, 249 ], [ 72, 250 ], [ 72, 251 ], [ 18, 14 ], [ 8, 11 ], [ 18, 15 ], [ 18, 16 ], [ 8, 12 ], [ 2, 1 ], [ 18, 17 ], [ 8, 13 ], [ 2, 2 ], [ 18, 18 ], [ 8, 14 ], [ 18, 19 ] ] ];

IDQUASICATONEGROUP_DATA[73]:=[ [ [ 73, 1 ], [ 73, 2 ] ] ];

IDQUASICATONEGROUP_DATA[74]:=[ [ [ 74, 1 ], [ 74, 2 ] ], [ [ 74, 3 ], [ 74, 4 ], [ 74, 5 ], [ 74, 6 ] ] ];

IDQUASICATONEGROUP_DATA[75]:=[ [ [ 75, 1 ], [ 75, 2 ], [ 75, 3 ], [ 75, 4 ] ], [ [ 75, 5 ], [ 75, 6 ] ], [ [ 75, 7 ], [ 75, 8 ], [ 75, 9 ], [ 75, 10 ], [ 75, 11 ], [ 75, 12 ], [ 3, 1 ], [ 3, 2 ] ] ];

IDQUASICATONEGROUP_DATA[76]:=[ [ [ 76, 1 ], [ 76, 2 ] ], [ [ 76, 3 ], [ 76, 4 ], [ 76, 5 ], [ 76, 6 ] ], [ [ 76, 7 ], [ 76, 8 ], [ 76, 9 ], [ 76, 10 ] ], [ [ 76, 11 ], [ 76, 12 ], [ 76, 13 ], [ 76, 14 ], [ 76, 15 ], [ 76, 16 ], [ 19, 1 ], [ 19, 2 ] ] ];

IDQUASICATONEGROUP_DATA[77]:=[ [ [ 77, 1 ], [ 77, 2 ], [ 77, 3 ], [ 77, 4 ] ] ];

IDQUASICATONEGROUP_DATA[78]:=[ [ [ 78, 1 ], [ 78, 2 ] ], [ [ 78, 3 ], [ 78, 4 ], [ 78, 5 ], [ 78, 6 ] ], [ [ 78, 7 ], [ 78, 8 ], [ 78, 9 ], [ 78, 10 ] ], [ [ 78, 11 ], [ 78, 12 ], [ 78, 13 ], [ 78, 14 ] ], [ [ 78, 15 ], [ 78, 16 ], [ 78, 17 ], [ 78, 18 ] ], [ [ 78, 19 ], [ 78, 20 ], [ 78, 21 ], [ 78, 22 ], [ 78, 23 ], [ 78, 24 ], [ 78, 25 ], [ 78, 26 ] ] ];

IDQUASICATONEGROUP_DATA[79]:=[ [ [ 79, 1 ], [ 79, 2 ] ] ];

IDQUASICATONEGROUP_DATA[80]:=[ [ [ 80, 1 ], [ 80, 2 ] ], [ [ 80, 3 ], [ 80, 4 ], [ 80, 5 ], [ 80, 6 ] ], [ [ 80, 7 ], [ 80, 8 ] ], [ [ 80, 9 ], [ 80, 10 ], [ 80, 11 ], [ 80, 12 ] ], [ [ 80, 13 ], [ 80, 14 ], [ 80, 15 ], [ 80, 16 ] ], [ [ 80, 17 ], [ 80, 18 ], [ 80, 19 ], [ 80, 20 ] ], [ [ 80, 21 ], [ 80, 22 ], [ 80, 23 ], [ 80, 24 ] ], [ [ 80, 25 ], [ 80, 26 ] ], [ [ 80, 27 ], [ 80, 28 ], [ 80, 29 ], [ 80, 30 ], [ 20, 1 ], [ 20, 2 ] ], [ [ 80, 31 ], [ 80, 32 ] ], [ [ 80, 33 ], [ 80, 34 ], [ 80, 35 ], [ 80, 36 ], [ 20, 10 ], [ 20, 12 ] ], [ [ 80, 37 ], [ 80, 38 ] ], [ [ 80, 39 ], [ 80, 40 ], [ 80, 41 ], [ 80, 42 ], [ 80, 43 ], [ 80, 44 ] ], [ [ 80, 45 ], [ 80, 46 ], [ 80, 47 ], [ 80, 48 ] ], [ [ 80, 49 ], [ 80, 50 ] ], [ [ 80, 51 ], [ 80, 52 ] ], [ [ 80, 53 ], [ 80, 54 ] ], [ [ 80, 55 ], [ 80, 56 ] ], [ [ 80, 57 ], [ 80, 58 ], [ 80, 59 ], [ 80, 60 ], [ 80, 43 ], [ 80, 44 ] ], [ [ 80, 61 ], [ 80, 62 ], [ 80, 63 ], [ 80, 64 ], [ 80, 65 ], [ 80, 66 ], [ 20, 14 ], [ 5, 1 ], [ 20, 17 ], [ 5, 2 ] ], [ [ 80, 67 ], [ 80, 68 ], [ 80, 69 ], [ 80, 70 ], [ 80, 71 ], [ 80, 72 ], [ 80, 73 ], [ 80, 74 ] ], [ [ 80, 75 ], [ 80, 76 ], [ 80, 77 ], [ 80, 78 ], [ 80, 73 ], [ 80, 74 ] ], [ [ 80, 79 ], [ 80, 80 ], [ 80, 81 ], [ 80, 82 ], [ 80, 83 ], [ 80, 84 ], [ 80, 85 ], [ 80, 86 ], [ 20, 3 ], [ 20, 4 ], [ 20, 5 ], [ 20, 6 ] ], [ [ 80, 87 ], [ 80, 88 ], [ 80, 89 ], [ 80, 90 ] ], [ [ 80, 91 ], [ 80, 92 ], [ 80, 93 ], [ 80, 94 ] ], [ [ 80, 95 ], [ 80, 96 ], [ 80, 97 ], [ 80, 98 ] ], [ [ 80, 99 ], [ 80, 100 ] ], [ [ 80, 101 ], [ 80, 102 ] ], [ [ 80, 103 ], [ 80, 104 ] ], [ [ 80, 105 ], [ 80, 106 ], [ 80, 107 ], [ 80, 108 ] ], [ [ 80, 109 ], [ 80, 110 ], [ 80, 111 ], [ 80, 112 ] ], [ [ 80, 113 ], [ 80, 114 ], [ 80, 115 ], [ 80, 116 ], [ 20, 7 ], [ 20, 8 ] ], [ [ 80, 117 ], [ 80, 118 ] ], [ [ 80, 119 ], [ 80, 120 ], [ 80, 121 ], [ 80, 122 ] ], [ [ 80, 123 ], [ 80, 124 ], [ 80, 125 ], [ 80, 126 ], [ 20, 9 ], [ 20, 11 ] ], [ [ 80, 127 ], [ 80, 128 ], [ 80, 129 ], [ 80, 130 ], [ 80, 131 ], [ 80, 132 ], [ 80, 133 ], [ 80, 134 ], [ 20, 9 ], [ 20, 10 ], [ 20, 11 ], [ 20, 12 ] ], [ [ 80, 135 ], [ 80, 136 ], [ 80, 137 ], [ 80, 138 ], [ 80, 139 ], [ 80, 140 ], [ 80, 141 ], [ 80, 142 ], [ 20, 9 ], [ 20, 10 ], [ 20, 11 ], [ 20, 12 ] ], [ [ 80, 143 ], [ 80, 144 ], [ 80, 145 ], [ 80, 146 ] ], [ [ 80, 147 ], [ 80, 148 ], [ 80, 149 ], [ 80, 150 ], [ 80, 151 ], [ 80, 152 ] ], [ [ 80, 153 ], [ 80, 154 ] ], [ [ 80, 155 ], [ 80, 156 ] ], [ [ 80, 157 ], [ 80, 158 ] ], [ [ 80, 159 ], [ 80, 160 ], [ 80, 161 ], [ 80, 162 ], [ 80, 163 ], [ 80, 164 ], [ 20, 9 ], [ 20, 1 ], [ 20, 10 ], [ 20, 11 ], [ 20, 2 ], [ 20, 12 ] ], [ [ 80, 165 ], [ 80, 166 ], [ 80, 167 ], [ 80, 168 ], [ 80, 169 ], [ 80, 170 ], [ 80, 171 ], [ 80, 172 ], [ 20, 9 ], [ 20, 10 ], [ 20, 11 ], [ 20, 12 ] ], [ [ 80, 173 ], [ 80, 174 ], [ 80, 175 ], [ 80, 176 ], [ 80, 177 ], [ 80, 178 ], [ 80, 179 ], [ 80, 180 ], [ 80, 181 ], [ 80, 182 ], [ 80, 183 ], [ 80, 184 ], [ 20, 13 ], [ 20, 3 ], [ 20, 14 ], [ 20, 14 ], [ 20, 4 ], [ 20, 15 ], [ 20, 16 ], [ 20, 5 ], [ 20, 17 ], [ 20, 17 ], [ 20, 6 ], [ 20, 18 ] ], [ [ 80, 185 ], [ 80, 186 ], [ 80, 187 ], [ 80, 188 ], [ 80, 189 ], [ 80, 190 ], [ 80, 191 ], [ 80, 192 ], [ 80, 193 ], [ 80, 194 ], [ 80, 195 ], [ 80, 196 ], [ 20, 13 ], [ 20, 14 ], [ 20, 14 ], [ 20, 16 ], [ 20, 17 ], [ 20, 17 ] ], [ [ 80, 197 ], [ 80, 198 ], [ 80, 199 ], [ 80, 200 ], [ 20, 13 ], [ 20, 16 ] ], [ [ 80, 201 ], [ 80, 202 ], [ 80, 203 ], [ 80, 204 ] ], [ [ 80, 205 ], [ 80, 206 ] ], [ [ 80, 207 ], [ 80, 208 ], [ 80, 209 ], [ 80, 210 ], [ 80, 211 ], [ 80, 212 ], [ 20, 7 ], [ 20, 8 ] ], [ [ 80, 213 ], [ 80, 214 ], [ 80, 215 ], [ 80, 216 ], [ 80, 217 ], [ 80, 218 ], [ 80, 219 ], [ 80, 220 ], [ 20, 9 ], [ 20, 10 ], [ 20, 11 ], [ 20, 12 ] ], [ [ 80, 221 ], [ 80, 222 ], [ 80, 223 ], [ 80, 224 ], [ 80, 225 ], [ 80, 226 ], [ 80, 227 ], [ 80, 228 ], [ 80, 229 ], [ 80, 230 ], [ 20, 13 ], [ 20, 14 ], [ 5, 1 ], [ 20, 15 ], [ 20, 16 ], [ 20, 17 ], [ 5, 2 ], [ 20, 18 ] ] ];

IDQUASICATONEGROUP_DATA[81]:=[ ];

IDQUASICATONEGROUP_DATA[82]:=[ [ [ 82, 1 ], [ 82, 2 ] ], [ [ 82, 3 ], [ 82, 4 ], [ 82, 5 ], [ 82, 6 ] ] ];

IDQUASICATONEGROUP_DATA[83]:=[ [ [ 83, 1 ], [ 83, 2 ] ] ];

IDQUASICATONEGROUP_DATA[84]:=[ [ [ 84, 1 ], [ 84, 2 ] ], [ [ 84, 3 ], [ 84, 4 ], [ 84, 5 ], [ 84, 6 ] ], [ [ 84, 7 ], [ 84, 8 ], [ 84, 9 ], [ 84, 10 ] ], [ [ 84, 11 ], [ 84, 12 ], [ 84, 13 ], [ 84, 14 ] ], [ [ 84, 15 ], [ 84, 16 ], [ 84, 17 ], [ 84, 18 ] ], [ [ 84, 19 ], [ 84, 20 ], [ 84, 21 ], [ 84, 22 ], [ 84, 23 ], [ 84, 24 ], [ 84, 25 ], [ 84, 26 ] ], [ [ 84, 27 ], [ 84, 28 ], [ 84, 29 ], [ 84, 30 ] ], [ [ 84, 31 ], [ 84, 32 ], [ 84, 33 ], [ 84, 34 ] ], [ [ 84, 35 ], [ 84, 36 ], [ 84, 37 ], [ 84, 38 ], [ 84, 39 ], [ 84, 40 ], [ 21, 1 ], [ 21, 2 ] ], [ [ 84, 41 ], [ 84, 42 ], [ 84, 43 ], [ 84, 44 ] ], [ [ 84, 45 ], [ 84, 46 ], [ 84, 47 ], [ 84, 48 ] ], [ [ 84, 49 ], [ 84, 50 ], [ 84, 51 ], [ 84, 52 ], [ 84, 53 ], [ 84, 54 ], [ 84, 55 ], [ 84, 56 ] ], [ [ 84, 57 ], [ 84, 58 ], [ 84, 59 ], [ 84, 60 ], [ 84, 61 ], [ 84, 62 ], [ 84, 63 ], [ 84, 64 ] ], [ [ 84, 65 ], [ 84, 66 ], [ 84, 67 ], [ 84, 68 ], [ 84, 69 ], [ 84, 70 ], [ 84, 71 ], [ 84, 72 ] ], [ [ 84, 73 ], [ 84, 74 ], [ 84, 75 ], [ 84, 76 ], [ 84, 77 ], [ 84, 78 ], [ 84, 79 ], [ 84, 80 ], [ 84, 81 ], [ 84, 82 ], [ 84, 83 ], [ 84, 84 ], [ 21, 3 ], [ 21, 4 ], [ 21, 5 ], [ 21, 6 ] ] ];

IDQUASICATONEGROUP_DATA[85]:=[ [ [ 85, 1 ], [ 85, 2 ], [ 85, 3 ], [ 85, 4 ] ] ];

IDQUASICATONEGROUP_DATA[86]:=[ [ [ 86, 1 ], [ 86, 2 ] ], [ [ 86, 3 ], [ 86, 4 ], [ 86, 5 ], [ 86, 6 ] ] ];

IDQUASICATONEGROUP_DATA[87]:=[ [ [ 87, 1 ], [ 87, 2 ], [ 87, 3 ], [ 87, 4 ] ] ];

IDQUASICATONEGROUP_DATA[88]:=[ [ [ 88, 1 ], [ 88, 2 ] ], [ [ 88, 3 ], [ 88, 4 ], [ 88, 5 ], [ 88, 6 ] ], [ [ 88, 7 ], [ 88, 8 ] ], [ [ 88, 9 ], [ 88, 10 ], [ 88, 11 ], [ 88, 12 ] ], [ [ 88, 13 ], [ 88, 14 ], [ 88, 15 ], [ 88, 16 ] ], [ [ 88, 17 ], [ 88, 18 ], [ 88, 19 ], [ 88, 20 ], [ 22, 1 ], [ 22, 2 ] ], [ [ 88, 21 ], [ 88, 22 ], [ 88, 23 ], [ 88, 24 ] ], [ [ 88, 25 ], [ 88, 26 ], [ 88, 27 ], [ 88, 28 ], [ 88, 29 ], [ 88, 30 ], [ 88, 31 ], [ 88, 32 ], [ 22, 3 ], [ 22, 4 ], [ 22, 5 ], [ 22, 6 ] ], [ [ 88, 33 ], [ 88, 34 ], [ 88, 35 ], [ 88, 36 ], [ 88, 37 ], [ 88, 38 ] ], [ [ 88, 39 ], [ 88, 40 ] ], [ [ 88, 41 ], [ 88, 42 ], [ 88, 43 ], [ 88, 44 ], [ 88, 45 ], [ 88, 46 ], [ 22, 1 ], [ 22, 2 ] ], [ [ 88, 47 ], [ 88, 48 ], [ 88, 49 ], [ 88, 50 ], [ 88, 51 ], [ 88, 52 ], [ 88, 53 ], [ 88, 54 ], [ 22, 3 ], [ 22, 4 ], [ 22, 5 ], [ 22, 6 ] ] ];

IDQUASICATONEGROUP_DATA[89]:=[ [ [ 89, 1 ], [ 89, 2 ] ] ];

IDQUASICATONEGROUP_DATA[90]:=[ [ [ 90, 1 ], [ 90, 2 ], [ 90, 3 ], [ 90, 4 ] ], [ [ 90, 5 ], [ 90, 6 ], [ 90, 7 ], [ 90, 8 ] ], [ [ 90, 9 ], [ 90, 10 ], [ 90, 11 ], [ 90, 12 ] ], [ [ 90, 13 ], [ 90, 14 ], [ 90, 15 ], [ 90, 16 ], [ 90, 17 ], [ 90, 18 ], [ 90, 19 ], [ 90, 20 ] ], [ [ 90, 21 ], [ 90, 22 ], [ 90, 23 ], [ 90, 24 ], [ 90, 25 ], [ 90, 26 ], [ 10, 1 ], [ 10, 2 ] ], [ [ 90, 27 ], [ 90, 28 ], [ 90, 29 ], [ 90, 30 ], [ 90, 31 ], [ 90, 32 ], [ 90, 33 ], [ 90, 34 ] ], [ [ 90, 35 ], [ 90, 36 ], [ 90, 37 ], [ 90, 38 ], [ 90, 39 ], [ 90, 40 ], [ 90, 41 ], [ 90, 42 ] ], [ [ 90, 43 ], [ 90, 44 ], [ 90, 45 ], [ 90, 46 ], [ 90, 47 ], [ 90, 48 ], [ 10, 3 ], [ 10, 5 ] ], [ [ 90, 49 ], [ 90, 50 ], [ 90, 51 ], [ 90, 52 ], [ 90, 53 ], [ 90, 54 ], [ 10, 1 ], [ 10, 2 ] ], [ [ 90, 55 ], [ 90, 56 ], [ 90, 57 ], [ 90, 58 ], [ 90, 59 ], [ 90, 60 ], [ 90, 61 ], [ 90, 62 ], [ 90, 63 ], [ 90, 64 ], [ 90, 65 ], [ 90, 66 ], [ 10, 3 ], [ 10, 4 ], [ 10, 5 ], [ 10, 6 ] ] ];

IDQUASICATONEGROUP_DATA[91]:=[ [ [ 91, 1 ], [ 91, 2 ], [ 91, 3 ], [ 91, 4 ] ] ];

IDQUASICATONEGROUP_DATA[92]:=[ [ [ 92, 1 ], [ 92, 2 ] ], [ [ 92, 3 ], [ 92, 4 ], [ 92, 5 ], [ 92, 6 ] ], [ [ 92, 7 ], [ 92, 8 ], [ 92, 9 ], [ 92, 10 ] ], [ [ 92, 11 ], [ 92, 12 ], [ 92, 13 ], [ 92, 14 ], [ 92, 15 ], [ 92, 16 ], [ 23, 1 ], [ 23, 2 ] ] ];

IDQUASICATONEGROUP_DATA[93]:=[ [ [ 93, 1 ], [ 93, 2 ] ], [ [ 93, 3 ], [ 93, 4 ], [ 93, 5 ], [ 93, 6 ] ] ];

IDQUASICATONEGROUP_DATA[94]:=[ [ [ 94, 1 ], [ 94, 2 ] ], [ [ 94, 3 ], [ 94, 4 ], [ 94, 5 ], [ 94, 6 ] ] ];

IDQUASICATONEGROUP_DATA[95]:=[ [ [ 95, 1 ], [ 95, 2 ], [ 95, 3 ], [ 95, 4 ] ] ];

IDQUASICATONEGROUP_DATA[96]:=[];

IDQUASICATONEGROUP_DATA[97]:=[ [ [ 97, 1 ], [ 97, 2 ] ] ];

IDQUASICATONEGROUP_DATA[98]:=[ [ [ 98, 1 ], [ 98, 2 ] ], [ [ 98, 3 ], [ 98, 4 ], [ 98, 5 ], [ 98, 6 ] ], [ [ 98, 7 ], [ 98, 8 ], [ 98, 9 ], [ 98, 10 ] ], [ [ 98, 11 ], [ 98, 12 ], [ 98, 13 ], [ 2, 1 ] ], [ [ 98, 14 ], [ 98, 15 ], [ 98, 16 ], [ 98, 17 ], [ 98, 18 ], [ 98, 19 ], [ 2, 1 ], [ 2, 2 ] ] ];

IDQUASICATONEGROUP_DATA[99]:=[ [ [ 99, 1 ], [ 99, 2 ], [ 99, 3 ], [ 99, 4 ] ], [ [ 99, 5 ], [ 99, 6 ], [ 99, 7 ], [ 99, 8 ], [ 99, 9 ], [ 99, 10 ], [ 11, 1 ], [ 11, 2 ] ] ];

IDQUASICATONEGROUP_DATA[100]:=[ [ [ 100, 1 ], [ 100, 2 ] ], [ [ 100, 3 ], [ 100, 4 ], [ 100, 5 ], [ 100, 6 ] ], [ [ 100, 7 ], [ 100, 8 ] ], [ [ 100, 9 ], [ 100, 10 ], [ 100, 11 ], [ 100, 12 ] ], [ [ 100, 13 ], [ 100, 14 ], [ 100, 15 ], [ 100, 16 ], [ 100, 17 ], [ 100, 18 ], [ 25, 1 ], [ 25, 2 ] ], [ [ 100, 19 ], [ 100, 20 ], [ 100, 21 ], [ 100, 22 ] ], [ [ 100, 23 ], [ 100, 24 ], [ 100, 25 ], [ 4, 1 ] ], [ [ 100, 26 ], [ 100, 27 ], [ 100, 28 ], [ 100, 29 ], [ 100, 30 ], [ 100, 31 ], [ 4, 1 ], [ 4, 2 ] ], [ [ 100, 32 ], [ 100, 33 ], [ 100, 34 ], [ 100, 35 ] ], [ [ 100, 36 ], [ 100, 37 ], [ 100, 38 ], [ 100, 39 ] ], [ [ 100, 40 ], [ 100, 41 ], [ 100, 42 ], [ 4, 1 ] ], [ [ 100, 43 ], [ 100, 44 ], [ 100, 45 ] ], [ [ 100, 46 ], [ 100, 47 ], [ 100, 48 ], [ 1, 1 ] ], [ [ 100, 49 ], [ 100, 50 ], [ 100, 51 ], [ 100, 52 ], [ 100, 53 ], [ 100, 54 ], [ 100, 55 ], [ 100, 56 ] ], [ [ 100, 57 ], [ 100, 58 ], [ 100, 59 ], [ 100, 60 ], [ 100, 61 ], [ 100, 62 ], [ 4, 3 ], [ 4, 4 ] ], [ [ 100, 63 ], [ 100, 64 ], [ 100, 65 ], [ 100, 66 ], [ 100, 67 ], [ 100, 68 ], [ 100, 69 ], [ 100, 70 ], [ 100, 71 ], [ 25, 3 ], [ 4, 3 ], [ 25, 4 ], [ 4, 4 ], [ 1, 1 ], [ 4, 5 ], [ 25, 5 ] ] ];

IDQUASICATONEGROUP_DATA[101]:=[ [ [ 101, 1 ], [ 101, 2 ] ] ];

IDQUASICATONEGROUP_DATA[102]:=[ [ [ 102, 1 ], [ 102, 2 ], [ 102, 3 ], [ 102, 4 ] ], [ [ 102, 5 ], [ 102, 6 ], [ 102, 7 ], [ 102, 8 ] ], [ [ 102, 9 ], [ 102, 10 ], [ 102, 11 ], [ 102, 12 ] ], [ [ 102, 13 ], [ 102, 14 ], [ 102, 15 ], [ 102, 16 ], [ 102, 17 ], [ 102, 18 ], [ 102, 19 ], [ 102, 20 ] ] ];

IDQUASICATONEGROUP_DATA[103]:=[ [ [ 103, 1 ], [ 103, 2 ] ] ];

IDQUASICATONEGROUP_DATA[104]:=[ [ [ 104, 1 ], [ 104, 2 ] ], [ [ 104, 3 ], [ 104, 4 ], [ 104, 5 ], [ 104, 6 ] ], [ [ 104, 7 ], [ 104, 8 ] ], [ [ 104, 9 ], [ 104, 10 ] ], [ [ 104, 11 ], [ 104, 12 ], [ 104, 13 ], [ 104, 14 ] ], [ [ 104, 15 ], [ 104, 16 ], [ 104, 17 ], [ 104, 18 ] ], [ [ 104, 19 ], [ 104, 20 ], [ 104, 21 ], [ 104, 22 ], [ 26, 1 ], [ 26, 2 ] ], [ [ 104, 23 ], [ 104, 24 ], [ 104, 25 ], [ 104, 26 ] ], [ [ 104, 27 ], [ 104, 28 ], [ 104, 29 ], [ 104, 30 ], [ 104, 31 ], [ 104, 32 ], [ 104, 33 ], [ 104, 34 ], [ 26, 3 ], [ 26, 4 ], [ 26, 5 ], [ 26, 6 ] ], [ [ 104, 35 ], [ 104, 36 ], [ 104, 37 ], [ 104, 38 ], [ 104, 39 ], [ 104, 40 ] ], [ [ 104, 41 ], [ 104, 42 ] ], [ [ 104, 43 ], [ 104, 44 ], [ 104, 45 ], [ 104, 46 ] ], [ [ 104, 47 ], [ 104, 48 ], [ 104, 49 ], [ 104, 50 ], [ 104, 51 ], [ 104, 52 ], [ 26, 1 ], [ 26, 2 ] ], [ [ 104, 53 ], [ 104, 54 ], [ 104, 55 ], [ 104, 56 ], [ 104, 57 ], [ 104, 58 ], [ 104, 59 ], [ 104, 60 ], [ 26, 3 ], [ 26, 4 ], [ 26, 5 ], [ 26, 6 ] ] ];

IDQUASICATONEGROUP_DATA[105]:=[ [ [ 105, 1 ], [ 105, 2 ], [ 105, 3 ], [ 105, 4 ] ], [ [ 105, 5 ], [ 105, 6 ], [ 105, 7 ], [ 105, 8 ], [ 105, 9 ], [ 105, 10 ], [ 105, 11 ], [ 105, 12 ] ] ];

IDQUASICATONEGROUP_DATA[106]:=[ [ [ 106, 1 ], [ 106, 2 ] ], [ [ 106, 3 ], [ 106, 4 ], [ 106, 5 ], [ 106, 6 ] ] ];

IDQUASICATONEGROUP_DATA[107]:=[ [ [ 107, 1 ], [ 107, 2 ] ] ];

IDQUASICATONEGROUP_DATA[108]:=[ [ [ 108, 1 ], [ 108, 2 ] ], [ [ 108, 3 ], [ 108, 4 ], [ 108, 5 ], [ 108, 6 ] ], [ [ 108, 7 ], [ 108, 8 ] ], [ [ 108, 9 ], [ 108, 10 ], [ 108, 11 ], [ 108, 12 ] ], [ [ 108, 13 ], [ 108, 14 ], [ 108, 15 ], [ 108, 16 ], [ 108, 17 ], [ 108, 18 ], [ 27, 1 ], [ 27, 2 ] ], [ [ 108, 19 ], [ 108, 20 ], [ 108, 21 ], [ 108, 22 ] ], [ [ 108, 23 ], [ 108, 24 ], [ 108, 25 ], [ 108, 26 ] ], [ [ 108, 27 ], [ 108, 28 ], [ 108, 29 ] ], [ [ 108, 30 ], [ 108, 31 ] ], [ [ 108, 32 ], [ 108, 33 ], [ 108, 34 ], [ 108, 35 ], [ 12, 1 ], [ 12, 2 ] ], [ [ 108, 36 ], [ 108, 37 ] ], [ [ 108, 38 ], [ 108, 39 ], [ 108, 40 ], [ 108, 41 ], [ 108, 42 ], [ 108, 43 ], [ 108, 44 ], [ 108, 45 ], [ 12, 3 ], [ 12, 4 ], [ 12, 5 ], [ 12, 6 ] ], [ [ 108, 46 ], [ 108, 47 ], [ 108, 48 ], [ 108, 49 ] ], [ [ 108, 50 ], [ 108, 51 ], [ 108, 52 ], [ 108, 53 ] ], [ [ 108, 54 ] ], [ [ 108, 55 ], [ 108, 56 ], [ 108, 57 ], [ 108, 58 ] ], [ [ 108, 59 ], [ 108, 60 ] ], [ [ 108, 61 ], [ 108, 62 ], [ 108, 63 ], [ 108, 64 ] ], [ [ 108, 65 ], [ 108, 66 ], [ 108, 67 ], [ 108, 68 ] ], [ [ 108, 69 ], [ 108, 70 ], [ 108, 71 ], [ 108, 72 ], [ 12, 7 ], [ 12, 8 ] ], [ [ 108, 73 ], [ 108, 74 ] ], [ [ 108, 75 ], [ 108, 76 ], [ 108, 77 ], [ 108, 78 ] ], [ [ 108, 79 ], [ 108, 80 ], [ 108, 81 ], [ 108, 82 ], [ 108, 83 ], [ 108, 84 ], [ 108, 85 ], [ 108, 86 ] ], [ [ 108, 87 ], [ 108, 88 ], [ 108, 89 ], [ 108, 90 ], [ 108, 91 ], [ 108, 92 ], [ 108, 93 ], [ 108, 94 ] ], [ [ 108, 95 ], [ 108, 96 ], [ 108, 97 ], [ 108, 98 ], [ 108, 99 ], [ 108, 100 ] ], [ [ 108, 101 ], [ 108, 102 ], [ 108, 103 ], [ 108, 104 ] ], [ [ 108, 105 ], [ 108, 106 ], [ 108, 107 ], [ 108, 108 ], [ 108, 109 ], [ 108, 110 ], [ 108, 111 ], [ 108, 112 ], [ 12, 9 ], [ 12, 10 ], [ 12, 11 ], [ 12, 12 ] ], [ [ 108, 113 ], [ 108, 114 ], [ 108, 115 ], [ 108, 116 ] ], [ [ 108, 117 ], [ 108, 118 ], [ 108, 119 ], [ 108, 120 ], [ 108, 121 ], [ 108, 122 ], [ 108, 123 ], [ 108, 124 ], [ 108, 125 ], [ 108, 126 ], [ 108, 127 ], [ 108, 128 ], [ 27, 3 ], [ 12, 13 ], [ 12, 14 ], [ 27, 4 ], [ 3, 1 ], [ 12, 15 ], [ 12, 16 ], [ 27, 5 ], [ 12, 17 ], [ 3, 2 ], [ 12, 18 ], [ 27, 6 ] ], [ [ 108, 129 ], [ 108, 130 ], [ 108, 131 ], [ 108, 132 ], [ 108, 133 ], [ 108, 134 ], [ 27, 7 ], [ 27, 8 ] ], [ [ 108, 135 ], [ 108, 136 ], [ 108, 137 ], [ 108, 138 ], [ 108, 139 ], [ 108, 140 ], [ 27, 9 ], [ 27, 10 ] ], [ [ 108, 141 ], [ 108, 142 ], [ 108, 143 ], [ 108, 144 ], [ 108, 145 ], [ 108, 146 ], [ 12, 1 ], [ 12, 2 ] ], [ [ 108, 147 ], [ 108, 148 ], [ 108, 149 ], [ 108, 150 ], [ 108, 151 ], [ 108, 152 ], [ 12, 3 ], [ 12, 4 ] ], [ [ 108, 153 ], [ 108, 154 ], [ 108, 155 ], [ 108, 156 ], [ 12, 1 ], [ 12, 2 ] ], [ [ 108, 157 ], [ 108, 158 ], [ 108, 159 ], [ 108, 160 ], [ 108, 161 ], [ 108, 162 ], [ 108, 163 ], [ 108, 164 ], [ 12, 3 ], [ 12, 4 ], [ 12, 5 ], [ 12, 6 ] ], [ [ 108, 165 ], [ 108, 166 ], [ 108, 167 ], [ 108, 168 ] ], [ [ 108, 169 ], [ 108, 170 ], [ 108, 171 ], [ 108, 172 ] ], [ [ 108, 173 ], [ 108, 174 ], [ 108, 175 ], [ 108, 176 ], [ 108, 177 ], [ 108, 178 ], [ 3, 1 ], [ 3, 2 ] ], [ [ 108, 179 ], [ 108, 180 ], [ 108, 181 ], [ 108, 182 ], [ 108, 183 ], [ 108, 184 ], [ 12, 9 ], [ 12, 11 ] ], [ [ 108, 185 ], [ 108, 186 ], [ 108, 187 ], [ 108, 188 ] ], [ [ 108, 189 ], [ 108, 190 ], [ 108, 191 ], [ 108, 192 ], [ 108, 193 ], [ 108, 194 ], [ 12, 7 ], [ 12, 8 ] ], [ [ 108, 195 ], [ 108, 196 ], [ 108, 197 ], [ 108, 198 ], [ 108, 199 ], [ 108, 200 ], [ 108, 201 ], [ 108, 202 ], [ 108, 203 ], [ 108, 204 ], [ 108, 205 ], [ 108, 206 ], [ 12, 9 ], [ 12, 10 ], [ 12, 11 ], [ 12, 12 ] ], [ [ 108, 207 ], [ 108, 208 ], [ 108, 209 ], [ 108, 210 ], [ 108, 211 ], [ 108, 212 ], [ 108, 213 ], [ 108, 214 ], [ 108, 215 ], [ 108, 216 ], [ 108, 217 ], [ 108, 218 ], [ 12, 13 ], [ 12, 14 ], [ 12, 15 ], [ 12, 17 ] ], [ [ 108, 219 ], [ 108, 220 ], [ 108, 221 ], [ 108, 222 ], [ 108, 223 ], [ 108, 224 ], [ 108, 225 ], [ 108, 226 ], [ 12, 9 ], [ 12, 10 ], [ 12, 11 ], [ 12, 12 ] ], [ [ 108, 227 ], [ 108, 228 ], [ 108, 229 ], [ 108, 230 ], [ 108, 231 ], [ 108, 232 ], [ 108, 233 ], [ 108, 234 ], [ 108, 235 ], [ 108, 236 ], [ 108, 237 ], [ 108, 238 ], [ 27, 11 ], [ 12, 13 ], [ 27, 12 ], [ 12, 14 ], [ 3, 1 ], [ 12, 15 ], [ 12, 16 ], [ 27, 13 ], [ 12, 17 ], [ 3, 2 ], [ 12, 18 ], [ 27, 14 ] ] ];

IDQUASICATONEGROUP_DATA[109]:=[ [ [ 109, 1 ], [ 109, 2 ] ] ];

IDQUASICATONEGROUP_DATA[110]:=[ [ [ 110, 1 ], [ 110, 2 ] ], [ [ 110, 3 ], [ 110, 4 ], [ 110, 5 ], [ 110, 6 ] ], [ [ 110, 7 ], [ 110, 8 ], [ 110, 9 ], [ 110, 10 ] ], [ [ 110, 11 ], [ 110, 12 ], [ 110, 13 ], [ 110, 14 ] ], [ [ 110, 15 ], [ 110, 16 ], [ 110, 17 ], [ 110, 18 ] ], [ [ 110, 19 ], [ 110, 20 ], [ 110, 21 ], [ 110, 22 ], [ 110, 23 ], [ 110, 24 ], [ 110, 25 ], [ 110, 26 ] ] ];

IDQUASICATONEGROUP_DATA[111]:=[ [ [ 111, 1 ], [ 111, 2 ] ], [ [ 111, 3 ], [ 111, 4 ], [ 111, 5 ], [ 111, 6 ] ] ];

IDQUASICATONEGROUP_DATA[112]:=[ [ [ 112, 1 ], [ 112, 2 ] ], [ [ 112, 3 ], [ 112, 4 ], [ 112, 5 ], [ 112, 6 ] ], [ [ 112, 7 ], [ 112, 8 ], [ 112, 9 ], [ 112, 10 ] ], [ [ 112, 11 ], [ 112, 12 ], [ 112, 13 ], [ 112, 14 ] ], [ [ 112, 15 ], [ 112, 16 ], [ 112, 17 ], [ 112, 18 ] ], [ [ 112, 19 ], [ 112, 20 ], [ 112, 21 ], [ 112, 22 ] ], [ [ 112, 23 ], [ 112, 24 ] ], [ [ 112, 25 ], [ 112, 26 ], [ 112, 27 ], [ 112, 28 ], [ 28, 1 ], [ 28, 2 ] ], [ [ 112, 29 ], [ 112, 30 ] ], [ [ 112, 31 ], [ 112, 32 ], [ 112, 33 ], [ 112, 34 ], [ 28, 8 ], [ 28, 10 ] ], [ [ 112, 35 ], [ 112, 36 ] ], [ [ 112, 37 ], [ 112, 38 ], [ 112, 39 ], [ 112, 40 ], [ 112, 41 ], [ 112, 42 ] ], [ [ 112, 43 ], [ 112, 44 ], [ 112, 45 ], [ 112, 46 ] ], [ [ 112, 47 ], [ 112, 48 ] ], [ [ 112, 49 ], [ 112, 50 ] ], [ [ 112, 51 ], [ 112, 52 ] ], [ [ 112, 53 ], [ 112, 54 ] ], [ [ 112, 55 ], [ 112, 56 ], [ 112, 57 ], [ 112, 58 ], [ 112, 41 ], [ 112, 42 ] ], [ [ 112, 59 ], [ 112, 60 ], [ 112, 61 ], [ 112, 62 ], [ 112, 63 ], [ 112, 64 ], [ 28, 12 ], [ 7, 1 ], [ 28, 15 ], [ 7, 2 ] ], [ [ 112, 65 ], [ 112, 66 ], [ 112, 67 ], [ 112, 68 ], [ 112, 69 ], [ 112, 70 ], [ 112, 71 ], [ 112, 72 ] ], [ [ 112, 73 ], [ 112, 74 ], [ 112, 75 ], [ 112, 76 ], [ 112, 71 ], [ 112, 72 ] ], [ [ 112, 77 ], [ 112, 78 ], [ 112, 79 ], [ 112, 80 ], [ 112, 81 ], [ 112, 82 ], [ 112, 83 ], [ 112, 84 ], [ 28, 3 ], [ 28, 4 ], [ 28, 5 ], [ 28, 6 ] ], [ [ 112, 85 ], [ 112, 86 ], [ 112, 87 ], [ 112, 88 ] ], [ [ 112, 89 ], [ 112, 90 ], [ 112, 91 ], [ 112, 92 ] ], [ [ 112, 93 ], [ 112, 94 ], [ 112, 95 ], [ 112, 96 ] ], [ [ 112, 97 ], [ 112, 98 ] ], [ [ 112, 99 ], [ 112, 100 ], [ 112, 101 ], [ 112, 102 ], [ 28, 7 ], [ 28, 9 ] ], [ [ 112, 103 ], [ 112, 104 ], [ 112, 105 ], [ 112, 106 ], [ 112, 107 ], [ 112, 108 ], [ 112, 109 ], [ 112, 110 ], [ 28, 7 ], [ 28, 8 ], [ 28, 9 ], [ 28, 10 ] ], [ [ 112, 111 ], [ 112, 112 ], [ 112, 113 ], [ 112, 114 ], [ 112, 115 ], [ 112, 116 ], [ 112, 117 ], [ 112, 118 ], [ 28, 7 ], [ 28, 8 ], [ 28, 9 ], [ 28, 10 ] ], [ [ 112, 119 ], [ 112, 120 ], [ 112, 121 ], [ 112, 122 ] ], [ [ 112, 123 ], [ 112, 124 ], [ 112, 125 ], [ 112, 126 ], [ 112, 127 ], [ 112, 128 ] ], [ [ 112, 129 ], [ 112, 130 ] ], [ [ 112, 131 ], [ 112, 132 ] ], [ [ 112, 133 ], [ 112, 134 ] ], [ [ 112, 135 ], [ 112, 136 ], [ 112, 137 ], [ 112, 138 ], [ 112, 139 ], [ 112, 140 ], [ 28, 7 ], [ 28, 1 ], [ 28, 8 ], [ 28, 9 ], [ 28, 2 ], [ 28, 10 ] ], [ [ 112, 141 ], [ 112, 142 ], [ 112, 143 ], [ 112, 144 ], [ 112, 145 ], [ 112, 146 ], [ 112, 147 ], [ 112, 148 ], [ 28, 7 ], [ 28, 8 ], [ 28, 9 ], [ 28, 10 ] ], [ [ 112, 149 ], [ 112, 150 ], [ 112, 151 ], [ 112, 152 ], [ 112, 153 ], [ 112, 154 ], [ 112, 155 ], [ 112, 156 ], [ 112, 157 ], [ 112, 158 ], [ 112, 159 ], [ 112, 160 ], [ 28, 11 ], [ 28, 3 ], [ 28, 12 ], [ 28, 12 ], [ 28, 4 ], [ 28, 13 ], [ 28, 14 ], [ 28, 5 ], [ 28, 15 ], [ 28, 15 ], [ 28, 6 ], [ 28, 16 ] ], [ [ 112, 161 ], [ 112, 162 ], [ 112, 163 ], [ 112, 164 ], [ 112, 165 ], [ 112, 166 ], [ 112, 167 ], [ 112, 168 ], [ 112, 169 ], [ 112, 170 ], [ 112, 171 ], [ 112, 172 ], [ 28, 11 ], [ 28, 12 ], [ 28, 12 ], [ 28, 14 ], [ 28, 15 ], [ 28, 15 ] ], [ [ 112, 173 ], [ 112, 174 ], [ 112, 175 ], [ 112, 176 ], [ 28, 11 ], [ 28, 14 ] ], [ [ 112, 177 ], [ 112, 178 ], [ 112, 179 ], [ 112, 180 ] ], [ [ 112, 181 ], [ 112, 182 ], [ 112, 183 ], [ 112, 184 ] ], [ [ 112, 185 ], [ 112, 186 ], [ 112, 187 ], [ 112, 188 ], [ 112, 189 ], [ 112, 190 ], [ 112, 191 ], [ 112, 192 ], [ 28, 7 ], [ 28, 8 ], [ 28, 9 ], [ 28, 10 ] ], [ [ 112, 193 ], [ 112, 194 ], [ 112, 195 ], [ 112, 196 ], [ 112, 197 ], [ 112, 198 ], [ 112, 199 ], [ 112, 200 ], [ 112, 201 ], [ 112, 202 ], [ 28, 11 ], [ 28, 12 ], [ 7, 1 ], [ 28, 13 ], [ 28, 14 ], [ 28, 15 ], [ 7, 2 ], [ 28, 16 ] ] ];

IDQUASICATONEGROUP_DATA[113]:=[ [ [ 113, 1 ], [ 113, 2 ] ] ];

IDQUASICATONEGROUP_DATA[114]:=[ [ [ 114, 1 ], [ 114, 2 ] ], [ [ 114, 3 ], [ 114, 4 ], [ 114, 5 ], [ 114, 6 ] ], [ [ 114, 7 ], [ 114, 8 ], [ 114, 9 ], [ 114, 10 ] ], [ [ 114, 11 ], [ 114, 12 ], [ 114, 13 ], [ 114, 14 ] ], [ [ 114, 15 ], [ 114, 16 ], [ 114, 17 ], [ 114, 18 ] ], [ [ 114, 19 ], [ 114, 20 ], [ 114, 21 ], [ 114, 22 ], [ 114, 23 ], [ 114, 24 ], [ 114, 25 ], [ 114, 26 ] ] ];

IDQUASICATONEGROUP_DATA[115]:=[ [ [ 115, 1 ], [ 115, 2 ], [ 115, 3 ], [ 115, 4 ] ] ];

IDQUASICATONEGROUP_DATA[116]:=[ [ [ 116, 1 ], [ 116, 2 ] ], [ [ 116, 3 ], [ 116, 4 ], [ 116, 5 ], [ 116, 6 ] ], [ [ 116, 7 ], [ 116, 8 ] ], [ [ 116, 9 ], [ 116, 10 ], [ 116, 11 ], [ 116, 12 ] ], [ [ 116, 13 ], [ 116, 14 ], [ 116, 15 ], [ 116, 16 ], [ 116, 17 ], [ 116, 18 ], [ 29, 1 ], [ 29, 2 ] ] ];

IDQUASICATONEGROUP_DATA[117]:=[ [ [ 117, 1 ], [ 117, 2 ] ], [ [ 117, 3 ], [ 117, 4 ], [ 117, 5 ], [ 117, 6 ] ], [ [ 117, 7 ], [ 117, 8 ], [ 117, 9 ], [ 117, 10 ] ], [ [ 117, 11 ], [ 117, 12 ], [ 117, 13 ], [ 117, 14 ], [ 117, 15 ], [ 117, 16 ], [ 13, 1 ], [ 13, 2 ] ] ];

IDQUASICATONEGROUP_DATA[118]:=[ [ [ 118, 1 ], [ 118, 2 ] ], [ [ 118, 3 ], [ 118, 4 ], [ 118, 5 ], [ 118, 6 ] ] ];

IDQUASICATONEGROUP_DATA[119]:=[ [ [ 119, 1 ], [ 119, 2 ], [ 119, 3 ], [ 119, 4 ] ] ];

IDQUASICATONEGROUP_DATA[120]:=[ [ [ 120, 1 ], [ 120, 2 ], [ 120, 3 ], [ 120, 4 ] ], [ [ 120, 5 ], [ 120, 6 ], [ 120, 7 ], [ 120, 8 ] ], [ [ 120, 9 ], [ 120, 10 ], [ 120, 11 ], [ 120, 12 ] ], [ [ 120, 13 ], [ 120, 14 ], [ 120, 15 ], [ 120, 16 ], [ 120, 17 ], [ 120, 18 ], [ 120, 19 ], [ 120, 20 ] ], [ [ 120, 21 ] ], [ [ 120, 22 ], [ 120, 23 ], [ 120, 24 ], [ 120, 25 ] ], [ [ 120, 26 ], [ 120, 27 ], [ 120, 28 ], [ 120, 29 ] ], [ [ 120, 30 ], [ 120, 31 ], [ 120, 32 ], [ 120, 33 ] ], [ [ 120, 34 ], [ 120, 35 ], [ 120, 36 ], [ 120, 37 ] ], [ [ 120, 38 ], [ 120, 39 ], [ 120, 40 ], [ 120, 41 ] ], [ [ 120, 42 ], [ 120, 43 ], [ 120, 44 ], [ 120, 45 ] ], [ [ 120, 46 ], [ 120, 47 ], [ 120, 48 ], [ 120, 49 ] ], [ [ 120, 50 ], [ 120, 51 ], [ 120, 52 ], [ 120, 53 ] ], [ [ 120, 54 ], [ 120, 55 ], [ 120, 56 ], [ 120, 57 ] ], [ [ 120, 58 ], [ 120, 59 ] ], [ [ 120, 60 ], [ 120, 61 ], [ 120, 62 ], [ 120, 63 ] ], [ [ 120, 64 ], [ 120, 65 ], [ 120, 66 ], [ 120, 67 ], [ 120, 68 ], [ 120, 69 ], [ 120, 70 ], [ 120, 71 ] ], [ [ 120, 72 ], [ 120, 73 ], [ 120, 74 ], [ 120, 75 ], [ 120, 76 ], [ 120, 77 ], [ 120, 78 ], [ 120, 79 ] ], [ [ 120, 80 ], [ 120, 81 ], [ 120, 82 ], [ 120, 83 ], [ 120, 84 ], [ 120, 85 ], [ 120, 86 ], [ 120, 87 ], [ 30, 5 ], [ 30, 6 ], [ 30, 7 ], [ 30, 8 ] ], [ [ 120, 88 ], [ 120, 89 ], [ 120, 90 ], [ 120, 91 ], [ 120, 92 ], [ 120, 93 ], [ 120, 94 ], [ 120, 95 ] ], [ [ 120, 96 ], [ 120, 97 ], [ 120, 98 ], [ 120, 99 ] ], [ [ 120, 100 ], [ 120, 101 ], [ 120, 102 ], [ 120, 103 ], [ 120, 104 ], [ 120, 105 ], [ 120, 106 ], [ 120, 107 ] ], [ [ 120, 108 ], [ 120, 109 ], [ 120, 110 ], [ 120, 111 ], [ 120, 112 ], [ 120, 113 ], [ 120, 114 ], [ 120, 115 ] ], [ [ 120, 116 ], [ 120, 117 ], [ 120, 118 ], [ 120, 119 ], [ 120, 120 ], [ 120, 121 ], [ 120, 122 ], [ 120, 123 ], [ 30, 1 ], [ 30, 2 ], [ 30, 3 ], [ 30, 4 ] ], [ [ 120, 124 ], [ 120, 125 ], [ 120, 126 ], [ 120, 127 ], [ 120, 128 ], [ 120, 129 ], [ 120, 130 ], [ 120, 131 ] ], [ [ 120, 132 ], [ 120, 133 ], [ 120, 134 ], [ 120, 135 ] ], [ [ 120, 136 ], [ 120, 137 ], [ 120, 138 ], [ 120, 139 ], [ 120, 140 ], [ 120, 141 ], [ 120, 142 ], [ 120, 143 ] ], [ [ 120, 144 ], [ 120, 145 ], [ 120, 146 ], [ 120, 147 ], [ 120, 148 ], [ 120, 149 ], [ 120, 150 ], [ 120, 151 ] ], [ [ 120, 152 ], [ 120, 153 ], [ 120, 154 ], [ 120, 155 ], [ 120, 156 ], [ 120, 157 ], [ 120, 158 ], [ 120, 159 ], [ 30, 9 ], [ 30, 10 ], [ 30, 11 ], [ 30, 12 ] ], [ [ 120, 160 ], [ 120, 161 ], [ 120, 162 ], [ 120, 163 ], [ 120, 164 ], [ 120, 165 ], [ 120, 166 ], [ 120, 167 ] ], [ [ 120, 168 ], [ 120, 169 ], [ 120, 170 ], [ 120, 171 ], [ 120, 172 ], [ 120, 173 ], [ 120, 174 ], [ 120, 175 ], [ 120, 176 ], [ 120, 177 ], [ 120, 178 ], [ 120, 179 ], [ 120, 180 ], [ 120, 181 ], [ 120, 182 ], [ 120, 183 ], [ 30, 13 ], [ 30, 14 ], [ 30, 15 ], [ 30, 16 ], [ 30, 17 ], [ 30, 18 ], [ 30, 19 ], [ 30, 20 ] ], [ [ 120, 184 ], [ 120, 185 ], [ 120, 186 ], [ 120, 187 ], [ 120, 188 ], [ 120, 189 ], [ 120, 190 ], [ 120, 191 ], [ 120, 192 ], [ 120, 193 ], [ 120, 194 ], [ 120, 195 ] ], [ [ 120, 196 ], [ 120, 197 ], [ 120, 198 ], [ 120, 199 ] ], [ [ 120, 200 ] ], [ [ 120, 201 ], [ 120, 202 ] ], [ [ 120, 203 ], [ 120, 204 ], [ 120, 205 ], [ 120, 206 ] ], [ [ 120, 207 ], [ 120, 208 ], [ 120, 209 ], [ 120, 210 ] ], [ [ 120, 211 ], [ 120, 212 ], [ 120, 213 ], [ 120, 214 ] ], [ [ 120, 215 ], [ 120, 216 ], [ 120, 217 ], [ 120, 218 ] ], [ [ 120, 219 ], [ 120, 220 ], [ 120, 221 ], [ 120, 222 ], [ 120, 223 ], [ 120, 224 ], [ 120, 225 ], [ 120, 226 ] ], [ [ 120, 227 ], [ 120, 228 ], [ 120, 229 ], [ 120, 230 ], [ 120, 231 ], [ 120, 232 ], [ 120, 233 ], [ 120, 234 ] ], [ [ 120, 235 ], [ 120, 236 ], [ 120, 237 ], [ 120, 238 ], [ 120, 239 ], [ 120, 240 ], [ 120, 241 ], [ 120, 242 ] ], [ [ 120, 243 ], [ 120, 244 ], [ 120, 245 ], [ 120, 246 ], [ 120, 247 ], [ 120, 248 ], [ 120, 249 ], [ 120, 250 ] ], [ [ 120, 251 ], [ 120, 252 ], [ 120, 253 ], [ 120, 254 ], [ 120, 255 ], [ 120, 256 ], [ 120, 257 ], [ 120, 258 ], [ 120, 259 ], [ 120, 260 ], [ 120, 261 ], [ 120, 262 ], [ 30, 5 ], [ 30, 6 ], [ 30, 7 ], [ 30, 8 ] ], [ [ 120, 263 ], [ 120, 264 ], [ 120, 265 ], [ 120, 266 ], [ 120, 267 ], [ 120, 268 ], [ 120, 269 ], [ 120, 270 ], [ 120, 271 ], [ 120, 272 ], [ 120, 273 ], [ 120, 274 ], [ 30, 1 ], [ 30, 2 ], [ 30, 3 ], [ 30, 4 ] ], [ [ 120, 275 ], [ 120, 276 ], [ 120, 277 ], [ 120, 278 ], [ 120, 279 ], [ 120, 280 ], [ 120, 281 ], [ 120, 282 ], [ 120, 283 ], [ 120, 284 ], [ 120, 285 ], [ 120, 286 ], [ 30, 9 ], [ 30, 10 ], [ 30, 11 ], [ 30, 12 ] ], [ [ 120, 287 ], [ 120, 288 ], [ 120, 289 ], [ 120, 290 ], [ 120, 291 ], [ 120, 292 ], [ 120, 293 ], [ 120, 294 ], [ 120, 295 ], [ 120, 296 ], [ 120, 297 ], [ 120, 298 ], [ 120, 299 ], [ 120, 300 ], [ 120, 301 ], [ 120, 302 ], [ 30, 13 ], [ 30, 14 ], [ 30, 15 ], [ 30, 16 ], [ 30, 17 ], [ 30, 18 ], [ 30, 19 ], [ 30, 20 ] ] ];

IDQUASICATONEGROUP_DATA[121]:=[ [ [ 121, 1 ], [ 121, 2 ] ], [ [ 121, 3 ], [ 121, 4 ], [ 121, 5 ], [ 1, 1 ] ] ];

IDQUASICATONEGROUP_DATA[122]:=[ [ [ 122, 1 ], [ 122, 2 ] ], [ [ 122, 3 ], [ 122, 4 ], [ 122, 5 ], [ 122, 6 ] ] ];

IDQUASICATONEGROUP_DATA[123]:=[ [ [ 123, 1 ], [ 123, 2 ], [ 123, 3 ], [ 123, 4 ] ] ];

IDQUASICATONEGROUP_DATA[124]:=[ [ [ 124, 1 ], [ 124, 2 ] ], [ [ 124, 3 ], [ 124, 4 ], [ 124, 5 ], [ 124, 6 ] ], [ [ 124, 7 ], [ 124, 8 ], [ 124, 9 ], [ 124, 10 ] ], [ [ 124, 11 ], [ 124, 12 ], [ 124, 13 ], [ 124, 14 ], [ 124, 15 ], [ 124, 16 ], [ 31, 1 ], [ 31, 2 ] ] ];

IDQUASICATONEGROUP_DATA[125]:=[ [ [ 125, 1 ], [ 125, 2 ] ], [ [ 125, 3 ], [ 125, 4 ], [ 125, 5 ], [ 125, 6 ], [ 5, 1 ], [ 5, 2 ] ], [ [ 125, 7 ], [ 125, 8 ] ], [ [ 125, 9 ], [ 125, 10 ] ], [ [ 125, 11 ], [ 125, 12 ], [ 125, 13 ], [ 125, 14 ], [ 5, 1 ], [ 5, 2 ] ] ];

IDQUASICATONEGROUP_DATA[126]:=[ [ [ 126, 1 ], [ 126, 2 ] ], [ [ 126, 3 ], [ 126, 4 ], [ 126, 5 ], [ 126, 6 ] ], [ [ 126, 7 ], [ 126, 8 ], [ 126, 9 ], [ 126, 10 ] ], [ [ 126, 11 ], [ 126, 12 ], [ 126, 13 ], [ 126, 14 ] ], [ [ 126, 15 ], [ 126, 16 ], [ 126, 17 ], [ 126, 18 ] ], [ [ 126, 19 ], [ 126, 20 ], [ 126, 21 ], [ 126, 22 ], [ 126, 23 ], [ 126, 24 ], [ 126, 25 ], [ 126, 26 ] ], [ [ 126, 27 ], [ 126, 28 ], [ 126, 29 ], [ 126, 30 ] ], [ [ 126, 31 ], [ 126, 32 ], [ 126, 33 ], [ 126, 34 ] ], [ [ 126, 35 ], [ 126, 36 ], [ 126, 37 ], [ 126, 38 ] ], [ [ 126, 39 ], [ 126, 40 ], [ 126, 41 ], [ 126, 42 ], [ 126, 43 ], [ 126, 44 ], [ 126, 45 ], [ 126, 46 ] ], [ [ 126, 47 ], [ 126, 48 ], [ 126, 49 ], [ 126, 50 ], [ 126, 51 ], [ 126, 52 ], [ 14, 1 ], [ 14, 2 ] ], [ [ 126, 53 ], [ 126, 54 ], [ 126, 55 ], [ 126, 56 ], [ 126, 57 ], [ 126, 58 ], [ 126, 59 ], [ 126, 60 ] ], [ [ 126, 61 ], [ 126, 62 ], [ 126, 63 ], [ 126, 64 ], [ 126, 65 ], [ 126, 66 ], [ 126, 67 ], [ 126, 68 ] ], [ [ 126, 69 ], [ 126, 70 ], [ 126, 71 ], [ 126, 72 ], [ 126, 73 ], [ 126, 74 ], [ 14, 3 ], [ 14, 5 ] ], [ [ 126, 75 ], [ 126, 76 ], [ 126, 77 ], [ 126, 78 ], [ 126, 79 ], [ 126, 80 ], [ 14, 1 ], [ 14, 2 ] ], [ [ 126, 81 ], [ 126, 82 ], [ 126, 83 ], [ 126, 84 ], [ 126, 85 ], [ 126, 86 ], [ 126, 87 ], [ 126, 88 ], [ 126, 89 ], [ 126, 90 ], [ 126, 91 ], [ 126, 92 ], [ 14, 3 ], [ 14, 4 ], [ 14, 5 ], [ 14, 6 ] ] ];

IDQUASICATONEGROUP_DATA[127]:=[ [ [ 127, 1 ], [ 127, 2 ] ] ];


MakeReadOnlyGlobal("QUASICATONEGROUP_DATA_SIZE");
MakeReadOnlyGlobal("QUASICATONEGROUP_DATA_NOT");
MakeReadOnlyGlobal("SMALLQUASICATONEGROUP_DATA");
MakeReadOnlyGlobal("IDQUASICATONEGROUP_DATA");

