HAP_GCOMPLEX_SETUP:=[false]; 
HAP_GCOMPLEX_LIST:=[[rec(TheMatrixStab:=Group([ [ [ -3, 0, 2, 1 ], [ 0, -3, -1, 3 ], [ -3, 1, 2, 0 ], [ -1, -2, 0, 2 ] ], 
  [ [ -2, -1, 1, 2 ], [ 5, -2, -5, 0 ], [ -4, 0, 3, 2 ], [ 2, -2, -3, 1 ] ], 
  [ [ -2, 0, 1, 1 ], [ 0, -2, -2, 1 ], [ -1, 1, 1, 0 ], [ -2, -1, 0, 1 ] ], 
  [ [ -2, 0, 2, 1 ], [ 0, -2, -1, 3 ], [ -3, 1, 3, 0 ], [ -1, -2, 0, 3 ] ], 
  [ [ -2, 1, 2, 0 ], [ -5, -2, 2, 4 ], [ 0, 2, 1, -2 ], [ -5, -1, 3, 3 ] ], 
  [ [ -1, -1, 0, 1 ], [ 5, -1, -3, -1 ], [ -3, -1, 1, 2 ], [ 4, -1, -3, -1 ] ]
    , [ [ -1, 0, 0, 0 ], [ 0, -1, 0, 0 ], [ 0, 0, -1, 0 ], [ 0, 0, 0, -1 ] ], 
  [ [ -1, 0, 1, 0 ], [ 0, -1, 1, 2 ], [ -2, 0, 1, 0 ], [ 1, -1, 0, 1 ] ], 
  [ [ -1, 0, 1, 1 ], [ 0, -1, -2, 1 ], [ -1, 1, 2, 0 ], [ -2, -1, 0, 2 ] ], 
  [ [ -1, 1, 1, -1 ], [ -5, -1, 4, 3 ], [ 1, 1, -1, -2 ], [ -3, 0, 3, 1 ] ], 
  [ [ 0, -1, -1, 1 ], [ 5, 0, -4, -3 ], [ -1, -1, 0, 2 ], [ 3, 0, -3, -2 ] ], 
  [ [ 0, -1, 0, 1 ], [ 5, 0, -3, -1 ], [ -3, -1, 2, 2 ], [ 4, -1, -3, 0 ] ], 
  [ [ 0, 1, 0, -1 ], [ -5, 0, 3, 1 ], [ 3, 1, -2, -2 ], [ -4, 1, 3, 0 ] ], 
  [ [ 0, 1, 1, -1 ], [ -5, 0, 4, 3 ], [ 1, 1, 0, -2 ], [ -3, 0, 3, 2 ] ], 
  [ [ 1, -1, -1, 1 ], [ 5, 1, -4, -3 ], [ -1, -1, 1, 2 ], [ 3, 0, -3, -1 ] ], 
  [ [ 1, 0, -1, -1 ], [ 0, 1, 2, -1 ], [ 1, -1, -2, 0 ], [ 2, 1, 0, -2 ] ], 
  [ [ 1, 0, -1, 0 ], [ 0, 1, -1, -2 ], [ 2, 0, -1, 0 ], [ -1, 1, 0, -1 ] ], 
  [ [ 1, 0, 0, 0 ], [ 0, 1, 0, 0 ], [ 0, 0, 1, 0 ], [ 0, 0, 0, 1 ] ], 
  [ [ 1, 1, 0, -1 ], [ -5, 1, 3, 1 ], [ 3, 1, -1, -2 ], [ -4, 1, 3, 1 ] ], 
  [ [ 2, -1, -2, 0 ], [ 5, 2, -2, -4 ], [ 0, -2, -1, 2 ], [ 5, 1, -3, -3 ] ], 
  [ [ 2, 0, -2, -1 ], [ 0, 2, 1, -3 ], [ 3, -1, -3, 0 ], [ 1, 2, 0, -3 ] ], 
  [ [ 2, 0, -1, -1 ], [ 0, 2, 2, -1 ], [ 1, -1, -1, 0 ], [ 2, 1, 0, -1 ] ], 
  [ [ 2, 1, -1, -2 ], [ -5, 2, 5, 0 ], [ 4, 0, -3, -2 ], [ -2, 2, 3, -1 ] ], 
  [ [ 3, 0, -2, -1 ], [ 0, 3, 1, -3 ], [ 3, -1, -2, 0 ], [ 1, 2, 0, -2 ] ] ]),TheRotSubgroup:=Group([ [ [ -3, 0, 2, 1 ], [ 0, -3, -1, 3 ], [ -3, 1, 2, 0 ], [ -1, -2, 0, 2 ] ], 
  [ [ -2, -1, 1, 2 ], [ 5, -2, -5, 0 ], [ -4, 0, 3, 2 ], [ 2, -2, -3, 1 ] ], 
  [ [ -2, 0, 1, 1 ], [ 0, -2, -2, 1 ], [ -1, 1, 1, 0 ], [ -2, -1, 0, 1 ] ], 
  [ [ -2, 0, 2, 1 ], [ 0, -2, -1, 3 ], [ -3, 1, 3, 0 ], [ -1, -2, 0, 3 ] ], 
  [ [ -2, 1, 2, 0 ], [ -5, -2, 2, 4 ], [ 0, 2, 1, -2 ], [ -5, -1, 3, 3 ] ], 
  [ [ -1, -1, 0, 1 ], [ 5, -1, -3, -1 ], [ -3, -1, 1, 2 ], [ 4, -1, -3, -1 ] ]
    , [ [ -1, 0, 0, 0 ], [ 0, -1, 0, 0 ], [ 0, 0, -1, 0 ], [ 0, 0, 0, -1 ] ], 
  [ [ -1, 0, 1, 0 ], [ 0, -1, 1, 2 ], [ -2, 0, 1, 0 ], [ 1, -1, 0, 1 ] ], 
  [ [ -1, 0, 1, 1 ], [ 0, -1, -2, 1 ], [ -1, 1, 2, 0 ], [ -2, -1, 0, 2 ] ], 
  [ [ -1, 1, 1, -1 ], [ -5, -1, 4, 3 ], [ 1, 1, -1, -2 ], [ -3, 0, 3, 1 ] ], 
  [ [ 0, -1, -1, 1 ], [ 5, 0, -4, -3 ], [ -1, -1, 0, 2 ], [ 3, 0, -3, -2 ] ], 
  [ [ 0, -1, 0, 1 ], [ 5, 0, -3, -1 ], [ -3, -1, 2, 2 ], [ 4, -1, -3, 0 ] ], 
  [ [ 0, 1, 0, -1 ], [ -5, 0, 3, 1 ], [ 3, 1, -2, -2 ], [ -4, 1, 3, 0 ] ], 
  [ [ 0, 1, 1, -1 ], [ -5, 0, 4, 3 ], [ 1, 1, 0, -2 ], [ -3, 0, 3, 2 ] ], 
  [ [ 1, -1, -1, 1 ], [ 5, 1, -4, -3 ], [ -1, -1, 1, 2 ], [ 3, 0, -3, -1 ] ], 
  [ [ 1, 0, -1, -1 ], [ 0, 1, 2, -1 ], [ 1, -1, -2, 0 ], [ 2, 1, 0, -2 ] ], 
  [ [ 1, 0, -1, 0 ], [ 0, 1, -1, -2 ], [ 2, 0, -1, 0 ], [ -1, 1, 0, -1 ] ], 
  [ [ 1, 0, 0, 0 ], [ 0, 1, 0, 0 ], [ 0, 0, 1, 0 ], [ 0, 0, 0, 1 ] ], 
  [ [ 1, 1, 0, -1 ], [ -5, 1, 3, 1 ], [ 3, 1, -1, -2 ], [ -4, 1, 3, 1 ] ], 
  [ [ 2, -1, -2, 0 ], [ 5, 2, -2, -4 ], [ 0, -2, -1, 2 ], [ 5, 1, -3, -3 ] ], 
  [ [ 2, 0, -2, -1 ], [ 0, 2, 1, -3 ], [ 3, -1, -3, 0 ], [ 1, 2, 0, -3 ] ], 
  [ [ 2, 0, -1, -1 ], [ 0, 2, 2, -1 ], [ 1, -1, -1, 0 ], [ 2, 1, 0, -1 ] ], 
  [ [ 2, 1, -1, -2 ], [ -5, 2, 5, 0 ], [ 4, 0, -3, -2 ], [ -2, 2, 3, -1 ] ], 
  [ [ 3, 0, -2, -1 ], [ 0, 3, 1, -3 ], [ 3, -1, -2, 0 ], [ 1, 2, 0, -2 ] ] ]),BoundaryImage:=rec(ListIFace:=[  ],ListSign:=[  ],ListElt:=[  ]))],[rec(TheMatrixStab:=Group([ [ [ -9, -4, 4, 8 ], [ 20, -9, -20, 0 ], [ -18, 0, 13, 8 ], 
      [ 9, -9, -12, 5 ] ], 
  [ [ -9, 4, 9, 0 ], [ -20, -9, 9, 18 ], [ 0, 8, 5, -8 ], [ -20, -4, 12, 13 ] 
     ], [ [ -1, 0, 0, 0 ], [ 0, -1, 0, 0 ], [ 0, 0, -1, 0 ], [ 0, 0, 0, -1 ] ]
    , [ [ -1, 0, 1, 0 ], [ 0, -1, 1, 2 ], [ -2, 0, 1, 0 ], [ 1, -1, 0, 1 ] ], 
  [ [ 1, 0, -1, 0 ], [ 0, 1, -1, -2 ], [ 2, 0, -1, 0 ], [ -1, 1, 0, -1 ] ], 
  [ [ 1, 0, 0, 0 ], [ 0, 1, 0, 0 ], [ 0, 0, 1, 0 ], [ 0, 0, 0, 1 ] ], 
  [ [ 9, -4, -9, 0 ], [ 20, 9, -9, -18 ], [ 0, -8, -5, 8 ], 
      [ 20, 4, -12, -13 ] ], 
  [ [ 9, 4, -4, -8 ], [ -20, 9, 20, 0 ], [ 18, 0, -13, -8 ], 
      [ -9, 9, 12, -5 ] ] ]),TheRotSubgroup:=Group([ [ [ -1, 0, 0, 0 ], [ 0, -1, 0, 0 ], [ 0, 0, -1, 0 ], [ 0, 0, 0, -1 ] ], 
  [ [ -1, 0, 1, 0 ], [ 0, -1, 1, 2 ], [ -2, 0, 1, 0 ], [ 1, -1, 0, 1 ] ], 
  [ [ 1, 0, -1, 0 ], [ 0, 1, -1, -2 ], [ 2, 0, -1, 0 ], [ -1, 1, 0, -1 ] ], 
  [ [ 1, 0, 0, 0 ], [ 0, 1, 0, 0 ], [ 0, 0, 1, 0 ], [ 0, 0, 0, 1 ] ] ]),BoundaryImage:=rec(ListIFace:=[ 1, 1 ],ListSign:=[ -1, 1 ],ListElt:=[ [ [ 3, 0, -2, -1 ], [ 0, 3, 1, -3 ], [ 3, -1, -2, 0 ], [ 1, 2, 0, -2 ] ], 
  [ [ 9, -1, -5, -3 ], [ 5, 9, 4, -7 ], [ 7, -5, -7, 0 ], [ 9, 6, 0, -7 ] ] ])),rec(TheMatrixStab:=Group([ [ [ -8, 0, 6, 3 ], [ 0, -8, -3, 9 ], [ -9, 3, 8, 0 ], [ -3, -6, 0, 8 ] ], 
  [ [ -4, -3, 2, 5 ], [ 15, -4, -13, -1 ], [ -10, -2, 7, 6 ], 
      [ 10, -4, -9, 1 ] ], 
  [ [ -4, 3, 4, -2 ], [ -15, -4, 10, 10 ], [ 1, 5, 1, -6 ], [ -13, -2, 9, 7 ] 
     ], 
  [ [ -2, 0, 1, 1 ], [ 0, -2, -2, 1 ], [ -1, 1, 1, 0 ], [ -2, -1, 0, 1 ] ], 
  [ [ -1, 0, 0, 0 ], [ 0, -1, 0, 0 ], [ 0, 0, -1, 0 ], [ 0, 0, 0, -1 ] ], 
  [ [ -1, 0, 1, 1 ], [ 0, -1, -2, 1 ], [ -1, 1, 2, 0 ], [ -2, -1, 0, 2 ] ], 
  [ [ 1, 0, -1, -1 ], [ 0, 1, 2, -1 ], [ 1, -1, -2, 0 ], [ 2, 1, 0, -2 ] ], 
  [ [ 1, 0, 0, 0 ], [ 0, 1, 0, 0 ], [ 0, 0, 1, 0 ], [ 0, 0, 0, 1 ] ], 
  [ [ 2, 0, -1, -1 ], [ 0, 2, 2, -1 ], [ 1, -1, -1, 0 ], [ 2, 1, 0, -1 ] ], 
  [ [ 4, -3, -4, 2 ], [ 15, 4, -10, -10 ], [ -1, -5, -1, 6 ], 
      [ 13, 2, -9, -7 ] ], 
  [ [ 4, 3, -2, -5 ], [ -15, 4, 13, 1 ], [ 10, 2, -7, -6 ], [ -10, 4, 9, -1 ] 
     ], 
  [ [ 8, 0, -6, -3 ], [ 0, 8, 3, -9 ], [ 9, -3, -8, 0 ], [ 3, 6, 0, -8 ] ] ]),TheRotSubgroup:=Group([ [ [ -2, 0, 1, 1 ], [ 0, -2, -2, 1 ], [ -1, 1, 1, 0 ], [ -2, -1, 0, 1 ] ], 
  [ [ -1, 0, 0, 0 ], [ 0, -1, 0, 0 ], [ 0, 0, -1, 0 ], [ 0, 0, 0, -1 ] ], 
  [ [ -1, 0, 1, 1 ], [ 0, -1, -2, 1 ], [ -1, 1, 2, 0 ], [ -2, -1, 0, 2 ] ], 
  [ [ 1, 0, -1, -1 ], [ 0, 1, 2, -1 ], [ 1, -1, -2, 0 ], [ 2, 1, 0, -2 ] ], 
  [ [ 1, 0, 0, 0 ], [ 0, 1, 0, 0 ], [ 0, 0, 1, 0 ], [ 0, 0, 0, 1 ] ], 
  [ [ 2, 0, -1, -1 ], [ 0, 2, 2, -1 ], [ 1, -1, -1, 0 ], [ 2, 1, 0, -1 ] ] ]),BoundaryImage:=rec(ListIFace:=[ 1, 1 ],ListSign:=[ -1, 1 ],ListElt:=[ [ [ -2, 2, 1, -1 ], [ -10, -2, 4, 3 ], [ 1, 3, 0, -2 ], [ -8, -1, 3, 2 ] ], 
  [ [ -1, 0, 1, 0 ], [ 0, -1, 1, 2 ], [ -2, 0, 1, 0 ], [ 1, -1, 0, 1 ] ] ])),rec(TheMatrixStab:=Group([ [ [ -6, -1, 3, 3 ], [ 5, -6, -6, 3 ], [ -10, 2, 7, 2 ], [ 0, -6, -3, 5 ] ], 
  [ [ -5, 2, 4, 0 ], [ -10, -5, 4, 8 ], [ -1, 5, 3, -4 ], [ -12, -3, 6, 7 ] ],
  [ [ -1, -3, -1, 3 ], [ 15, -1, -10, -5 ], [ -9, -3, 4, 6 ], 
      [ 12, -3, -9, -2 ] ], 
  [ [ -1, 0, 0, 0 ], [ 0, -1, 0, 0 ], [ 0, 0, -1, 0 ], [ 0, 0, 0, -1 ] ], 
  [ [ -1, 1, 1, -1 ], [ -5, -1, 4, 3 ], [ 1, 1, -1, -2 ], [ -3, 0, 3, 1 ] ], 
  [ [ 0, -1, -1, 1 ], [ 5, 0, -4, -3 ], [ -1, -1, 0, 2 ], [ 3, 0, -3, -2 ] ], 
  [ [ 0, 1, 1, -1 ], [ -5, 0, 4, 3 ], [ 1, 1, 0, -2 ], [ -3, 0, 3, 2 ] ], 
  [ [ 1, -1, -1, 1 ], [ 5, 1, -4, -3 ], [ -1, -1, 1, 2 ], [ 3, 0, -3, -1 ] ], 
  [ [ 1, 0, 0, 0 ], [ 0, 1, 0, 0 ], [ 0, 0, 1, 0 ], [ 0, 0, 0, 1 ] ], 
  [ [ 1, 3, 1, -3 ], [ -15, 1, 10, 5 ], [ 9, 3, -4, -6 ], [ -12, 3, 9, 2 ] ], 
  [ [ 5, -2, -4, 0 ], [ 10, 5, -4, -8 ], [ 1, -5, -3, 4 ], [ 12, 3, -6, -7 ] ]
    , 
  [ [ 6, 1, -3, -3 ], [ -5, 6, 6, -3 ], [ 10, -2, -7, -2 ], [ 0, 6, 3, -5 ] ] 
 ]),TheRotSubgroup:=Group([ [ [ -1, 0, 0, 0 ], [ 0, -1, 0, 0 ], [ 0, 0, -1, 0 ], [ 0, 0, 0, -1 ] ], 
  [ [ -1, 1, 1, -1 ], [ -5, -1, 4, 3 ], [ 1, 1, -1, -2 ], [ -3, 0, 3, 1 ] ], 
  [ [ 0, -1, -1, 1 ], [ 5, 0, -4, -3 ], [ -1, -1, 0, 2 ], [ 3, 0, -3, -2 ] ], 
  [ [ 0, 1, 1, -1 ], [ -5, 0, 4, 3 ], [ 1, 1, 0, -2 ], [ -3, 0, 3, 2 ] ], 
  [ [ 1, -1, -1, 1 ], [ 5, 1, -4, -3 ], [ -1, -1, 1, 2 ], [ 3, 0, -3, -1 ] ], 
  [ [ 1, 0, 0, 0 ], [ 0, 1, 0, 0 ], [ 0, 0, 1, 0 ], [ 0, 0, 0, 1 ] ] ]),BoundaryImage:=rec(ListIFace:=[ 1, 1 ],ListSign:=[ -1, 1 ],ListElt:=[ [ [ 1, -1, -1, 1 ], [ 5, 1, -4, -3 ], [ -1, -1, 1, 2 ], [ 3, 0, -3, -1 ] ], 
  [ [ -4, -1, 3, 2 ], [ 5, -4, -3, 4 ], [ -7, 1, 5, 0 ], [ 1, -4, 0, 5 ] ] ]))],[rec(TheMatrixStab:=Group([ [ [ -19, 0, 14, 8 ], [ 0, -19, -10, 20 ], [ -20, 8, 19, 0 ], 
      [ -10, -14, 0, 19 ] ], 
  [ [ -1, 0, 0, 0 ], [ 0, -1, 0, 0 ], [ 0, 0, -1, 0 ], [ 0, 0, 0, -1 ] ], 
  [ [ 1, 0, 0, 0 ], [ 0, 1, 0, 0 ], [ 0, 0, 1, 0 ], [ 0, 0, 0, 1 ] ], 
  [ [ 19, 0, -14, -8 ], [ 0, 19, 10, -20 ], [ 20, -8, -19, 0 ], 
      [ 10, 14, 0, -19 ] ] ]),TheRotSubgroup:=Group([ [ [ -19, 0, 14, 8 ], [ 0, -19, -10, 20 ], [ -20, 8, 19, 0 ], 
      [ -10, -14, 0, 19 ] ], 
  [ [ -1, 0, 0, 0 ], [ 0, -1, 0, 0 ], [ 0, 0, -1, 0 ], [ 0, 0, 0, -1 ] ], 
  [ [ 1, 0, 0, 0 ], [ 0, 1, 0, 0 ], [ 0, 0, 1, 0 ], [ 0, 0, 0, 1 ] ], 
  [ [ 19, 0, -14, -8 ], [ 0, 19, 10, -20 ], [ 20, -8, -19, 0 ], 
      [ 10, 14, 0, -19 ] ] ]),BoundaryImage:=rec(ListIFace:=[ 1, 3, 2, 3, 1, 2 ],ListSign:=[ 1, 1, -1, -1, -1, 1 ],ListElt:=[ [ [ 9, -4, -9, 0 ], [ 20, 9, -9, -18 ], [ 0, -8, -5, 8 ], 
      [ 20, 4, -12, -13 ] ], 
  [ [ -12, -4, 5, 7 ], [ 20, -12, -16, 3 ], [ -21, 1, 12, 6 ], 
      [ 8, -11, -9, 6 ] ], 
  [ [ 1, 0, 0, 0 ], [ 0, 1, 0, 0 ], [ 0, 0, 1, 0 ], [ 0, 0, 0, 1 ] ], 
  [ [ -12, 2, 8, 3 ], [ -10, -12, -1, 13 ], [ -9, 7, 9, -2 ], 
      [ -13, -8, 3, 11 ] ], 
  [ [ 19, 0, -14, -8 ], [ 0, 19, 10, -20 ], [ 20, -8, -19, 0 ], 
      [ 10, 14, 0, -19 ] ], 
  [ [ 14, 3, -10, -10 ], [ -15, 14, 20, -10 ], [ 21, -3, -19, -6 ], 
      [ -3, 12, 9, -13 ] ] ]))]];