HAP_GCOMPLEX_SETUP:=[false]; 
HAP_GCOMPLEX_LIST:=[[rec(TheMatrixStab:=Group([ [ [ -1, 0, 0, 0 ], [ 0, -1, 0, 0 ], [ 0, 0, -1, 0 ], [ 0, 0, 0, -1 ] ], 
  [ [ -1, 0, 1, 0 ], [ 0, -1, 0, 2 ], [ -2, 0, 1, 0 ], [ 0, -1, 0, 1 ] ], 
  [ [ 1, 0, -1, 0 ], [ 0, 1, 0, -2 ], [ 2, 0, -1, 0 ], [ 0, 1, 0, -1 ] ], 
  [ [ 1, 0, 0, 0 ], [ 0, 1, 0, 0 ], [ 0, 0, 1, 0 ], [ 0, 0, 0, 1 ] ] ]),TheRotSubgroup:=Group([ [ [ -1, 0, 0, 0 ], [ 0, -1, 0, 0 ], [ 0, 0, -1, 0 ], [ 0, 0, 0, -1 ] ], 
  [ [ -1, 0, 1, 0 ], [ 0, -1, 0, 2 ], [ -2, 0, 1, 0 ], [ 0, -1, 0, 1 ] ], 
  [ [ 1, 0, -1, 0 ], [ 0, 1, 0, -2 ], [ 2, 0, -1, 0 ], [ 0, 1, 0, -1 ] ], 
  [ [ 1, 0, 0, 0 ], [ 0, 1, 0, 0 ], [ 0, 0, 1, 0 ], [ 0, 0, 0, 1 ] ] ]),BoundaryImage:=rec(ListIFace:=[  ],ListSign:=[  ],ListElt:=[  ])),rec(TheMatrixStab:=Group([ [ [ -1, 0, -1, 0 ], [ 0, -1, 0, -2 ], [ 2, 0, 1, 0 ], [ 0, 1, 0, 1 ] ], 
  [ [ -1, 0, 0, 0 ], [ 0, -1, 0, 0 ], [ 0, 0, -1, 0 ], [ 0, 0, 0, -1 ] ], 
  [ [ 1, 0, 0, 0 ], [ 0, 1, 0, 0 ], [ 0, 0, 1, 0 ], [ 0, 0, 0, 1 ] ], 
  [ [ 1, 0, 1, 0 ], [ 0, 1, 0, 2 ], [ -2, 0, -1, 0 ], [ 0, -1, 0, -1 ] ] ]),TheRotSubgroup:=Group([ [ [ -1, 0, -1, 0 ], [ 0, -1, 0, -2 ], [ 2, 0, 1, 0 ], [ 0, 1, 0, 1 ] ], 
  [ [ -1, 0, 0, 0 ], [ 0, -1, 0, 0 ], [ 0, 0, -1, 0 ], [ 0, 0, 0, -1 ] ], 
  [ [ 1, 0, 0, 0 ], [ 0, 1, 0, 0 ], [ 0, 0, 1, 0 ], [ 0, 0, 0, 1 ] ], 
  [ [ 1, 0, 1, 0 ], [ 0, 1, 0, 2 ], [ -2, 0, -1, 0 ], [ 0, -1, 0, -1 ] ] ]),BoundaryImage:=rec(ListIFace:=[  ],ListSign:=[  ],ListElt:=[  ])),rec(TheMatrixStab:=Group([ [ [ -14, 0, 7, 3 ], [ 0, -14, -33, 14 ], [ -14, 3, 14, 0 ], 
      [ -33, -7, 0, 14 ] ], 
  [ [ -1, 0, 0, 0 ], [ 0, -1, 0, 0 ], [ 0, 0, -1, 0 ], [ 0, 0, 0, -1 ] ], 
  [ [ -1, 0, 1, 0 ], [ 0, -1, 0, 2 ], [ -2, 0, 1, 0 ], [ 0, -1, 0, 1 ] ], 
  [ [ 0, -3, -7, 3 ], [ 66, 0, -33, -14 ], [ -14, -3, 0, 6 ], 
      [ 33, -7, -33, 0 ] ], 
  [ [ 0, 3, 7, -3 ], [ -66, 0, 33, 14 ], [ 14, 3, 0, -6 ], [ -33, 7, 33, 0 ] ]
    , [ [ 1, 0, -1, 0 ], [ 0, 1, 0, -2 ], [ 2, 0, -1, 0 ], [ 0, 1, 0, -1 ] ], 
  [ [ 1, 0, 0, 0 ], [ 0, 1, 0, 0 ], [ 0, 0, 1, 0 ], [ 0, 0, 0, 1 ] ], 
  [ [ 14, 0, -7, -3 ], [ 0, 14, 33, -14 ], [ 14, -3, -14, 0 ], 
      [ 33, 7, 0, -14 ] ] ]),TheRotSubgroup:=Group([ [ [ -14, 0, 7, 3 ], [ 0, -14, -33, 14 ], [ -14, 3, 14, 0 ], 
      [ -33, -7, 0, 14 ] ], 
  [ [ -1, 0, 0, 0 ], [ 0, -1, 0, 0 ], [ 0, 0, -1, 0 ], [ 0, 0, 0, -1 ] ], 
  [ [ -1, 0, 1, 0 ], [ 0, -1, 0, 2 ], [ -2, 0, 1, 0 ], [ 0, -1, 0, 1 ] ], 
  [ [ 0, -3, -7, 3 ], [ 66, 0, -33, -14 ], [ -14, -3, 0, 6 ], 
      [ 33, -7, -33, 0 ] ], 
  [ [ 0, 3, 7, -3 ], [ -66, 0, 33, 14 ], [ 14, 3, 0, -6 ], [ -33, 7, 33, 0 ] ]
    , [ [ 1, 0, -1, 0 ], [ 0, 1, 0, -2 ], [ 2, 0, -1, 0 ], [ 0, 1, 0, -1 ] ], 
  [ [ 1, 0, 0, 0 ], [ 0, 1, 0, 0 ], [ 0, 0, 1, 0 ], [ 0, 0, 0, 1 ] ], 
  [ [ 14, 0, -7, -3 ], [ 0, 14, 33, -14 ], [ 14, -3, -14, 0 ], 
      [ 33, 7, 0, -14 ] ] ]),BoundaryImage:=rec(ListIFace:=[  ],ListSign:=[  ],ListElt:=[  ])),rec(TheMatrixStab:=Group([ [ [ -14, 0, -7, -3 ], [ 0, -14, 33, -14 ], [ 14, -3, 14, 0 ], 
      [ 33, 7, 0, 14 ] ], 
  [ [ -1, 0, -1, 0 ], [ 0, -1, 0, -2 ], [ 2, 0, 1, 0 ], [ 0, 1, 0, 1 ] ], 
  [ [ -1, 0, 0, 0 ], [ 0, -1, 0, 0 ], [ 0, 0, -1, 0 ], [ 0, 0, 0, -1 ] ], 
  [ [ 0, -3, 7, -3 ], [ 66, 0, 33, 14 ], [ 14, 3, 0, 6 ], [ -33, 7, -33, 0 ] ]
    , 
  [ [ 0, 3, -7, 3 ], [ -66, 0, -33, -14 ], [ -14, -3, 0, -6 ], 
      [ 33, -7, 33, 0 ] ], 
  [ [ 1, 0, 0, 0 ], [ 0, 1, 0, 0 ], [ 0, 0, 1, 0 ], [ 0, 0, 0, 1 ] ], 
  [ [ 1, 0, 1, 0 ], [ 0, 1, 0, 2 ], [ -2, 0, -1, 0 ], [ 0, -1, 0, -1 ] ], 
  [ [ 14, 0, 7, 3 ], [ 0, 14, -33, 14 ], [ -14, 3, -14, 0 ], 
      [ -33, -7, 0, -14 ] ] ]),TheRotSubgroup:=Group([ [ [ -14, 0, -7, -3 ], [ 0, -14, 33, -14 ], [ 14, -3, 14, 0 ], 
      [ 33, 7, 0, 14 ] ], 
  [ [ -1, 0, -1, 0 ], [ 0, -1, 0, -2 ], [ 2, 0, 1, 0 ], [ 0, 1, 0, 1 ] ], 
  [ [ -1, 0, 0, 0 ], [ 0, -1, 0, 0 ], [ 0, 0, -1, 0 ], [ 0, 0, 0, -1 ] ], 
  [ [ 0, -3, 7, -3 ], [ 66, 0, 33, 14 ], [ 14, 3, 0, 6 ], [ -33, 7, -33, 0 ] ]
    , 
  [ [ 0, 3, -7, 3 ], [ -66, 0, -33, -14 ], [ -14, -3, 0, -6 ], 
      [ 33, -7, 33, 0 ] ], 
  [ [ 1, 0, 0, 0 ], [ 0, 1, 0, 0 ], [ 0, 0, 1, 0 ], [ 0, 0, 0, 1 ] ], 
  [ [ 1, 0, 1, 0 ], [ 0, 1, 0, 2 ], [ -2, 0, -1, 0 ], [ 0, -1, 0, -1 ] ], 
  [ [ 14, 0, 7, 3 ], [ 0, 14, -33, 14 ], [ -14, 3, -14, 0 ], 
      [ -33, -7, 0, -14 ] ] ]),BoundaryImage:=rec(ListIFace:=[  ],ListSign:=[  ],ListElt:=[  ])),rec(TheMatrixStab:=Group([ [ [ -2, -1, -1, 1 ], [ 22, -2, -11, -2 ], [ -8, -1, 1, 2 ], 
      [ 11, -4, -11, 1 ] ], 
  [ [ -1, -1, -1, 1 ], [ 22, -1, -11, -2 ], [ -8, -1, 2, 2 ], 
      [ 11, -4, -11, 2 ] ], 
  [ [ -1, 0, 0, 0 ], [ 0, -1, 0, 0 ], [ 0, 0, -1, 0 ], [ 0, 0, 0, -1 ] ], 
  [ [ 1, 0, 0, 0 ], [ 0, 1, 0, 0 ], [ 0, 0, 1, 0 ], [ 0, 0, 0, 1 ] ], 
  [ [ 1, 1, 1, -1 ], [ -22, 1, 11, 2 ], [ 8, 1, -2, -2 ], [ -11, 4, 11, -2 ] ]
    , 
  [ [ 2, 1, 1, -1 ], [ -22, 2, 11, 2 ], [ 8, 1, -1, -2 ], [ -11, 4, 11, -1 ] 
     ] ]),TheRotSubgroup:=Group([ [ [ -2, -1, -1, 1 ], [ 22, -2, -11, -2 ], [ -8, -1, 1, 2 ], 
      [ 11, -4, -11, 1 ] ], 
  [ [ -1, -1, -1, 1 ], [ 22, -1, -11, -2 ], [ -8, -1, 2, 2 ], 
      [ 11, -4, -11, 2 ] ], 
  [ [ -1, 0, 0, 0 ], [ 0, -1, 0, 0 ], [ 0, 0, -1, 0 ], [ 0, 0, 0, -1 ] ], 
  [ [ 1, 0, 0, 0 ], [ 0, 1, 0, 0 ], [ 0, 0, 1, 0 ], [ 0, 0, 0, 1 ] ], 
  [ [ 1, 1, 1, -1 ], [ -22, 1, 11, 2 ], [ 8, 1, -2, -2 ], [ -11, 4, 11, -2 ] ]
    , 
  [ [ 2, 1, 1, -1 ], [ -22, 2, 11, 2 ], [ 8, 1, -1, -2 ], [ -11, 4, 11, -1 ] 
     ] ]),BoundaryImage:=rec(ListIFace:=[  ],ListSign:=[  ],ListElt:=[  ])),rec(TheMatrixStab:=Group([ [ [ -2, -1, 1, -1 ], [ 22, -2, 11, 2 ], [ 8, 1, 1, 2 ], [ -11, 4, -11, 1 ] ]
    , 
  [ [ -1, -1, 1, -1 ], [ 22, -1, 11, 2 ], [ 8, 1, 2, 2 ], [ -11, 4, -11, 2 ] ]
    , [ [ -1, 0, 0, 0 ], [ 0, -1, 0, 0 ], [ 0, 0, -1, 0 ], [ 0, 0, 0, -1 ] ], 
  [ [ 1, 0, 0, 0 ], [ 0, 1, 0, 0 ], [ 0, 0, 1, 0 ], [ 0, 0, 0, 1 ] ], 
  [ [ 1, 1, -1, 1 ], [ -22, 1, -11, -2 ], [ -8, -1, -2, -2 ], 
      [ 11, -4, 11, -2 ] ], 
  [ [ 2, 1, -1, 1 ], [ -22, 2, -11, -2 ], [ -8, -1, -1, -2 ], 
      [ 11, -4, 11, -1 ] ] ]),TheRotSubgroup:=Group([ [ [ -2, -1, 1, -1 ], [ 22, -2, 11, 2 ], [ 8, 1, 1, 2 ], [ -11, 4, -11, 1 ] ]
    , 
  [ [ -1, -1, 1, -1 ], [ 22, -1, 11, 2 ], [ 8, 1, 2, 2 ], [ -11, 4, -11, 2 ] ]
    , [ [ -1, 0, 0, 0 ], [ 0, -1, 0, 0 ], [ 0, 0, -1, 0 ], [ 0, 0, 0, -1 ] ], 
  [ [ 1, 0, 0, 0 ], [ 0, 1, 0, 0 ], [ 0, 0, 1, 0 ], [ 0, 0, 0, 1 ] ], 
  [ [ 1, 1, -1, 1 ], [ -22, 1, -11, -2 ], [ -8, -1, -2, -2 ], 
      [ 11, -4, 11, -2 ] ], 
  [ [ 2, 1, -1, 1 ], [ -22, 2, -11, -2 ], [ -8, -1, -1, -2 ], 
      [ 11, -4, 11, -1 ] ] ]),BoundaryImage:=rec(ListIFace:=[  ],ListSign:=[  ],ListElt:=[  ])),rec(TheMatrixStab:=Group([ [ [ -35, -1, 14, 8 ], [ 22, -35, -88, 28 ], [ -42, 7, 35, 2 ], 
      [ -77, -21, -11, 35 ] ], 
  [ [ -35, 2, 21, 5 ], [ -44, -35, -55, 42 ], [ -28, 10, 35, -4 ], 
      [ -110, -14, 22, 35 ] ], 
  [ [ -3, -7, -14, 7 ], [ 154, -3, -77, -28 ], [ -38, -7, 2, 14 ], 
      [ 77, -19, -77, 2 ] ], 
  [ [ -2, -7, -14, 7 ], [ 154, -2, -77, -28 ], [ -38, -7, 3, 14 ], 
      [ 77, -19, -77, 3 ] ], 
  [ [ -1, 0, 0, 0 ], [ 0, -1, 0, 0 ], [ 0, 0, -1, 0 ], [ 0, 0, 0, -1 ] ], 
  [ [ 0, -3, -7, 3 ], [ 66, 0, -33, -14 ], [ -14, -3, 0, 6 ], 
      [ 33, -7, -33, 0 ] ], 
  [ [ 0, 3, 7, -3 ], [ -66, 0, 33, 14 ], [ 14, 3, 0, -6 ], [ -33, 7, 33, 0 ] ]
    , [ [ 1, 0, 0, 0 ], [ 0, 1, 0, 0 ], [ 0, 0, 1, 0 ], [ 0, 0, 0, 1 ] ], 
  [ [ 2, 7, 14, -7 ], [ -154, 2, 77, 28 ], [ 38, 7, -3, -14 ], 
      [ -77, 19, 77, -3 ] ], 
  [ [ 3, 7, 14, -7 ], [ -154, 3, 77, 28 ], [ 38, 7, -2, -14 ], 
      [ -77, 19, 77, -2 ] ], 
  [ [ 35, -2, -21, -5 ], [ 44, 35, 55, -42 ], [ 28, -10, -35, 4 ], 
      [ 110, 14, -22, -35 ] ], 
  [ [ 35, 1, -14, -8 ], [ -22, 35, 88, -28 ], [ 42, -7, -35, -2 ], 
      [ 77, 21, 11, -35 ] ] ]),TheRotSubgroup:=Group([ [ [ -35, -1, 14, 8 ], [ 22, -35, -88, 28 ], [ -42, 7, 35, 2 ], 
      [ -77, -21, -11, 35 ] ], 
  [ [ -35, 2, 21, 5 ], [ -44, -35, -55, 42 ], [ -28, 10, 35, -4 ], 
      [ -110, -14, 22, 35 ] ], 
  [ [ -3, -7, -14, 7 ], [ 154, -3, -77, -28 ], [ -38, -7, 2, 14 ], 
      [ 77, -19, -77, 2 ] ], 
  [ [ -2, -7, -14, 7 ], [ 154, -2, -77, -28 ], [ -38, -7, 3, 14 ], 
      [ 77, -19, -77, 3 ] ], 
  [ [ -1, 0, 0, 0 ], [ 0, -1, 0, 0 ], [ 0, 0, -1, 0 ], [ 0, 0, 0, -1 ] ], 
  [ [ 0, -3, -7, 3 ], [ 66, 0, -33, -14 ], [ -14, -3, 0, 6 ], 
      [ 33, -7, -33, 0 ] ], 
  [ [ 0, 3, 7, -3 ], [ -66, 0, 33, 14 ], [ 14, 3, 0, -6 ], [ -33, 7, 33, 0 ] ]
    , [ [ 1, 0, 0, 0 ], [ 0, 1, 0, 0 ], [ 0, 0, 1, 0 ], [ 0, 0, 0, 1 ] ], 
  [ [ 2, 7, 14, -7 ], [ -154, 2, 77, 28 ], [ 38, 7, -3, -14 ], 
      [ -77, 19, 77, -3 ] ], 
  [ [ 3, 7, 14, -7 ], [ -154, 3, 77, 28 ], [ 38, 7, -2, -14 ], 
      [ -77, 19, 77, -2 ] ], 
  [ [ 35, -2, -21, -5 ], [ 44, 35, 55, -42 ], [ 28, -10, -35, 4 ], 
      [ 110, 14, -22, -35 ] ], 
  [ [ 35, 1, -14, -8 ], [ -22, 35, 88, -28 ], [ 42, -7, -35, -2 ], 
      [ 77, 21, 11, -35 ] ] ]),BoundaryImage:=rec(ListIFace:=[  ],ListSign:=[  ],ListElt:=[  ])),rec(TheMatrixStab:=Group([ [ [ -35, -1, -14, -8 ], [ 22, -35, 88, -28 ], [ 42, -7, 35, 2 ], 
      [ 77, 21, -11, 35 ] ], 
  [ [ -35, 2, -21, -5 ], [ -44, -35, 55, -42 ], [ 28, -10, 35, -4 ], 
      [ 110, 14, 22, 35 ] ], 
  [ [ -3, -7, 14, -7 ], [ 154, -3, 77, 28 ], [ 38, 7, 2, 14 ], 
      [ -77, 19, -77, 2 ] ], 
  [ [ -2, -7, 14, -7 ], [ 154, -2, 77, 28 ], [ 38, 7, 3, 14 ], 
      [ -77, 19, -77, 3 ] ], 
  [ [ -1, 0, 0, 0 ], [ 0, -1, 0, 0 ], [ 0, 0, -1, 0 ], [ 0, 0, 0, -1 ] ], 
  [ [ 0, -3, 7, -3 ], [ 66, 0, 33, 14 ], [ 14, 3, 0, 6 ], [ -33, 7, -33, 0 ] ]
    , 
  [ [ 0, 3, -7, 3 ], [ -66, 0, -33, -14 ], [ -14, -3, 0, -6 ], 
      [ 33, -7, 33, 0 ] ], 
  [ [ 1, 0, 0, 0 ], [ 0, 1, 0, 0 ], [ 0, 0, 1, 0 ], [ 0, 0, 0, 1 ] ], 
  [ [ 2, 7, -14, 7 ], [ -154, 2, -77, -28 ], [ -38, -7, -3, -14 ], 
      [ 77, -19, 77, -3 ] ], 
  [ [ 3, 7, -14, 7 ], [ -154, 3, -77, -28 ], [ -38, -7, -2, -14 ], 
      [ 77, -19, 77, -2 ] ], 
  [ [ 35, -2, 21, 5 ], [ 44, 35, -55, 42 ], [ -28, 10, -35, 4 ], 
      [ -110, -14, -22, -35 ] ], 
  [ [ 35, 1, 14, 8 ], [ -22, 35, -88, 28 ], [ -42, 7, -35, -2 ], 
      [ -77, -21, 11, -35 ] ] ]),TheRotSubgroup:=Group([ [ [ -35, -1, -14, -8 ], [ 22, -35, 88, -28 ], [ 42, -7, 35, 2 ], 
      [ 77, 21, -11, 35 ] ], 
  [ [ -35, 2, -21, -5 ], [ -44, -35, 55, -42 ], [ 28, -10, 35, -4 ], 
      [ 110, 14, 22, 35 ] ], 
  [ [ -3, -7, 14, -7 ], [ 154, -3, 77, 28 ], [ 38, 7, 2, 14 ], 
      [ -77, 19, -77, 2 ] ], 
  [ [ -2, -7, 14, -7 ], [ 154, -2, 77, 28 ], [ 38, 7, 3, 14 ], 
      [ -77, 19, -77, 3 ] ], 
  [ [ -1, 0, 0, 0 ], [ 0, -1, 0, 0 ], [ 0, 0, -1, 0 ], [ 0, 0, 0, -1 ] ], 
  [ [ 0, -3, 7, -3 ], [ 66, 0, 33, 14 ], [ 14, 3, 0, 6 ], [ -33, 7, -33, 0 ] ]
    , 
  [ [ 0, 3, -7, 3 ], [ -66, 0, -33, -14 ], [ -14, -3, 0, -6 ], 
      [ 33, -7, 33, 0 ] ], 
  [ [ 1, 0, 0, 0 ], [ 0, 1, 0, 0 ], [ 0, 0, 1, 0 ], [ 0, 0, 0, 1 ] ], 
  [ [ 2, 7, -14, 7 ], [ -154, 2, -77, -28 ], [ -38, -7, -3, -14 ], 
      [ 77, -19, 77, -3 ] ], 
  [ [ 3, 7, -14, 7 ], [ -154, 3, -77, -28 ], [ -38, -7, -2, -14 ], 
      [ 77, -19, 77, -2 ] ], 
  [ [ 35, -2, 21, 5 ], [ 44, 35, -55, 42 ], [ -28, 10, -35, 4 ], 
      [ -110, -14, -22, -35 ] ], 
  [ [ 35, 1, 14, 8 ], [ -22, 35, -88, 28 ], [ -42, 7, -35, -2 ], 
      [ -77, -21, 11, -35 ] ] ]),BoundaryImage:=rec(ListIFace:=[  ],ListSign:=[  ],ListElt:=[  ])),rec(TheMatrixStab:=Group([ [ [ -36, 0, 19, 7 ], [ 0, -36, -77, 38 ], [ -38, 7, 35, 0 ], 
      [ -77, -19, 0, 35 ] ], 
  [ [ -35, 0, 19, 7 ], [ 0, -35, -77, 38 ], [ -38, 7, 36, 0 ], 
      [ -77, -19, 0, 36 ] ], 
  [ [ -14, 0, 7, 3 ], [ 0, -14, -33, 14 ], [ -14, 3, 14, 0 ], 
      [ -33, -7, 0, 14 ] ], 
  [ [ -7, -8, -14, 10 ], [ 176, -7, -110, -28 ], [ -42, -7, 7, 16 ], 
      [ 77, -21, -88, 7 ] ], 
  [ [ -7, 8, 21, -7 ], [ -176, -7, 77, 42 ], [ 28, 10, 7, -16 ], 
      [ -110, 14, 88, 7 ] ], 
  [ [ -1, 0, 0, 0 ], [ 0, -1, 0, 0 ], [ 0, 0, -1, 0 ], [ 0, 0, 0, -1 ] ], 
  [ [ 1, 0, 0, 0 ], [ 0, 1, 0, 0 ], [ 0, 0, 1, 0 ], [ 0, 0, 0, 1 ] ], 
  [ [ 7, -8, -21, 7 ], [ 176, 7, -77, -42 ], [ -28, -10, -7, 16 ], 
      [ 110, -14, -88, -7 ] ], 
  [ [ 7, 8, 14, -10 ], [ -176, 7, 110, 28 ], [ 42, 7, -7, -16 ], 
      [ -77, 21, 88, -7 ] ], 
  [ [ 14, 0, -7, -3 ], [ 0, 14, 33, -14 ], [ 14, -3, -14, 0 ], 
      [ 33, 7, 0, -14 ] ], 
  [ [ 35, 0, -19, -7 ], [ 0, 35, 77, -38 ], [ 38, -7, -36, 0 ], 
      [ 77, 19, 0, -36 ] ], 
  [ [ 36, 0, -19, -7 ], [ 0, 36, 77, -38 ], [ 38, -7, -35, 0 ], 
      [ 77, 19, 0, -35 ] ] ]),TheRotSubgroup:=Group([ [ [ -36, 0, 19, 7 ], [ 0, -36, -77, 38 ], [ -38, 7, 35, 0 ], 
      [ -77, -19, 0, 35 ] ], 
  [ [ -35, 0, 19, 7 ], [ 0, -35, -77, 38 ], [ -38, 7, 36, 0 ], 
      [ -77, -19, 0, 36 ] ], 
  [ [ -14, 0, 7, 3 ], [ 0, -14, -33, 14 ], [ -14, 3, 14, 0 ], 
      [ -33, -7, 0, 14 ] ], 
  [ [ -7, -8, -14, 10 ], [ 176, -7, -110, -28 ], [ -42, -7, 7, 16 ], 
      [ 77, -21, -88, 7 ] ], 
  [ [ -7, 8, 21, -7 ], [ -176, -7, 77, 42 ], [ 28, 10, 7, -16 ], 
      [ -110, 14, 88, 7 ] ], 
  [ [ -1, 0, 0, 0 ], [ 0, -1, 0, 0 ], [ 0, 0, -1, 0 ], [ 0, 0, 0, -1 ] ], 
  [ [ 1, 0, 0, 0 ], [ 0, 1, 0, 0 ], [ 0, 0, 1, 0 ], [ 0, 0, 0, 1 ] ], 
  [ [ 7, -8, -21, 7 ], [ 176, 7, -77, -42 ], [ -28, -10, -7, 16 ], 
      [ 110, -14, -88, -7 ] ], 
  [ [ 7, 8, 14, -10 ], [ -176, 7, 110, 28 ], [ 42, 7, -7, -16 ], 
      [ -77, 21, 88, -7 ] ], 
  [ [ 14, 0, -7, -3 ], [ 0, 14, 33, -14 ], [ 14, -3, -14, 0 ], 
      [ 33, 7, 0, -14 ] ], 
  [ [ 35, 0, -19, -7 ], [ 0, 35, 77, -38 ], [ 38, -7, -36, 0 ], 
      [ 77, 19, 0, -36 ] ], 
  [ [ 36, 0, -19, -7 ], [ 0, 36, 77, -38 ], [ 38, -7, -35, 0 ], 
      [ 77, 19, 0, -35 ] ] ]),BoundaryImage:=rec(ListIFace:=[  ],ListSign:=[  ],ListElt:=[  ])),rec(TheMatrixStab:=Group([ [ [ -36, 0, -19, -7 ], [ 0, -36, 77, -38 ], [ 38, -7, 35, 0 ], 
      [ 77, 19, 0, 35 ] ], 
  [ [ -35, 0, -19, -7 ], [ 0, -35, 77, -38 ], [ 38, -7, 36, 0 ], 
      [ 77, 19, 0, 36 ] ], 
  [ [ -14, 0, -7, -3 ], [ 0, -14, 33, -14 ], [ 14, -3, 14, 0 ], 
      [ 33, 7, 0, 14 ] ], 
  [ [ -7, -8, 14, -10 ], [ 176, -7, 110, 28 ], [ 42, 7, 7, 16 ], 
      [ -77, 21, -88, 7 ] ], 
  [ [ -7, 8, -21, 7 ], [ -176, -7, -77, -42 ], [ -28, -10, 7, -16 ], 
      [ 110, -14, 88, 7 ] ], 
  [ [ -1, 0, 0, 0 ], [ 0, -1, 0, 0 ], [ 0, 0, -1, 0 ], [ 0, 0, 0, -1 ] ], 
  [ [ 1, 0, 0, 0 ], [ 0, 1, 0, 0 ], [ 0, 0, 1, 0 ], [ 0, 0, 0, 1 ] ], 
  [ [ 7, -8, 21, -7 ], [ 176, 7, 77, 42 ], [ 28, 10, -7, 16 ], 
      [ -110, 14, -88, -7 ] ], 
  [ [ 7, 8, -14, 10 ], [ -176, 7, -110, -28 ], [ -42, -7, -7, -16 ], 
      [ 77, -21, 88, -7 ] ], 
  [ [ 14, 0, 7, 3 ], [ 0, 14, -33, 14 ], [ -14, 3, -14, 0 ], 
      [ -33, -7, 0, -14 ] ], 
  [ [ 35, 0, 19, 7 ], [ 0, 35, -77, 38 ], [ -38, 7, -36, 0 ], 
      [ -77, -19, 0, -36 ] ], 
  [ [ 36, 0, 19, 7 ], [ 0, 36, -77, 38 ], [ -38, 7, -35, 0 ], 
      [ -77, -19, 0, -35 ] ] ]),TheRotSubgroup:=Group([ [ [ -36, 0, -19, -7 ], [ 0, -36, 77, -38 ], [ 38, -7, 35, 0 ], 
      [ 77, 19, 0, 35 ] ], 
  [ [ -35, 0, -19, -7 ], [ 0, -35, 77, -38 ], [ 38, -7, 36, 0 ], 
      [ 77, 19, 0, 36 ] ], 
  [ [ -14, 0, -7, -3 ], [ 0, -14, 33, -14 ], [ 14, -3, 14, 0 ], 
      [ 33, 7, 0, 14 ] ], 
  [ [ -7, -8, 14, -10 ], [ 176, -7, 110, 28 ], [ 42, 7, 7, 16 ], 
      [ -77, 21, -88, 7 ] ], 
  [ [ -7, 8, -21, 7 ], [ -176, -7, -77, -42 ], [ -28, -10, 7, -16 ], 
      [ 110, -14, 88, 7 ] ], 
  [ [ -1, 0, 0, 0 ], [ 0, -1, 0, 0 ], [ 0, 0, -1, 0 ], [ 0, 0, 0, -1 ] ], 
  [ [ 1, 0, 0, 0 ], [ 0, 1, 0, 0 ], [ 0, 0, 1, 0 ], [ 0, 0, 0, 1 ] ], 
  [ [ 7, -8, 21, -7 ], [ 176, 7, 77, 42 ], [ 28, 10, -7, 16 ], 
      [ -110, 14, -88, -7 ] ], 
  [ [ 7, 8, -14, 10 ], [ -176, 7, -110, -28 ], [ -42, -7, -7, -16 ], 
      [ 77, -21, 88, -7 ] ], 
  [ [ 14, 0, 7, 3 ], [ 0, 14, -33, 14 ], [ -14, 3, -14, 0 ], 
      [ -33, -7, 0, -14 ] ], 
  [ [ 35, 0, 19, 7 ], [ 0, 35, -77, 38 ], [ -38, 7, -36, 0 ], 
      [ -77, -19, 0, -36 ] ], 
  [ [ 36, 0, 19, 7 ], [ 0, 36, -77, 38 ], [ -38, 7, -35, 0 ], 
      [ -77, -19, 0, -35 ] ] ]),BoundaryImage:=rec(ListIFace:=[  ],ListSign:=[  ],ListElt:=[  ])),rec(TheMatrixStab:=Group([ [ [ -2, -1, -1, 1 ], [ 22, -2, -11, -2 ], [ -8, -1, 1, 2 ], 
      [ 11, -4, -11, 1 ] ], 
  [ [ -1, -1, -1, 1 ], [ 22, -1, -11, -2 ], [ -8, -1, 2, 2 ], 
      [ 11, -4, -11, 2 ] ], 
  [ [ -1, 0, 0, 0 ], [ 0, -1, 0, 0 ], [ 0, 0, -1, 0 ], [ 0, 0, 0, -1 ] ], 
  [ [ 1, 0, 0, 0 ], [ 0, 1, 0, 0 ], [ 0, 0, 1, 0 ], [ 0, 0, 0, 1 ] ], 
  [ [ 1, 1, 1, -1 ], [ -22, 1, 11, 2 ], [ 8, 1, -2, -2 ], [ -11, 4, 11, -2 ] ]
    , 
  [ [ 2, 1, 1, -1 ], [ -22, 2, 11, 2 ], [ 8, 1, -1, -2 ], [ -11, 4, 11, -1 ] 
     ] ]),TheRotSubgroup:=Group([ [ [ -2, -1, -1, 1 ], [ 22, -2, -11, -2 ], [ -8, -1, 1, 2 ], 
      [ 11, -4, -11, 1 ] ], 
  [ [ -1, -1, -1, 1 ], [ 22, -1, -11, -2 ], [ -8, -1, 2, 2 ], 
      [ 11, -4, -11, 2 ] ], 
  [ [ -1, 0, 0, 0 ], [ 0, -1, 0, 0 ], [ 0, 0, -1, 0 ], [ 0, 0, 0, -1 ] ], 
  [ [ 1, 0, 0, 0 ], [ 0, 1, 0, 0 ], [ 0, 0, 1, 0 ], [ 0, 0, 0, 1 ] ], 
  [ [ 1, 1, 1, -1 ], [ -22, 1, 11, 2 ], [ 8, 1, -2, -2 ], [ -11, 4, 11, -2 ] ]
    , 
  [ [ 2, 1, 1, -1 ], [ -22, 2, 11, 2 ], [ 8, 1, -1, -2 ], [ -11, 4, 11, -1 ] 
     ] ]),BoundaryImage:=rec(ListIFace:=[  ],ListSign:=[  ],ListElt:=[  ])),rec(TheMatrixStab:=Group([ [ [ -2, -1, 1, -1 ], [ 22, -2, 11, 2 ], [ 8, 1, 1, 2 ], [ -11, 4, -11, 1 ] ]
    , 
  [ [ -1, -1, 1, -1 ], [ 22, -1, 11, 2 ], [ 8, 1, 2, 2 ], [ -11, 4, -11, 2 ] ]
    , [ [ -1, 0, 0, 0 ], [ 0, -1, 0, 0 ], [ 0, 0, -1, 0 ], [ 0, 0, 0, -1 ] ], 
  [ [ 1, 0, 0, 0 ], [ 0, 1, 0, 0 ], [ 0, 0, 1, 0 ], [ 0, 0, 0, 1 ] ], 
  [ [ 1, 1, -1, 1 ], [ -22, 1, -11, -2 ], [ -8, -1, -2, -2 ], 
      [ 11, -4, 11, -2 ] ], 
  [ [ 2, 1, -1, 1 ], [ -22, 2, -11, -2 ], [ -8, -1, -1, -2 ], 
      [ 11, -4, 11, -1 ] ] ]),TheRotSubgroup:=Group([ [ [ -2, -1, 1, -1 ], [ 22, -2, 11, 2 ], [ 8, 1, 1, 2 ], [ -11, 4, -11, 1 ] ]
    , 
  [ [ -1, -1, 1, -1 ], [ 22, -1, 11, 2 ], [ 8, 1, 2, 2 ], [ -11, 4, -11, 2 ] ]
    , [ [ -1, 0, 0, 0 ], [ 0, -1, 0, 0 ], [ 0, 0, -1, 0 ], [ 0, 0, 0, -1 ] ], 
  [ [ 1, 0, 0, 0 ], [ 0, 1, 0, 0 ], [ 0, 0, 1, 0 ], [ 0, 0, 0, 1 ] ], 
  [ [ 1, 1, -1, 1 ], [ -22, 1, -11, -2 ], [ -8, -1, -2, -2 ], 
      [ 11, -4, 11, -2 ] ], 
  [ [ 2, 1, -1, 1 ], [ -22, 2, -11, -2 ], [ -8, -1, -1, -2 ], 
      [ 11, -4, 11, -1 ] ] ]),BoundaryImage:=rec(ListIFace:=[  ],ListSign:=[  ],ListElt:=[  ])),rec(TheMatrixStab:=Group([ [ [ -2, -1, -1, 1 ], [ 22, -2, -11, -2 ], [ -8, -1, 1, 2 ], 
      [ 11, -4, -11, 1 ] ], 
  [ [ -1, -1, -1, 1 ], [ 22, -1, -11, -2 ], [ -8, -1, 2, 2 ], 
      [ 11, -4, -11, 2 ] ], 
  [ [ -1, 0, 0, 0 ], [ 0, -1, 0, 0 ], [ 0, 0, -1, 0 ], [ 0, 0, 0, -1 ] ], 
  [ [ 1, 0, 0, 0 ], [ 0, 1, 0, 0 ], [ 0, 0, 1, 0 ], [ 0, 0, 0, 1 ] ], 
  [ [ 1, 1, 1, -1 ], [ -22, 1, 11, 2 ], [ 8, 1, -2, -2 ], [ -11, 4, 11, -2 ] ]
    , 
  [ [ 2, 1, 1, -1 ], [ -22, 2, 11, 2 ], [ 8, 1, -1, -2 ], [ -11, 4, 11, -1 ] 
     ] ]),TheRotSubgroup:=Group([ [ [ -2, -1, -1, 1 ], [ 22, -2, -11, -2 ], [ -8, -1, 1, 2 ], 
      [ 11, -4, -11, 1 ] ], 
  [ [ -1, -1, -1, 1 ], [ 22, -1, -11, -2 ], [ -8, -1, 2, 2 ], 
      [ 11, -4, -11, 2 ] ], 
  [ [ -1, 0, 0, 0 ], [ 0, -1, 0, 0 ], [ 0, 0, -1, 0 ], [ 0, 0, 0, -1 ] ], 
  [ [ 1, 0, 0, 0 ], [ 0, 1, 0, 0 ], [ 0, 0, 1, 0 ], [ 0, 0, 0, 1 ] ], 
  [ [ 1, 1, 1, -1 ], [ -22, 1, 11, 2 ], [ 8, 1, -2, -2 ], [ -11, 4, 11, -2 ] ]
    , 
  [ [ 2, 1, 1, -1 ], [ -22, 2, 11, 2 ], [ 8, 1, -1, -2 ], [ -11, 4, 11, -1 ] 
     ] ]),BoundaryImage:=rec(ListIFace:=[  ],ListSign:=[  ],ListElt:=[  ])),rec(TheMatrixStab:=Group([ [ [ -2, -1, 1, -1 ], [ 22, -2, 11, 2 ], [ 8, 1, 1, 2 ], [ -11, 4, -11, 1 ] ]
    , 
  [ [ -1, -1, 1, -1 ], [ 22, -1, 11, 2 ], [ 8, 1, 2, 2 ], [ -11, 4, -11, 2 ] ]
    , [ [ -1, 0, 0, 0 ], [ 0, -1, 0, 0 ], [ 0, 0, -1, 0 ], [ 0, 0, 0, -1 ] ], 
  [ [ 1, 0, 0, 0 ], [ 0, 1, 0, 0 ], [ 0, 0, 1, 0 ], [ 0, 0, 0, 1 ] ], 
  [ [ 1, 1, -1, 1 ], [ -22, 1, -11, -2 ], [ -8, -1, -2, -2 ], 
      [ 11, -4, 11, -2 ] ], 
  [ [ 2, 1, -1, 1 ], [ -22, 2, -11, -2 ], [ -8, -1, -1, -2 ], 
      [ 11, -4, 11, -1 ] ] ]),TheRotSubgroup:=Group([ [ [ -2, -1, 1, -1 ], [ 22, -2, 11, 2 ], [ 8, 1, 1, 2 ], [ -11, 4, -11, 1 ] ]
    , 
  [ [ -1, -1, 1, -1 ], [ 22, -1, 11, 2 ], [ 8, 1, 2, 2 ], [ -11, 4, -11, 2 ] ]
    , [ [ -1, 0, 0, 0 ], [ 0, -1, 0, 0 ], [ 0, 0, -1, 0 ], [ 0, 0, 0, -1 ] ], 
  [ [ 1, 0, 0, 0 ], [ 0, 1, 0, 0 ], [ 0, 0, 1, 0 ], [ 0, 0, 0, 1 ] ], 
  [ [ 1, 1, -1, 1 ], [ -22, 1, -11, -2 ], [ -8, -1, -2, -2 ], 
      [ 11, -4, 11, -2 ] ], 
  [ [ 2, 1, -1, 1 ], [ -22, 2, -11, -2 ], [ -8, -1, -1, -2 ], 
      [ 11, -4, 11, -1 ] ] ]),BoundaryImage:=rec(ListIFace:=[  ],ListSign:=[  ],ListElt:=[  ]))],[rec(TheMatrixStab:=Group([ [ [ -1, 0, 0, 0 ], [ 0, -1, 0, 0 ], [ 0, 0, -1, 0 ], [ 0, 0, 0, -1 ] ], 
  [ [ -1, 0, 1, 0 ], [ 0, -1, 0, 2 ], [ -2, 0, 1, 0 ], [ 0, -1, 0, 1 ] ], 
  [ [ 1, 0, -1, 0 ], [ 0, 1, 0, -2 ], [ 2, 0, -1, 0 ], [ 0, 1, 0, -1 ] ], 
  [ [ 1, 0, 0, 0 ], [ 0, 1, 0, 0 ], [ 0, 0, 1, 0 ], [ 0, 0, 0, 1 ] ] ]),TheRotSubgroup:=Group([ [ [ -1, 0, 0, 0 ], [ 0, -1, 0, 0 ], [ 0, 0, -1, 0 ], [ 0, 0, 0, -1 ] ], 
  [ [ -1, 0, 1, 0 ], [ 0, -1, 0, 2 ], [ -2, 0, 1, 0 ], [ 0, -1, 0, 1 ] ], 
  [ [ 1, 0, -1, 0 ], [ 0, 1, 0, -2 ], [ 2, 0, -1, 0 ], [ 0, 1, 0, -1 ] ], 
  [ [ 1, 0, 0, 0 ], [ 0, 1, 0, 0 ], [ 0, 0, 1, 0 ], [ 0, 0, 0, 1 ] ] ]),BoundaryImage:=rec(ListIFace:=[ 1, 3 ],ListSign:=[ -1, 1 ],ListElt:=[ [ [ 1, 0, 0, 0 ], [ 0, 1, 0, 0 ], [ 0, 0, 1, 0 ], [ 0, 0, 0, 1 ] ], 
  [ [ 1, 0, 0, 0 ], [ 0, 1, 0, 0 ], [ 0, 0, 1, 0 ], [ 0, 0, 0, 1 ] ] ])),rec(TheMatrixStab:=Group([ [ [ -1, 0, -1, 0 ], [ 0, -1, 0, -2 ], [ 2, 0, 1, 0 ], [ 0, 1, 0, 1 ] ], 
  [ [ -1, 0, 0, 0 ], [ 0, -1, 0, 0 ], [ 0, 0, -1, 0 ], [ 0, 0, 0, -1 ] ], 
  [ [ 1, 0, 0, 0 ], [ 0, 1, 0, 0 ], [ 0, 0, 1, 0 ], [ 0, 0, 0, 1 ] ], 
  [ [ 1, 0, 1, 0 ], [ 0, 1, 0, 2 ], [ -2, 0, -1, 0 ], [ 0, -1, 0, -1 ] ] ]),TheRotSubgroup:=Group([ [ [ -1, 0, -1, 0 ], [ 0, -1, 0, -2 ], [ 2, 0, 1, 0 ], [ 0, 1, 0, 1 ] ], 
  [ [ -1, 0, 0, 0 ], [ 0, -1, 0, 0 ], [ 0, 0, -1, 0 ], [ 0, 0, 0, -1 ] ], 
  [ [ 1, 0, 0, 0 ], [ 0, 1, 0, 0 ], [ 0, 0, 1, 0 ], [ 0, 0, 0, 1 ] ], 
  [ [ 1, 0, 1, 0 ], [ 0, 1, 0, 2 ], [ -2, 0, -1, 0 ], [ 0, -1, 0, -1 ] ] ]),BoundaryImage:=rec(ListIFace:=[ 2, 4 ],ListSign:=[ -1, 1 ],ListElt:=[ [ [ -1, 0, 0, 0 ], [ 0, -1, 0, 0 ], [ 0, 0, -1, 0 ], [ 0, 0, 0, -1 ] ], 
  [ [ 14, 0, 7, 3 ], [ 0, 14, -33, 14 ], [ -14, 3, -14, 0 ], 
      [ -33, -7, 0, -14 ] ] ])),rec(TheMatrixStab:=Group([ [ [ -1, 0, 0, 0 ], [ 0, -1, 0, 0 ], [ 0, 0, -1, 0 ], [ 0, 0, 0, -1 ] ], 
  [ [ 1, 0, 0, 0 ], [ 0, 1, 0, 0 ], [ 0, 0, 1, 0 ], [ 0, 0, 0, 1 ] ] ]),TheRotSubgroup:=Group([ [ [ -1, 0, 0, 0 ], [ 0, -1, 0, 0 ], [ 0, 0, -1, 0 ], [ 0, 0, 0, -1 ] ], 
  [ [ 1, 0, 0, 0 ], [ 0, 1, 0, 0 ], [ 0, 0, 1, 0 ], [ 0, 0, 0, 1 ] ] ]),BoundaryImage:=rec(ListIFace:=[ 1, 5 ],ListSign:=[ -1, 1 ],ListElt:=[ [ [ 1, 0, 0, 0 ], [ 0, 1, 0, 0 ], [ 0, 0, 1, 0 ], [ 0, 0, 0, 1 ] ], 
  [ [ -1, -1, -1, 1 ], [ 22, -1, -11, -2 ], [ -8, -1, 2, 2 ], 
      [ 11, -4, -11, 2 ] ] ])),rec(TheMatrixStab:=Group([ [ [ -1, 0, 0, 0 ], [ 0, -1, 0, 0 ], [ 0, 0, -1, 0 ], [ 0, 0, 0, -1 ] ], 
  [ [ 1, 0, 0, 0 ], [ 0, 1, 0, 0 ], [ 0, 0, 1, 0 ], [ 0, 0, 0, 1 ] ] ]),TheRotSubgroup:=Group([ [ [ -1, 0, 0, 0 ], [ 0, -1, 0, 0 ], [ 0, 0, -1, 0 ], [ 0, 0, 0, -1 ] ], 
  [ [ 1, 0, 0, 0 ], [ 0, 1, 0, 0 ], [ 0, 0, 1, 0 ], [ 0, 0, 0, 1 ] ] ]),BoundaryImage:=rec(ListIFace:=[ 2, 6 ],ListSign:=[ -1, 1 ],ListElt:=[ [ [ -1, 0, 0, 0 ], [ 0, -1, 0, 0 ], [ 0, 0, -1, 0 ], [ 0, 0, 0, -1 ] ], 
  [ [ -1, 0, 0, 0 ], [ 0, -1, 0, 0 ], [ 0, 0, -1, 0 ], [ 0, 0, 0, -1 ] ] ])),rec(TheMatrixStab:=Group([ [ [ -1, 0, 0, 0 ], [ 0, -1, 0, 0 ], [ 0, 0, -1, 0 ], [ 0, 0, 0, -1 ] ], 
  [ [ 1, 0, 0, 0 ], [ 0, 1, 0, 0 ], [ 0, 0, 1, 0 ], [ 0, 0, 0, 1 ] ] ]),TheRotSubgroup:=Group([ [ [ -1, 0, 0, 0 ], [ 0, -1, 0, 0 ], [ 0, 0, -1, 0 ], [ 0, 0, 0, -1 ] ], 
  [ [ 1, 0, 0, 0 ], [ 0, 1, 0, 0 ], [ 0, 0, 1, 0 ], [ 0, 0, 0, 1 ] ] ]),BoundaryImage:=rec(ListIFace:=[ 1, 6 ],ListSign:=[ -1, 1 ],ListElt:=[ [ [ -1, 0, 1, 0 ], [ 0, -1, 0, 2 ], [ -2, 0, 1, 0 ], [ 0, -1, 0, 1 ] ], 
  [ [ 0, -1, 2, -1 ], [ 22, 0, 11, 4 ], [ -6, -1, -1, -2 ], 
      [ 11, -3, 11, -1 ] ] ])),rec(TheMatrixStab:=Group([ [ [ -1, 0, 0, 0 ], [ 0, -1, 0, 0 ], [ 0, 0, -1, 0 ], [ 0, 0, 0, -1 ] ], 
  [ [ 1, 0, 0, 0 ], [ 0, 1, 0, 0 ], [ 0, 0, 1, 0 ], [ 0, 0, 0, 1 ] ] ]),TheRotSubgroup:=Group([ [ [ -1, 0, 0, 0 ], [ 0, -1, 0, 0 ], [ 0, 0, -1, 0 ], [ 0, 0, 0, -1 ] ], 
  [ [ 1, 0, 0, 0 ], [ 0, 1, 0, 0 ], [ 0, 0, 1, 0 ], [ 0, 0, 0, 1 ] ] ]),BoundaryImage:=rec(ListIFace:=[ 2, 5 ],ListSign:=[ -1, 1 ],ListElt:=[ [ [ -1, 0, 0, 0 ], [ 0, -1, 0, 0 ], [ 0, 0, -1, 0 ], [ 0, 0, 0, -1 ] ], 
  [ [ 5, -1, -4, 0 ], [ 22, 5, 0, -8 ], [ 2, 2, 3, -2 ], [ -22, 1, 11, 3 ] ] ])),rec(TheMatrixStab:=Group([ [ [ -1, 0, 0, 0 ], [ 0, -1, 0, 0 ], [ 0, 0, -1, 0 ], [ 0, 0, 0, -1 ] ], 
  [ [ -1, 0, 1, 0 ], [ 0, -1, 0, 2 ], [ -2, 0, 1, 0 ], [ 0, -1, 0, 1 ] ], 
  [ [ 1, 0, -1, 0 ], [ 0, 1, 0, -2 ], [ 2, 0, -1, 0 ], [ 0, 1, 0, -1 ] ], 
  [ [ 1, 0, 0, 0 ], [ 0, 1, 0, 0 ], [ 0, 0, 1, 0 ], [ 0, 0, 0, 1 ] ] ]),TheRotSubgroup:=Group([ [ [ -1, 0, 0, 0 ], [ 0, -1, 0, 0 ], [ 0, 0, -1, 0 ], [ 0, 0, 0, -1 ] ], 
  [ [ -1, 0, 1, 0 ], [ 0, -1, 0, 2 ], [ -2, 0, 1, 0 ], [ 0, -1, 0, 1 ] ], 
  [ [ 1, 0, -1, 0 ], [ 0, 1, 0, -2 ], [ 2, 0, -1, 0 ], [ 0, 1, 0, -1 ] ], 
  [ [ 1, 0, 0, 0 ], [ 0, 1, 0, 0 ], [ 0, 0, 1, 0 ], [ 0, 0, 0, 1 ] ] ]),BoundaryImage:=rec(ListIFace:=[ 1, 2 ],ListSign:=[ -1, 1 ],ListElt:=[ [ [ -1, 0, 1, 0 ], [ 0, -1, 0, 2 ], [ -2, 0, 1, 0 ], [ 0, -1, 0, 1 ] ], 
  [ [ 1, 0, 1, 0 ], [ 0, 1, 0, 2 ], [ 0, 0, 1, 0 ], [ 0, 0, 0, 1 ] ] ])),rec(TheMatrixStab:=Group([ [ [ -1, 0, 0, 0 ], [ 0, -1, 0, 0 ], [ 0, 0, -1, 0 ], [ 0, 0, 0, -1 ] ], 
  [ [ 0, -3, -7, 3 ], [ 66, 0, -33, -14 ], [ -14, -3, 0, 6 ], 
      [ 33, -7, -33, 0 ] ], 
  [ [ 0, 3, 7, -3 ], [ -66, 0, 33, 14 ], [ 14, 3, 0, -6 ], [ -33, 7, 33, 0 ] ]
    , [ [ 1, 0, 0, 0 ], [ 0, 1, 0, 0 ], [ 0, 0, 1, 0 ], [ 0, 0, 0, 1 ] ] ]),TheRotSubgroup:=Group([ [ [ -1, 0, 0, 0 ], [ 0, -1, 0, 0 ], [ 0, 0, -1, 0 ], [ 0, 0, 0, -1 ] ], 
  [ [ 0, -3, -7, 3 ], [ 66, 0, -33, -14 ], [ -14, -3, 0, 6 ], 
      [ 33, -7, -33, 0 ] ], 
  [ [ 0, 3, 7, -3 ], [ -66, 0, 33, 14 ], [ 14, 3, 0, -6 ], [ -33, 7, 33, 0 ] ]
    , [ [ 1, 0, 0, 0 ], [ 0, 1, 0, 0 ], [ 0, 0, 1, 0 ], [ 0, 0, 0, 1 ] ] ]),BoundaryImage:=rec(ListIFace:=[ 3, 7 ],ListSign:=[ -1, 1 ],ListElt:=[ [ [ -1, 0, 0, 0 ], [ 0, -1, 0, 0 ], [ 0, 0, -1, 0 ], [ 0, 0, 0, -1 ] ], 
  [ [ -35, 2, 21, 5 ], [ -44, -35, -55, 42 ], [ -28, 10, 35, -4 ], 
      [ -110, -14, 22, 35 ] ] ])),rec(TheMatrixStab:=Group([ [ [ -1, 0, 0, 0 ], [ 0, -1, 0, 0 ], [ 0, 0, -1, 0 ], [ 0, 0, 0, -1 ] ], 
  [ [ 0, -3, 7, -3 ], [ 66, 0, 33, 14 ], [ 14, 3, 0, 6 ], [ -33, 7, -33, 0 ] ]
    , 
  [ [ 0, 3, -7, 3 ], [ -66, 0, -33, -14 ], [ -14, -3, 0, -6 ], 
      [ 33, -7, 33, 0 ] ], 
  [ [ 1, 0, 0, 0 ], [ 0, 1, 0, 0 ], [ 0, 0, 1, 0 ], [ 0, 0, 0, 1 ] ] ]),TheRotSubgroup:=Group([ [ [ -1, 0, 0, 0 ], [ 0, -1, 0, 0 ], [ 0, 0, -1, 0 ], [ 0, 0, 0, -1 ] ], 
  [ [ 0, -3, 7, -3 ], [ 66, 0, 33, 14 ], [ 14, 3, 0, 6 ], [ -33, 7, -33, 0 ] ]
    , 
  [ [ 0, 3, -7, 3 ], [ -66, 0, -33, -14 ], [ -14, -3, 0, -6 ], 
      [ 33, -7, 33, 0 ] ], 
  [ [ 1, 0, 0, 0 ], [ 0, 1, 0, 0 ], [ 0, 0, 1, 0 ], [ 0, 0, 0, 1 ] ] ]),BoundaryImage:=rec(ListIFace:=[ 4, 8 ],ListSign:=[ -1, 1 ],ListElt:=[ [ [ 0, 3, -7, 3 ], [ -66, 0, -33, -14 ], [ -14, -3, 0, -6 ], 
      [ 33, -7, 33, 0 ] ], 
  [ [ 0, 3, -7, 3 ], [ -66, 0, -33, -14 ], [ -14, -3, 0, -6 ], 
      [ 33, -7, 33, 0 ] ] ])),rec(TheMatrixStab:=Group([ [ [ -14, 0, 7, 3 ], [ 0, -14, -33, 14 ], [ -14, 3, 14, 0 ], 
      [ -33, -7, 0, 14 ] ], 
  [ [ -1, 0, 0, 0 ], [ 0, -1, 0, 0 ], [ 0, 0, -1, 0 ], [ 0, 0, 0, -1 ] ], 
  [ [ 1, 0, 0, 0 ], [ 0, 1, 0, 0 ], [ 0, 0, 1, 0 ], [ 0, 0, 0, 1 ] ], 
  [ [ 14, 0, -7, -3 ], [ 0, 14, 33, -14 ], [ 14, -3, -14, 0 ], 
      [ 33, 7, 0, -14 ] ] ]),TheRotSubgroup:=Group([ [ [ -14, 0, 7, 3 ], [ 0, -14, -33, 14 ], [ -14, 3, 14, 0 ], 
      [ -33, -7, 0, 14 ] ], 
  [ [ -1, 0, 0, 0 ], [ 0, -1, 0, 0 ], [ 0, 0, -1, 0 ], [ 0, 0, 0, -1 ] ], 
  [ [ 1, 0, 0, 0 ], [ 0, 1, 0, 0 ], [ 0, 0, 1, 0 ], [ 0, 0, 0, 1 ] ], 
  [ [ 14, 0, -7, -3 ], [ 0, 14, 33, -14 ], [ 14, -3, -14, 0 ], 
      [ 33, 7, 0, -14 ] ] ]),BoundaryImage:=rec(ListIFace:=[ 3, 9 ],ListSign:=[ -1, 1 ],ListElt:=[ [ [ 0, -3, -7, 3 ], [ 66, 0, -33, -14 ], [ -14, -3, 0, 6 ], 
      [ 33, -7, -33, 0 ] ], 
  [ [ -14, 0, 7, 3 ], [ 0, -14, -33, 14 ], [ -14, 3, 14, 0 ], 
      [ -33, -7, 0, 14 ] ] ])),rec(TheMatrixStab:=Group([ [ [ -14, 0, -7, -3 ], [ 0, -14, 33, -14 ], [ 14, -3, 14, 0 ], 
      [ 33, 7, 0, 14 ] ], 
  [ [ -1, 0, 0, 0 ], [ 0, -1, 0, 0 ], [ 0, 0, -1, 0 ], [ 0, 0, 0, -1 ] ], 
  [ [ 1, 0, 0, 0 ], [ 0, 1, 0, 0 ], [ 0, 0, 1, 0 ], [ 0, 0, 0, 1 ] ], 
  [ [ 14, 0, 7, 3 ], [ 0, 14, -33, 14 ], [ -14, 3, -14, 0 ], 
      [ -33, -7, 0, -14 ] ] ]),TheRotSubgroup:=Group([ [ [ -14, 0, -7, -3 ], [ 0, -14, 33, -14 ], [ 14, -3, 14, 0 ], 
      [ 33, 7, 0, 14 ] ], 
  [ [ -1, 0, 0, 0 ], [ 0, -1, 0, 0 ], [ 0, 0, -1, 0 ], [ 0, 0, 0, -1 ] ], 
  [ [ 1, 0, 0, 0 ], [ 0, 1, 0, 0 ], [ 0, 0, 1, 0 ], [ 0, 0, 0, 1 ] ], 
  [ [ 14, 0, 7, 3 ], [ 0, 14, -33, 14 ], [ -14, 3, -14, 0 ], 
      [ -33, -7, 0, -14 ] ] ]),BoundaryImage:=rec(ListIFace:=[ 4, 10 ],ListSign:=[ -1, 1 ],ListElt:=[ [ [ -14, 0, -7, -3 ], [ 0, -14, 33, -14 ], [ 14, -3, 14, 0 ], 
      [ 33, 7, 0, 14 ] ], 
  [ [ -35, 0, -19, -7 ], [ 0, -35, 77, -38 ], [ 38, -7, 36, 0 ], 
      [ 77, 19, 0, 36 ] ] ])),rec(TheMatrixStab:=Group([ [ [ -2, -1, -1, 1 ], [ 22, -2, -11, -2 ], [ -8, -1, 1, 2 ], 
      [ 11, -4, -11, 1 ] ], 
  [ [ -1, -1, -1, 1 ], [ 22, -1, -11, -2 ], [ -8, -1, 2, 2 ], 
      [ 11, -4, -11, 2 ] ], 
  [ [ -1, 0, 0, 0 ], [ 0, -1, 0, 0 ], [ 0, 0, -1, 0 ], [ 0, 0, 0, -1 ] ], 
  [ [ 1, 0, 0, 0 ], [ 0, 1, 0, 0 ], [ 0, 0, 1, 0 ], [ 0, 0, 0, 1 ] ], 
  [ [ 1, 1, 1, -1 ], [ -22, 1, 11, 2 ], [ 8, 1, -2, -2 ], [ -11, 4, 11, -2 ] ]
    , 
  [ [ 2, 1, 1, -1 ], [ -22, 2, 11, 2 ], [ 8, 1, -1, -2 ], [ -11, 4, 11, -1 ] 
     ] ]),TheRotSubgroup:=Group([ [ [ -2, -1, -1, 1 ], [ 22, -2, -11, -2 ], [ -8, -1, 1, 2 ], 
      [ 11, -4, -11, 1 ] ], 
  [ [ -1, -1, -1, 1 ], [ 22, -1, -11, -2 ], [ -8, -1, 2, 2 ], 
      [ 11, -4, -11, 2 ] ], 
  [ [ -1, 0, 0, 0 ], [ 0, -1, 0, 0 ], [ 0, 0, -1, 0 ], [ 0, 0, 0, -1 ] ], 
  [ [ 1, 0, 0, 0 ], [ 0, 1, 0, 0 ], [ 0, 0, 1, 0 ], [ 0, 0, 0, 1 ] ], 
  [ [ 1, 1, 1, -1 ], [ -22, 1, 11, 2 ], [ 8, 1, -2, -2 ], [ -11, 4, 11, -2 ] ]
    , 
  [ [ 2, 1, 1, -1 ], [ -22, 2, 11, 2 ], [ 8, 1, -1, -2 ], [ -11, 4, 11, -1 ] 
     ] ]),BoundaryImage:=rec(ListIFace:=[ 5, 11 ],ListSign:=[ -1, 1 ],ListElt:=[ [ [ -1, 0, 0, 0 ], [ 0, -1, 0, 0 ], [ 0, 0, -1, 0 ], [ 0, 0, 0, -1 ] ], 
  [ [ 1, 1, 1, -1 ], [ -22, 1, 11, 2 ], [ 8, 1, -2, -2 ], [ -11, 4, 11, -2 ] 
     ] ])),rec(TheMatrixStab:=Group([ [ [ -2, -1, 1, -1 ], [ 22, -2, 11, 2 ], [ 8, 1, 1, 2 ], [ -11, 4, -11, 1 ] ]
    , 
  [ [ -1, -1, 1, -1 ], [ 22, -1, 11, 2 ], [ 8, 1, 2, 2 ], [ -11, 4, -11, 2 ] ]
    , [ [ -1, 0, 0, 0 ], [ 0, -1, 0, 0 ], [ 0, 0, -1, 0 ], [ 0, 0, 0, -1 ] ], 
  [ [ 1, 0, 0, 0 ], [ 0, 1, 0, 0 ], [ 0, 0, 1, 0 ], [ 0, 0, 0, 1 ] ], 
  [ [ 1, 1, -1, 1 ], [ -22, 1, -11, -2 ], [ -8, -1, -2, -2 ], 
      [ 11, -4, 11, -2 ] ], 
  [ [ 2, 1, -1, 1 ], [ -22, 2, -11, -2 ], [ -8, -1, -1, -2 ], 
      [ 11, -4, 11, -1 ] ] ]),TheRotSubgroup:=Group([ [ [ -2, -1, 1, -1 ], [ 22, -2, 11, 2 ], [ 8, 1, 1, 2 ], [ -11, 4, -11, 1 ] ]
    , 
  [ [ -1, -1, 1, -1 ], [ 22, -1, 11, 2 ], [ 8, 1, 2, 2 ], [ -11, 4, -11, 2 ] ]
    , [ [ -1, 0, 0, 0 ], [ 0, -1, 0, 0 ], [ 0, 0, -1, 0 ], [ 0, 0, 0, -1 ] ], 
  [ [ 1, 0, 0, 0 ], [ 0, 1, 0, 0 ], [ 0, 0, 1, 0 ], [ 0, 0, 0, 1 ] ], 
  [ [ 1, 1, -1, 1 ], [ -22, 1, -11, -2 ], [ -8, -1, -2, -2 ], 
      [ 11, -4, 11, -2 ] ], 
  [ [ 2, 1, -1, 1 ], [ -22, 2, -11, -2 ], [ -8, -1, -1, -2 ], 
      [ 11, -4, 11, -1 ] ] ]),BoundaryImage:=rec(ListIFace:=[ 6, 12 ],ListSign:=[ -1, 1 ],ListElt:=[ [ [ -1, 0, 0, 0 ], [ 0, -1, 0, 0 ], [ 0, 0, -1, 0 ], [ 0, 0, 0, -1 ] ], 
  [ [ -1, 0, 0, 0 ], [ 0, -1, 0, 0 ], [ 0, 0, -1, 0 ], [ 0, 0, 0, -1 ] ] ])),rec(TheMatrixStab:=Group([ [ [ -2, -1, -1, 1 ], [ 22, -2, -11, -2 ], [ -8, -1, 1, 2 ], 
      [ 11, -4, -11, 1 ] ], 
  [ [ -1, -1, -1, 1 ], [ 22, -1, -11, -2 ], [ -8, -1, 2, 2 ], 
      [ 11, -4, -11, 2 ] ], 
  [ [ -1, 0, 0, 0 ], [ 0, -1, 0, 0 ], [ 0, 0, -1, 0 ], [ 0, 0, 0, -1 ] ], 
  [ [ 1, 0, 0, 0 ], [ 0, 1, 0, 0 ], [ 0, 0, 1, 0 ], [ 0, 0, 0, 1 ] ], 
  [ [ 1, 1, 1, -1 ], [ -22, 1, 11, 2 ], [ 8, 1, -2, -2 ], [ -11, 4, 11, -2 ] ]
    , 
  [ [ 2, 1, 1, -1 ], [ -22, 2, 11, 2 ], [ 8, 1, -1, -2 ], [ -11, 4, 11, -1 ] 
     ] ]),TheRotSubgroup:=Group([ [ [ -2, -1, -1, 1 ], [ 22, -2, -11, -2 ], [ -8, -1, 1, 2 ], 
      [ 11, -4, -11, 1 ] ], 
  [ [ -1, -1, -1, 1 ], [ 22, -1, -11, -2 ], [ -8, -1, 2, 2 ], 
      [ 11, -4, -11, 2 ] ], 
  [ [ -1, 0, 0, 0 ], [ 0, -1, 0, 0 ], [ 0, 0, -1, 0 ], [ 0, 0, 0, -1 ] ], 
  [ [ 1, 0, 0, 0 ], [ 0, 1, 0, 0 ], [ 0, 0, 1, 0 ], [ 0, 0, 0, 1 ] ], 
  [ [ 1, 1, 1, -1 ], [ -22, 1, 11, 2 ], [ 8, 1, -2, -2 ], [ -11, 4, 11, -2 ] ]
    , 
  [ [ 2, 1, 1, -1 ], [ -22, 2, 11, 2 ], [ 8, 1, -1, -2 ], [ -11, 4, 11, -1 ] 
     ] ]),BoundaryImage:=rec(ListIFace:=[ 5, 13 ],ListSign:=[ -1, 1 ],ListElt:=[ [ [ 1, 0, 0, 0 ], [ 0, 1, 0, 0 ], [ 0, 0, 1, 0 ], [ 0, 0, 0, 1 ] ], 
  [ [ 1, 0, 0, 0 ], [ 0, 1, 0, 0 ], [ 0, 0, 1, 0 ], [ 0, 0, 0, 1 ] ] ])),rec(TheMatrixStab:=Group([ [ [ -2, -1, 1, -1 ], [ 22, -2, 11, 2 ], [ 8, 1, 1, 2 ], [ -11, 4, -11, 1 ] ]
    , 
  [ [ -1, -1, 1, -1 ], [ 22, -1, 11, 2 ], [ 8, 1, 2, 2 ], [ -11, 4, -11, 2 ] ]
    , [ [ -1, 0, 0, 0 ], [ 0, -1, 0, 0 ], [ 0, 0, -1, 0 ], [ 0, 0, 0, -1 ] ], 
  [ [ 1, 0, 0, 0 ], [ 0, 1, 0, 0 ], [ 0, 0, 1, 0 ], [ 0, 0, 0, 1 ] ], 
  [ [ 1, 1, -1, 1 ], [ -22, 1, -11, -2 ], [ -8, -1, -2, -2 ], 
      [ 11, -4, 11, -2 ] ], 
  [ [ 2, 1, -1, 1 ], [ -22, 2, -11, -2 ], [ -8, -1, -1, -2 ], 
      [ 11, -4, 11, -1 ] ] ]),TheRotSubgroup:=Group([ [ [ -2, -1, 1, -1 ], [ 22, -2, 11, 2 ], [ 8, 1, 1, 2 ], [ -11, 4, -11, 1 ] ]
    , 
  [ [ -1, -1, 1, -1 ], [ 22, -1, 11, 2 ], [ 8, 1, 2, 2 ], [ -11, 4, -11, 2 ] ]
    , [ [ -1, 0, 0, 0 ], [ 0, -1, 0, 0 ], [ 0, 0, -1, 0 ], [ 0, 0, 0, -1 ] ], 
  [ [ 1, 0, 0, 0 ], [ 0, 1, 0, 0 ], [ 0, 0, 1, 0 ], [ 0, 0, 0, 1 ] ], 
  [ [ 1, 1, -1, 1 ], [ -22, 1, -11, -2 ], [ -8, -1, -2, -2 ], 
      [ 11, -4, 11, -2 ] ], 
  [ [ 2, 1, -1, 1 ], [ -22, 2, -11, -2 ], [ -8, -1, -1, -2 ], 
      [ 11, -4, 11, -1 ] ] ]),BoundaryImage:=rec(ListIFace:=[ 6, 14 ],ListSign:=[ -1, 1 ],ListElt:=[ [ [ -1, -1, 1, -1 ], [ 22, -1, 11, 2 ], [ 8, 1, 2, 2 ], [ -11, 4, -11, 2 ] ]
    , 
  [ [ -1, -1, 1, -1 ], [ 22, -1, 11, 2 ], [ 8, 1, 2, 2 ], [ -11, 4, -11, 2 ] 
     ] ])),rec(TheMatrixStab:=Group([ [ [ -1, 0, 0, 0 ], [ 0, -1, 0, 0 ], [ 0, 0, -1, 0 ], [ 0, 0, 0, -1 ] ], 
  [ [ 0, -3, -7, 3 ], [ 66, 0, -33, -14 ], [ -14, -3, 0, 6 ], 
      [ 33, -7, -33, 0 ] ], 
  [ [ 0, 3, 7, -3 ], [ -66, 0, 33, 14 ], [ 14, 3, 0, -6 ], [ -33, 7, 33, 0 ] ]
    , [ [ 1, 0, 0, 0 ], [ 0, 1, 0, 0 ], [ 0, 0, 1, 0 ], [ 0, 0, 0, 1 ] ] ]),TheRotSubgroup:=Group([ [ [ -1, 0, 0, 0 ], [ 0, -1, 0, 0 ], [ 0, 0, -1, 0 ], [ 0, 0, 0, -1 ] ], 
  [ [ 0, -3, -7, 3 ], [ 66, 0, -33, -14 ], [ -14, -3, 0, 6 ], 
      [ 33, -7, -33, 0 ] ], 
  [ [ 0, 3, 7, -3 ], [ -66, 0, 33, 14 ], [ 14, 3, 0, -6 ], [ -33, 7, 33, 0 ] ]
    , [ [ 1, 0, 0, 0 ], [ 0, 1, 0, 0 ], [ 0, 0, 1, 0 ], [ 0, 0, 0, 1 ] ] ]),BoundaryImage:=rec(ListIFace:=[ 7, 10 ],ListSign:=[ -1, 1 ],ListElt:=[ [ [ 35, 1, -14, -8 ], [ -22, 35, 88, -28 ], [ 42, -7, -35, -2 ], 
      [ 77, 21, 11, -35 ] ], 
  [ [ 35, 14, -12, 21 ], [ -308, 35, -231, -24 ], [ 108, 7, 40, 28 ], 
      [ -77, 54, -154, 40 ] ] ])),rec(TheMatrixStab:=Group([ [ [ -1, 0, 0, 0 ], [ 0, -1, 0, 0 ], [ 0, 0, -1, 0 ], [ 0, 0, 0, -1 ] ], 
  [ [ 0, -3, 7, -3 ], [ 66, 0, 33, 14 ], [ 14, 3, 0, 6 ], [ -33, 7, -33, 0 ] ]
    , 
  [ [ 0, 3, -7, 3 ], [ -66, 0, -33, -14 ], [ -14, -3, 0, -6 ], 
      [ 33, -7, 33, 0 ] ], 
  [ [ 1, 0, 0, 0 ], [ 0, 1, 0, 0 ], [ 0, 0, 1, 0 ], [ 0, 0, 0, 1 ] ] ]),TheRotSubgroup:=Group([ [ [ -1, 0, 0, 0 ], [ 0, -1, 0, 0 ], [ 0, 0, -1, 0 ], [ 0, 0, 0, -1 ] ], 
  [ [ 0, -3, 7, -3 ], [ 66, 0, 33, 14 ], [ 14, 3, 0, 6 ], [ -33, 7, -33, 0 ] ]
    , 
  [ [ 0, 3, -7, 3 ], [ -66, 0, -33, -14 ], [ -14, -3, 0, -6 ], 
      [ 33, -7, 33, 0 ] ], 
  [ [ 1, 0, 0, 0 ], [ 0, 1, 0, 0 ], [ 0, 0, 1, 0 ], [ 0, 0, 0, 1 ] ] ]),BoundaryImage:=rec(ListIFace:=[ 8, 9 ],ListSign:=[ -1, 1 ],ListElt:=[ [ [ -3, -7, 14, -7 ], [ 154, -3, 77, 28 ], [ 38, 7, 2, 14 ], 
      [ -77, 19, -77, 2 ] ], 
  [ [ -63, 8, 49, 4 ], [ -176, -63, -44, 98 ], [ 28, -23, -63, 18 ], 
      [ 253, 14, -99, -63 ] ] ])),rec(TheMatrixStab:=Group([ [ [ -3, -7, -14, 7 ], [ 154, -3, -77, -28 ], [ -38, -7, 2, 14 ], 
      [ 77, -19, -77, 2 ] ], 
  [ [ -2, -7, -14, 7 ], [ 154, -2, -77, -28 ], [ -38, -7, 3, 14 ], 
      [ 77, -19, -77, 3 ] ], 
  [ [ -1, 0, 0, 0 ], [ 0, -1, 0, 0 ], [ 0, 0, -1, 0 ], [ 0, 0, 0, -1 ] ], 
  [ [ 1, 0, 0, 0 ], [ 0, 1, 0, 0 ], [ 0, 0, 1, 0 ], [ 0, 0, 0, 1 ] ], 
  [ [ 2, 7, 14, -7 ], [ -154, 2, 77, 28 ], [ 38, 7, -3, -14 ], 
      [ -77, 19, 77, -3 ] ], 
  [ [ 3, 7, 14, -7 ], [ -154, 3, 77, 28 ], [ 38, 7, -2, -14 ], 
      [ -77, 19, 77, -2 ] ] ]),TheRotSubgroup:=Group([ [ [ -3, -7, -14, 7 ], [ 154, -3, -77, -28 ], [ -38, -7, 2, 14 ], 
      [ 77, -19, -77, 2 ] ], 
  [ [ -2, -7, -14, 7 ], [ 154, -2, -77, -28 ], [ -38, -7, 3, 14 ], 
      [ 77, -19, -77, 3 ] ], 
  [ [ -1, 0, 0, 0 ], [ 0, -1, 0, 0 ], [ 0, 0, -1, 0 ], [ 0, 0, 0, -1 ] ], 
  [ [ 1, 0, 0, 0 ], [ 0, 1, 0, 0 ], [ 0, 0, 1, 0 ], [ 0, 0, 0, 1 ] ], 
  [ [ 2, 7, 14, -7 ], [ -154, 2, 77, 28 ], [ 38, 7, -3, -14 ], 
      [ -77, 19, 77, -3 ] ], 
  [ [ 3, 7, 14, -7 ], [ -154, 3, 77, 28 ], [ 38, 7, -2, -14 ], 
      [ -77, 19, 77, -2 ] ] ]),BoundaryImage:=rec(ListIFace:=[ 7, 13 ],ListSign:=[ -1, 1 ],ListElt:=[ [ [ 0, -3, -7, 3 ], [ 66, 0, -33, -14 ], [ -14, -3, 0, 6 ], 
      [ 33, -7, -33, 0 ] ], 
  [ [ 23, 2, -5, -4 ], [ -44, 23, 44, -10 ], [ 34, -3, -15, -2 ], 
      [ 33, 17, 11, -15 ] ] ])),rec(TheMatrixStab:=Group([ [ [ -3, -7, 14, -7 ], [ 154, -3, 77, 28 ], [ 38, 7, 2, 14 ], 
      [ -77, 19, -77, 2 ] ], 
  [ [ -2, -7, 14, -7 ], [ 154, -2, 77, 28 ], [ 38, 7, 3, 14 ], 
      [ -77, 19, -77, 3 ] ], 
  [ [ -1, 0, 0, 0 ], [ 0, -1, 0, 0 ], [ 0, 0, -1, 0 ], [ 0, 0, 0, -1 ] ], 
  [ [ 1, 0, 0, 0 ], [ 0, 1, 0, 0 ], [ 0, 0, 1, 0 ], [ 0, 0, 0, 1 ] ], 
  [ [ 2, 7, -14, 7 ], [ -154, 2, -77, -28 ], [ -38, -7, -3, -14 ], 
      [ 77, -19, 77, -3 ] ], 
  [ [ 3, 7, -14, 7 ], [ -154, 3, -77, -28 ], [ -38, -7, -2, -14 ], 
      [ 77, -19, 77, -2 ] ] ]),TheRotSubgroup:=Group([ [ [ -3, -7, 14, -7 ], [ 154, -3, 77, 28 ], [ 38, 7, 2, 14 ], 
      [ -77, 19, -77, 2 ] ], 
  [ [ -2, -7, 14, -7 ], [ 154, -2, 77, 28 ], [ 38, 7, 3, 14 ], 
      [ -77, 19, -77, 3 ] ], 
  [ [ -1, 0, 0, 0 ], [ 0, -1, 0, 0 ], [ 0, 0, -1, 0 ], [ 0, 0, 0, -1 ] ], 
  [ [ 1, 0, 0, 0 ], [ 0, 1, 0, 0 ], [ 0, 0, 1, 0 ], [ 0, 0, 0, 1 ] ], 
  [ [ 2, 7, -14, 7 ], [ -154, 2, -77, -28 ], [ -38, -7, -3, -14 ], 
      [ 77, -19, 77, -3 ] ], 
  [ [ 3, 7, -14, 7 ], [ -154, 3, -77, -28 ], [ -38, -7, -2, -14 ], 
      [ 77, -19, 77, -2 ] ] ]),BoundaryImage:=rec(ListIFace:=[ 8, 14 ],ListSign:=[ -1, 1 ],ListElt:=[ [ [ -35, -1, -14, -8 ], [ 22, -35, 88, -28 ], [ 42, -7, 35, 2 ], 
      [ 77, 21, -11, 35 ] ], 
  [ [ -6, -6, 6, -5 ], [ 132, -6, 55, 12 ], [ 36, 5, 6, 8 ], 
      [ -55, 18, -44, 6 ] ] ])),rec(TheMatrixStab:=Group([ [ [ -36, 0, 19, 7 ], [ 0, -36, -77, 38 ], [ -38, 7, 35, 0 ], 
      [ -77, -19, 0, 35 ] ], 
  [ [ -35, 0, 19, 7 ], [ 0, -35, -77, 38 ], [ -38, 7, 36, 0 ], 
      [ -77, -19, 0, 36 ] ], 
  [ [ -1, 0, 0, 0 ], [ 0, -1, 0, 0 ], [ 0, 0, -1, 0 ], [ 0, 0, 0, -1 ] ], 
  [ [ 1, 0, 0, 0 ], [ 0, 1, 0, 0 ], [ 0, 0, 1, 0 ], [ 0, 0, 0, 1 ] ], 
  [ [ 35, 0, -19, -7 ], [ 0, 35, 77, -38 ], [ 38, -7, -36, 0 ], 
      [ 77, 19, 0, -36 ] ], 
  [ [ 36, 0, -19, -7 ], [ 0, 36, 77, -38 ], [ 38, -7, -35, 0 ], 
      [ 77, 19, 0, -35 ] ] ]),TheRotSubgroup:=Group([ [ [ -36, 0, 19, 7 ], [ 0, -36, -77, 38 ], [ -38, 7, 35, 0 ], 
      [ -77, -19, 0, 35 ] ], 
  [ [ -35, 0, 19, 7 ], [ 0, -35, -77, 38 ], [ -38, 7, 36, 0 ], 
      [ -77, -19, 0, 36 ] ], 
  [ [ -1, 0, 0, 0 ], [ 0, -1, 0, 0 ], [ 0, 0, -1, 0 ], [ 0, 0, 0, -1 ] ], 
  [ [ 1, 0, 0, 0 ], [ 0, 1, 0, 0 ], [ 0, 0, 1, 0 ], [ 0, 0, 0, 1 ] ], 
  [ [ 35, 0, -19, -7 ], [ 0, 35, 77, -38 ], [ 38, -7, -36, 0 ], 
      [ 77, 19, 0, -36 ] ], 
  [ [ 36, 0, -19, -7 ], [ 0, 36, 77, -38 ], [ 38, -7, -35, 0 ], 
      [ 77, 19, 0, -35 ] ] ]),BoundaryImage:=rec(ListIFace:=[ 9, 12 ],ListSign:=[ -1, 1 ],ListElt:=[ [ [ 35, 0, -19, -7 ], [ 0, 35, 77, -38 ], [ 38, -7, -36, 0 ], 
      [ 77, 19, 0, -36 ] ], 
  [ [ 17, 9, -11, 11 ], [ -198, 17, -121, -22 ], [ 58, 6, 13, 16 ], 
      [ -66, 29, -88, 13 ] ] ])),rec(TheMatrixStab:=Group([ [ [ -36, 0, -19, -7 ], [ 0, -36, 77, -38 ], [ 38, -7, 35, 0 ], 
      [ 77, 19, 0, 35 ] ], 
  [ [ -35, 0, -19, -7 ], [ 0, -35, 77, -38 ], [ 38, -7, 36, 0 ], 
      [ 77, 19, 0, 36 ] ], 
  [ [ -1, 0, 0, 0 ], [ 0, -1, 0, 0 ], [ 0, 0, -1, 0 ], [ 0, 0, 0, -1 ] ], 
  [ [ 1, 0, 0, 0 ], [ 0, 1, 0, 0 ], [ 0, 0, 1, 0 ], [ 0, 0, 0, 1 ] ], 
  [ [ 35, 0, 19, 7 ], [ 0, 35, -77, 38 ], [ -38, 7, -36, 0 ], 
      [ -77, -19, 0, -36 ] ], 
  [ [ 36, 0, 19, 7 ], [ 0, 36, -77, 38 ], [ -38, 7, -35, 0 ], 
      [ -77, -19, 0, -35 ] ] ]),TheRotSubgroup:=Group([ [ [ -36, 0, -19, -7 ], [ 0, -36, 77, -38 ], [ 38, -7, 35, 0 ], 
      [ 77, 19, 0, 35 ] ], 
  [ [ -35, 0, -19, -7 ], [ 0, -35, 77, -38 ], [ 38, -7, 36, 0 ], 
      [ 77, 19, 0, 36 ] ], 
  [ [ -1, 0, 0, 0 ], [ 0, -1, 0, 0 ], [ 0, 0, -1, 0 ], [ 0, 0, 0, -1 ] ], 
  [ [ 1, 0, 0, 0 ], [ 0, 1, 0, 0 ], [ 0, 0, 1, 0 ], [ 0, 0, 0, 1 ] ], 
  [ [ 35, 0, 19, 7 ], [ 0, 35, -77, 38 ], [ -38, 7, -36, 0 ], 
      [ -77, -19, 0, -36 ] ], 
  [ [ 36, 0, 19, 7 ], [ 0, 36, -77, 38 ], [ -38, 7, -35, 0 ], 
      [ -77, -19, 0, -35 ] ] ]),BoundaryImage:=rec(ListIFace:=[ 10, 11 ],ListSign:=[ -1, 1 ],ListElt:=[ [ [ -14, 0, -7, -3 ], [ 0, -14, 33, -14 ], [ 14, -3, 14, 0 ], 
      [ 33, 7, 0, 14 ] ], 
  [ [ 45, 2, -16, -10 ], [ -44, 45, 110, -32 ], [ -56, 7, 39, 4 ], 
      [ -77, -28, -22, 39 ] ] ])),rec(TheMatrixStab:=Group([ [ [ -1, 0, 0, 0 ], [ 0, -1, 0, 0 ], [ 0, 0, -1, 0 ], [ 0, 0, 0, -1 ] ], 
  [ [ 1, 0, 0, 0 ], [ 0, 1, 0, 0 ], [ 0, 0, 1, 0 ], [ 0, 0, 0, 1 ] ] ]),TheRotSubgroup:=Group([ [ [ -1, 0, 0, 0 ], [ 0, -1, 0, 0 ], [ 0, 0, -1, 0 ], [ 0, 0, 0, -1 ] ], 
  [ [ 1, 0, 0, 0 ], [ 0, 1, 0, 0 ], [ 0, 0, 1, 0 ], [ 0, 0, 0, 1 ] ] ]),BoundaryImage:=rec(ListIFace:=[ 11, 14 ],ListSign:=[ -1, 1 ],ListElt:=[ [ [ -1, 0, 0, 0 ], [ 0, -1, 0, 0 ], [ 0, 0, -1, 0 ], [ 0, 0, 0, -1 ] ], 
  [ [ 11, -1, 4, 0 ], [ 22, 11, 0, 8 ], [ 8, -4, 5, -2 ], [ 44, 4, 11, 5 ] ] ])),rec(TheMatrixStab:=Group([ [ [ -1, 0, 0, 0 ], [ 0, -1, 0, 0 ], [ 0, 0, -1, 0 ], [ 0, 0, 0, -1 ] ], 
  [ [ 1, 0, 0, 0 ], [ 0, 1, 0, 0 ], [ 0, 0, 1, 0 ], [ 0, 0, 0, 1 ] ] ]),TheRotSubgroup:=Group([ [ [ -1, 0, 0, 0 ], [ 0, -1, 0, 0 ], [ 0, 0, -1, 0 ], [ 0, 0, 0, -1 ] ], 
  [ [ 1, 0, 0, 0 ], [ 0, 1, 0, 0 ], [ 0, 0, 1, 0 ], [ 0, 0, 0, 1 ] ] ]),BoundaryImage:=rec(ListIFace:=[ 12, 13 ],ListSign:=[ -1, 1 ],ListElt:=[ [ [ -1, 0, 0, 0 ], [ 0, -1, 0, 0 ], [ 0, 0, -1, 0 ], [ 0, 0, 0, -1 ] ], 
  [ [ -12, -5, -4, 5 ], [ 110, -12, -55, -8 ], [ 42, 3, -9, -8 ], 
      [ -33, 21, 44, -9 ] ] ])),rec(TheMatrixStab:=Group([ [ [ -1, 0, 0, 0 ], [ 0, -1, 0, 0 ], [ 0, 0, -1, 0 ], [ 0, 0, 0, -1 ] ], 
  [ [ 1, 0, 0, 0 ], [ 0, 1, 0, 0 ], [ 0, 0, 1, 0 ], [ 0, 0, 0, 1 ] ] ]),TheRotSubgroup:=Group([ [ [ -1, 0, 0, 0 ], [ 0, -1, 0, 0 ], [ 0, 0, -1, 0 ], [ 0, 0, 0, -1 ] ], 
  [ [ 1, 0, 0, 0 ], [ 0, 1, 0, 0 ], [ 0, 0, 1, 0 ], [ 0, 0, 0, 1 ] ] ]),BoundaryImage:=rec(ListIFace:=[ 11, 13 ],ListSign:=[ -1, 1 ],ListElt:=[ [ [ 1, 0, 0, 0 ], [ 0, 1, 0, 0 ], [ 0, 0, 1, 0 ], [ 0, 0, 0, 1 ] ], 
  [ [ -16, -4, 0, 5 ], [ 88, -16, -55, 0 ], [ -40, -1, 13, 6 ], 
      [ 11, -20, -33, 13 ] ] ])),rec(TheMatrixStab:=Group([ [ [ -1, 0, 0, 0 ], [ 0, -1, 0, 0 ], [ 0, 0, -1, 0 ], [ 0, 0, 0, -1 ] ], 
  [ [ 1, 0, 0, 0 ], [ 0, 1, 0, 0 ], [ 0, 0, 1, 0 ], [ 0, 0, 0, 1 ] ] ]),TheRotSubgroup:=Group([ [ [ -1, 0, 0, 0 ], [ 0, -1, 0, 0 ], [ 0, 0, -1, 0 ], [ 0, 0, 0, -1 ] ], 
  [ [ 1, 0, 0, 0 ], [ 0, 1, 0, 0 ], [ 0, 0, 1, 0 ], [ 0, 0, 0, 1 ] ] ]),BoundaryImage:=rec(ListIFace:=[ 12, 14 ],ListSign:=[ -1, 1 ],ListElt:=[ [ [ -1, -1, 1, -1 ], [ 22, -1, 11, 2 ], [ 8, 1, 2, 2 ], [ -11, 4, -11, 2 ] ]
    , 
  [ [ -17, 0, -5, -2 ], [ 0, -17, 22, -10 ], [ 20, -4, 11, 0 ], 
      [ 44, 10, 0, 11 ] ] ]))],[rec(TheMatrixStab:=Group([ [ [ -1, 0, 0, 0 ], [ 0, -1, 0, 0 ], [ 0, 0, -1, 0 ], [ 0, 0, 0, -1 ] ], 
  [ [ 1, 0, 0, 0 ], [ 0, 1, 0, 0 ], [ 0, 0, 1, 0 ], [ 0, 0, 0, 1 ] ] ]),TheRotSubgroup:=Group([ [ [ -1, 0, 0, 0 ], [ 0, -1, 0, 0 ], [ 0, 0, -1, 0 ], [ 0, 0, 0, -1 ] ], 
  [ [ 1, 0, 0, 0 ], [ 0, 1, 0, 0 ], [ 0, 0, 1, 0 ], [ 0, 0, 0, 1 ] ] ]),BoundaryImage:=rec(ListIFace:=[ 1, 3, 12, 24, 8, 18 ],ListSign:=[ 1, -1, -1, -1, 1, 1 ],ListElt:=[ [ [ -1, 0, 0, 0 ], [ 0, -1, 0, 0 ], [ 0, 0, -1, 0 ], [ 0, 0, 0, -1 ] ], 
  [ [ -1, 0, 0, 0 ], [ 0, -1, 0, 0 ], [ 0, 0, -1, 0 ], [ 0, 0, 0, -1 ] ], 
  [ [ -1, 0, 0, 0 ], [ 0, -1, 0, 0 ], [ 0, 0, -1, 0 ], [ 0, 0, 0, -1 ] ], 
  [ [ -1, -1, -1, 1 ], [ 22, -1, -11, -2 ], [ -8, -1, 2, 2 ], 
      [ 11, -4, -11, 2 ] ], 
  [ [ -1, 0, 0, 0 ], [ 0, -1, 0, 0 ], [ 0, 0, -1, 0 ], [ 0, 0, 0, -1 ] ], 
  [ [ 35, 1, -14, -8 ], [ -22, 35, 88, -28 ], [ 42, -7, -35, -2 ], 
      [ 77, 21, 11, -35 ] ] ])),rec(TheMatrixStab:=Group([ [ [ -1, 0, 0, 0 ], [ 0, -1, 0, 0 ], [ 0, 0, -1, 0 ], [ 0, 0, 0, -1 ] ], 
  [ [ 1, 0, 0, 0 ], [ 0, 1, 0, 0 ], [ 0, 0, 1, 0 ], [ 0, 0, 0, 1 ] ] ]),TheRotSubgroup:=Group([ [ [ -1, 0, 0, 0 ], [ 0, -1, 0, 0 ], [ 0, 0, -1, 0 ], [ 0, 0, 0, -1 ] ], 
  [ [ 1, 0, 0, 0 ], [ 0, 1, 0, 0 ], [ 0, 0, 1, 0 ], [ 0, 0, 0, 1 ] ] ]),BoundaryImage:=rec(ListIFace:=[ 2, 9, 4, 13, 25, 19 ],ListSign:=[ 1, 1, -1, -1, -1, 1 ],ListElt:=[ [ [ -1, 0, -1, 0 ], [ 0, -1, 0, -2 ], [ 2, 0, 1, 0 ], [ 0, 1, 0, 1 ] ], 
  [ [ -1, 0, 0, 0 ], [ 0, -1, 0, 0 ], [ 0, 0, -1, 0 ], [ 0, 0, 0, -1 ] ], 
  [ [ 1, 0, 0, 0 ], [ 0, 1, 0, 0 ], [ 0, 0, 1, 0 ], [ 0, 0, 0, 1 ] ], 
  [ [ -1, 0, 0, 0 ], [ 0, -1, 0, 0 ], [ 0, 0, -1, 0 ], [ 0, 0, 0, -1 ] ], 
  [ [ -1, -1, 1, -1 ], [ 22, -1, 11, 2 ], [ 8, 1, 2, 2 ], [ -11, 4, -11, 2 ] ]
    , [ [ -35, 2, -21, -5 ], [ -44, -35, 55, -42 ], [ 28, -10, 35, -4 ], 
      [ 110, 14, 22, 35 ] ] ])),rec(TheMatrixStab:=Group([ [ [ -1, 0, 0, 0 ], [ 0, -1, 0, 0 ], [ 0, 0, -1, 0 ], [ 0, 0, 0, -1 ] ], 
  [ [ 1, 0, 0, 0 ], [ 0, 1, 0, 0 ], [ 0, 0, 1, 0 ], [ 0, 0, 0, 1 ] ] ]),TheRotSubgroup:=Group([ [ [ -1, 0, 0, 0 ], [ 0, -1, 0, 0 ], [ 0, 0, -1, 0 ], [ 0, 0, 0, -1 ] ], 
  [ [ 1, 0, 0, 0 ], [ 0, 1, 0, 0 ], [ 0, 0, 1, 0 ], [ 0, 0, 0, 1 ] ] ]),BoundaryImage:=rec(ListIFace:=[ 1, 10, 20, 25, 5, 15 ],ListSign:=[ 1, 1, 1, 1, -1, -1 ],ListElt:=[ [ [ 1, 0, -1, 0 ], [ 0, 1, 0, -2 ], [ 2, 0, -1, 0 ], [ 0, 1, 0, -1 ] ], 
  [ [ 1, 0, -1, 0 ], [ 0, 1, 0, -2 ], [ 2, 0, -1, 0 ], [ 0, 1, 0, -1 ] ], 
  [ [ 35, 2, -14, -9 ], [ -44, 35, 99, -28 ], [ 42, -6, -35, -2 ], 
      [ 66, 21, 11, -35 ] ], 
  [ [ -29, -2, -9, -7 ], [ 44, -29, 77, -18 ], [ -36, 5, -26, -2 ], 
      [ -55, -18, 11, -26 ] ], 
  [ [ -1, 0, 0, 0 ], [ 0, -1, 0, 0 ], [ 0, 0, -1, 0 ], [ 0, 0, 0, -1 ] ], 
  [ [ 5, 0, 2, 1 ], [ 0, 5, -11, 4 ], [ 4, -1, 4, 0 ], [ 11, 2, 0, 4 ] ] ])),rec(TheMatrixStab:=Group([ [ [ -1, 0, 0, 0 ], [ 0, -1, 0, 0 ], [ 0, 0, -1, 0 ], [ 0, 0, 0, -1 ] ], 
  [ [ 1, 0, 0, 0 ], [ 0, 1, 0, 0 ], [ 0, 0, 1, 0 ], [ 0, 0, 0, 1 ] ] ]),TheRotSubgroup:=Group([ [ [ -1, 0, 0, 0 ], [ 0, -1, 0, 0 ], [ 0, 0, -1, 0 ], [ 0, 0, 0, -1 ] ], 
  [ [ 1, 0, 0, 0 ], [ 0, 1, 0, 0 ], [ 0, 0, 1, 0 ], [ 0, 0, 0, 1 ] ] ]),BoundaryImage:=rec(ListIFace:=[ 2, 6, 14, 24, 21, 11 ],ListSign:=[ 1, -1, -1, 1, 1, 1 ],ListElt:=[ [ [ -1, 0, 0, 0 ], [ 0, -1, 0, 0 ], [ 0, 0, -1, 0 ], [ 0, 0, 0, -1 ] ], 
  [ [ -1, 0, 0, 0 ], [ 0, -1, 0, 0 ], [ 0, 0, -1, 0 ], [ 0, 0, 0, -1 ] ], 
  [ [ 5, 0, -2, -1 ], [ 0, 5, 11, -4 ], [ -4, 1, 4, 0 ], [ -11, -2, 0, 4 ] ], 
  [ [ 29, 2, -9, -7 ], [ -44, 29, 77, -18 ], [ -36, 5, 26, 2 ], 
      [ -55, -18, -11, 26 ] ], 
  [ [ -35, 1, -21, -6 ], [ -22, -35, 66, -42 ], [ 28, -9, 35, -4 ], 
      [ 99, 14, 22, 35 ] ], 
  [ [ -1, 0, -1, 0 ], [ 0, -1, 0, -2 ], [ 2, 0, 1, 0 ], [ 0, 1, 0, 1 ] ] ])),rec(TheMatrixStab:=Group([ [ [ -1, 0, 0, 0 ], [ 0, -1, 0, 0 ], [ 0, 0, -1, 0 ], [ 0, 0, 0, -1 ] ], 
  [ [ 1, 0, 0, 0 ], [ 0, 1, 0, 0 ], [ 0, 0, 1, 0 ], [ 0, 0, 0, 1 ] ] ]),TheRotSubgroup:=Group([ [ [ -1, 0, 0, 0 ], [ 0, -1, 0, 0 ], [ 0, 0, -1, 0 ], [ 0, 0, 0, -1 ] ], 
  [ [ 1, 0, 0, 0 ], [ 0, 1, 0, 0 ], [ 0, 0, 1, 0 ], [ 0, 0, 0, 1 ] ] ]),BoundaryImage:=rec(ListIFace:=[ 3, 6, 4, 5 ],ListSign:=[ 1, -1, 1, -1 ],ListElt:=[ [ [ -1, 0, 0, 0 ], [ 0, -1, 0, 0 ], [ 0, 0, -1, 0 ], [ 0, 0, 0, -1 ] ], 
  [ [ -4, 0, -2, -1 ], [ 0, -4, 11, -4 ], [ -4, 1, -5, 0 ], 
      [ -11, -2, 0, -5 ] ], 
  [ [ 0, 1, -2, 1 ], [ -22, 0, -11, -4 ], [ 6, 1, 1, 2 ], [ -11, 3, -11, 1 ] ]
    , [ [ -1, 0, 0, 0 ], [ 0, -1, 0, 0 ], [ 0, 0, -1, 0 ], [ 0, 0, 0, -1 ] ] ])),rec(TheMatrixStab:=Group([ [ [ -1, 0, 0, 0 ], [ 0, -1, 0, 0 ], [ 0, 0, -1, 0 ], [ 0, 0, 0, -1 ] ], 
  [ [ 1, 0, 0, 0 ], [ 0, 1, 0, 0 ], [ 0, 0, 1, 0 ], [ 0, 0, 0, 1 ] ] ]),TheRotSubgroup:=Group([ [ [ -1, 0, 0, 0 ], [ 0, -1, 0, 0 ], [ 0, 0, -1, 0 ], [ 0, 0, 0, -1 ] ], 
  [ [ 1, 0, 0, 0 ], [ 0, 1, 0, 0 ], [ 0, 0, 1, 0 ], [ 0, 0, 0, 1 ] ] ]),BoundaryImage:=rec(ListIFace:=[ 3, 6, 5, 4 ],ListSign:=[ 1, -1, -1, 1 ],ListElt:=[ [ [ 0, -1, -2, 1 ], [ 22, 0, -11, -4 ], [ 6, 1, -1, -2 ], 
      [ -11, 3, 11, -1 ] ], 
  [ [ -1, 0, 0, 0 ], [ 0, -1, 0, 0 ], [ 0, 0, -1, 0 ], [ 0, 0, 0, -1 ] ], 
  [ [ -4, 0, 2, 1 ], [ 0, -4, -11, 4 ], [ 4, -1, -5, 0 ], [ 11, 2, 0, -5 ] ], 
  [ [ -1, 0, 0, 0 ], [ 0, -1, 0, 0 ], [ 0, 0, -1, 0 ], [ 0, 0, 0, -1 ] ] ])),rec(TheMatrixStab:=Group([ [ [ -1, 0, 0, 0 ], [ 0, -1, 0, 0 ], [ 0, 0, -1, 0 ], [ 0, 0, 0, -1 ] ], 
  [ [ 1, 0, 0, 0 ], [ 0, 1, 0, 0 ], [ 0, 0, 1, 0 ], [ 0, 0, 0, 1 ] ] ]),TheRotSubgroup:=Group([ [ [ -1, 0, 0, 0 ], [ 0, -1, 0, 0 ], [ 0, 0, -1, 0 ], [ 0, 0, 0, -1 ] ], 
  [ [ 1, 0, 0, 0 ], [ 0, 1, 0, 0 ], [ 0, 0, 1, 0 ], [ 0, 0, 0, 1 ] ] ]),BoundaryImage:=rec(ListIFace:=[ 3, 7, 6, 12, 22, 14, 23, 13, 15, 5, 4, 7 ],ListSign:=[ 1, -1, -1, -1, -1, 1, -1, -1, 1, -1, 1, 1 ],ListElt:=[ [ [ 1, 0, 0, 0 ], [ 0, 1, 0, 0 ], [ 0, 0, 1, 0 ], [ 0, 0, 0, 1 ] ], 
  [ [ 1, 0, 0, 0 ], [ 0, 1, 0, 0 ], [ 0, 0, 1, 0 ], [ 0, 0, 0, 1 ] ], 
  [ [ 1, 0, 0, 0 ], [ 0, 1, 0, 0 ], [ 2, 0, 1, 0 ], [ 0, 1, 0, 1 ] ], 
  [ [ 5, -1, -4, 0 ], [ 22, 5, 0, -8 ], [ 12, 0, -5, -2 ], [ 0, 6, 11, -5 ] ],
  [ [ 5, -1, -4, 0 ], [ 22, 5, 0, -8 ], [ 12, 0, -5, -2 ], [ 0, 6, 11, -5 ] ],
  [ [ -2, -1, -1, 1 ], [ 22, -2, -11, -2 ], [ -8, -1, 1, 2 ], 
      [ 11, -4, -11, 1 ] ], 
  [ [ -5, 1, -4, 0 ], [ -22, -5, 0, -8 ], [ -8, 4, -11, 2 ], 
      [ -44, -4, -11, -11 ] ], 
  [ [ -5, 1, -4, 0 ], [ -22, -5, 0, -8 ], [ -8, 4, -11, 2 ], 
      [ -44, -4, -11, -11 ] ], 
  [ [ 1, 1, -1, 1 ], [ -22, 1, -11, -2 ], [ -4, 3, -6, 2 ], 
      [ -33, -2, -11, -6 ] ], 
  [ [ -1, 0, 0, 0 ], [ 0, -1, 0, 0 ], [ -2, 0, -1, 0 ], [ 0, -1, 0, -1 ] ], 
  [ [ -1, 0, 0, 0 ], [ 0, -1, 0, 0 ], [ -4, 0, -1, 0 ], [ 0, -2, 0, -1 ] ], 
  [ [ -1, 0, 0, 0 ], [ 0, -1, 0, 0 ], [ -2, 0, -1, 0 ], [ 0, -1, 0, -1 ] ] ])),rec(TheMatrixStab:=Group([ [ [ -1, 0, 0, 0 ], [ 0, -1, 0, 0 ], [ 0, 0, -1, 0 ], [ 0, 0, 0, -1 ] ], 
  [ [ 1, 0, 0, 0 ], [ 0, 1, 0, 0 ], [ 0, 0, 1, 0 ], [ 0, 0, 0, 1 ] ] ]),TheRotSubgroup:=Group([ [ [ -1, 0, 0, 0 ], [ 0, -1, 0, 0 ], [ 0, 0, -1, 0 ], [ 0, 0, 0, -1 ] ], 
  [ [ 1, 0, 0, 0 ], [ 0, 1, 0, 0 ], [ 0, 0, 1, 0 ], [ 0, 0, 0, 1 ] ] ]),BoundaryImage:=rec(ListIFace:=[ 8, 16, 10, 11, 9, 17 ],ListSign:=[ 1, 1, -1, -1, 1, 1 ],ListElt:=[ [ [ 0, -3, -7, 3 ], [ 66, 0, -33, -14 ], [ -14, -3, 0, 6 ], 
      [ 33, -7, -33, 0 ] ], 
  [ [ 2, 7, 14, -7 ], [ -154, 2, 77, 28 ], [ 38, 7, -3, -14 ], 
      [ -77, 19, 77, -3 ] ], 
  [ [ -1, 0, 0, 0 ], [ 0, -1, 0, 0 ], [ 0, 0, -1, 0 ], [ 0, 0, 0, -1 ] ], 
  [ [ 21, -5, 21, -1 ], [ 110, 21, 11, 42 ], [ 0, -10, 21, -10 ], 
      [ 110, 0, 55, 21 ] ], 
  [ [ 21, -5, 21, -1 ], [ 110, 21, 11, 42 ], [ 0, -10, 21, -10 ], 
      [ 110, 0, 55, 21 ] ], 
  [ [ -63, 9, -49, -4 ], [ -198, -63, 44, -98 ], [ -28, 23, -63, 16 ], 
      [ -253, -14, -88, -63 ] ] ])),rec(TheMatrixStab:=Group([ [ [ -1, 0, 0, 0 ], [ 0, -1, 0, 0 ], [ 0, 0, -1, 0 ], [ 0, 0, 0, -1 ] ], 
  [ [ 1, 0, 0, 0 ], [ 0, 1, 0, 0 ], [ 0, 0, 1, 0 ], [ 0, 0, 0, 1 ] ] ]),TheRotSubgroup:=Group([ [ [ -1, 0, 0, 0 ], [ 0, -1, 0, 0 ], [ 0, 0, -1, 0 ], [ 0, 0, 0, -1 ] ], 
  [ [ 1, 0, 0, 0 ], [ 0, 1, 0, 0 ], [ 0, 0, 1, 0 ], [ 0, 0, 0, 1 ] ] ]),BoundaryImage:=rec(ListIFace:=[ 16, 18, 21, 22, 19, 23, 17, 20 ],ListSign:=[ 1, -1, 1, 1, -1, 1, 1, 1 ],ListElt:=[ [ [ 0, -3, -7, 3 ], [ 66, 0, -33, -14 ], [ -14, -3, 0, 6 ], 
      [ 33, -7, -33, 0 ] ], 
  [ [ 2, 7, 14, -7 ], [ -154, 2, 77, 28 ], [ 38, 7, -3, -14 ], 
      [ -77, 19, 77, -3 ] ], 
  [ [ 98, -21, 98, -3 ], [ 462, 98, 33, 196 ], [ 0, -45, 98, -48 ], 
      [ 495, 0, 264, 98 ] ], 
  [ [ -135, 3, 65, 22 ], [ -66, -135, -242, 130 ], [ -130, 34, 125, -6 ], 
      [ -374, -65, 33, 125 ] ], 
  [ [ -14, -45, 92, -45 ], [ 990, -14, 495, 184 ], [ -240, -45, -14, -90 ], 
      [ 495, -120, 495, -14 ] ], 
  [ [ 10, 20, -35, 19 ], [ -440, 10, -209, -70 ], [ 110, 19, 10, 36 ], 
      [ -209, 55, -198, 10 ] ], 
  [ [ 197, -3, 98, 36 ], [ 66, 197, -396, 196 ], [ 196, -48, 195, -6 ], 
      [ 528, 98, 33, 195 ] ], 
  [ [ 113, 24, -7, -48 ], [ -528, 113, 528, -14 ], [ 240, 0, -127, -48 ], 
      [ 0, 120, 264, -127 ] ] ])),rec(TheMatrixStab:=Group([ [ [ -1, 0, 0, 0 ], [ 0, -1, 0, 0 ], [ 0, 0, -1, 0 ], [ 0, 0, 0, -1 ] ], 
  [ [ 1, 0, 0, 0 ], [ 0, 1, 0, 0 ], [ 0, 0, 1, 0 ], [ 0, 0, 0, 1 ] ] ]),TheRotSubgroup:=Group([ [ [ -1, 0, 0, 0 ], [ 0, -1, 0, 0 ], [ 0, 0, -1, 0 ], [ 0, 0, 0, -1 ] ], 
  [ [ 1, 0, 0, 0 ], [ 0, 1, 0, 0 ], [ 0, 0, 1, 0 ], [ 0, 0, 0, 1 ] ] ]),BoundaryImage:=rec(ListIFace:=[ 22, 25, 23, 24 ],ListSign:=[ 1, -1, 1, -1 ],ListElt:=[ [ [ -1, 0, 0, 0 ], [ 0, -1, 0, 0 ], [ 0, 0, -1, 0 ], [ 0, 0, 0, -1 ] ], 
  [ [ 41, 5, 9, 12 ], [ -110, 41, -132, 18 ], [ 76, -4, 43, 10 ], 
      [ 44, 38, -55, 43 ] ], 
  [ [ -9, -11, 18, -11 ], [ 242, -9, 121, 36 ], [ -70, -11, -8, -22 ], 
      [ 121, -35, 121, -8 ] ], 
  [ [ 1, 0, 0, 0 ], [ 0, 1, 0, 0 ], [ 0, 0, 1, 0 ], [ 0, 0, 0, 1 ] ] ])),rec(TheMatrixStab:=Group([ [ [ -1, 0, 0, 0 ], [ 0, -1, 0, 0 ], [ 0, 0, -1, 0 ], [ 0, 0, 0, -1 ] ], 
  [ [ 1, 0, 0, 0 ], [ 0, 1, 0, 0 ], [ 0, 0, 1, 0 ], [ 0, 0, 0, 1 ] ] ]),TheRotSubgroup:=Group([ [ [ -1, 0, 0, 0 ], [ 0, -1, 0, 0 ], [ 0, 0, -1, 0 ], [ 0, 0, 0, -1 ] ], 
  [ [ 1, 0, 0, 0 ], [ 0, 1, 0, 0 ], [ 0, 0, 1, 0 ], [ 0, 0, 0, 1 ] ] ]),BoundaryImage:=rec(ListIFace:=[ 22, 25, 24, 23 ],ListSign:=[ 1, -1, -1, 1 ],ListElt:=[ [ [ -9, -11, -18, 11 ], [ 242, -9, -121, -36 ], [ 70, 11, -8, -22 ], 
      [ -121, 35, 121, -8 ] ], 
  [ [ -1, 0, 0, 0 ], [ 0, -1, 0, 0 ], [ 0, 0, -1, 0 ], [ 0, 0, 0, -1 ] ], 
  [ [ -41, -5, 9, 12 ], [ 110, -41, -132, 18 ], [ 76, -4, -43, -10 ], 
      [ 44, 38, 55, -43 ] ], 
  [ [ -1, 0, 0, 0 ], [ 0, -1, 0, 0 ], [ 0, 0, -1, 0 ], [ 0, 0, 0, -1 ] ] ]))]];