HAP_MOVES_DIM_2:=[
[ 0, 0, 0, 0, 0, 1, 0, 0 ],
[ 0, 0, 0, 0, 0, 0, 1, 0 ],
[ 0, 0, 0, 0, 0, 1, 1, 0 ],
[ 0, 0, 0, 0, 0, 0, 0, 1 ],
[ 0, 0, 0, 0, 0, 0, 1, 1 ],
[ 0, 0, 0, 0, 0, 1, 1, 1 ],
[ 0, 0, 0, 0, 1, 0, 0, 0 ],
[ 0, 0, 0, 0, 1, 1, 0, 0 ],
[ 0, 0, 0, 0, 1, 0, 1, 0 ],
[ 0, 0, 0, 0, 1, 1, 1, 0 ],
[ 0, 0, 0, 0, 1, 0, 1, 1 ],
[ 0, 0, 0, 0, 1, 1, 1, 1 ],
[ 1, 0, 0, 0, 0, 0, 0, 0 ],
[ 1, 0, 0, 0, 0, 0, 1, 0 ],
[ 1, 0, 0, 0, 0, 1, 1, 0 ],
[ 1, 0, 0, 0, 0, 0, 0, 1 ],
[ 1, 0, 0, 0, 0, 0, 1, 1 ],
[ 1, 0, 0, 0, 0, 1, 1, 1 ],
[ 1, 0, 0, 0, 1, 0, 1, 0 ],
[ 1, 0, 0, 0, 1, 1, 1, 0 ],
[ 1, 0, 0, 0, 1, 0, 1, 1 ],
[ 1, 0, 0, 0, 1, 1, 1, 1 ],
[ 0, 0, 0, 1, 0, 0, 0, 0 ],
[ 0, 0, 0, 1, 1, 0, 0, 0 ],
[ 0, 0, 0, 1, 1, 1, 0, 0 ],
[ 0, 0, 0, 1, 1, 0, 1, 0 ],
[ 0, 0, 0, 1, 1, 1, 1, 0 ],
[ 0, 0, 0, 1, 1, 0, 1, 1 ],
[ 0, 0, 0, 1, 1, 1, 1, 1 ],
[ 1, 0, 0, 1, 1, 0, 1, 0 ],
[ 1, 0, 0, 1, 1, 1, 1, 0 ],
[ 1, 0, 0, 1, 1, 0, 1, 1 ],
[ 1, 0, 0, 1, 1, 1, 1, 1 ],
[ 0, 0, 1, 0, 0, 0, 0, 0 ],
[ 0, 0, 1, 0, 1, 0, 0, 0 ],
[ 0, 0, 1, 0, 1, 1, 0, 0 ],
[ 0, 0, 1, 0, 1, 0, 1, 0 ],
[ 0, 0, 1, 0, 1, 1, 1, 0 ],
[ 0, 0, 1, 0, 1, 0, 1, 1 ],
[ 0, 0, 1, 0, 1, 1, 1, 1 ],
[ 1, 0, 1, 0, 0, 0, 0, 0 ],
[ 1, 0, 1, 0, 0, 0, 1, 0 ],
[ 1, 0, 1, 0, 0, 1, 1, 0 ],
[ 1, 0, 1, 0, 0, 0, 0, 1 ],
[ 1, 0, 1, 0, 0, 0, 1, 1 ],
[ 1, 0, 1, 0, 0, 1, 1, 1 ],
[ 1, 0, 1, 0, 1, 0, 0, 0 ],
[ 1, 0, 1, 0, 1, 1, 0, 0 ],
[ 1, 0, 1, 0, 1, 0, 0, 1 ],
[ 1, 0, 1, 0, 1, 1, 0, 1 ],
[ 0, 0, 1, 1, 0, 0, 0, 0 ],
[ 0, 0, 1, 1, 1, 0, 0, 0 ],
[ 0, 0, 1, 1, 1, 1, 0, 0 ],
[ 0, 0, 1, 1, 1, 0, 1, 0 ],
[ 0, 0, 1, 1, 1, 1, 1, 0 ], [ 0, 0, 1, 1, 1, 0, 1, 1 ],
[ 0, 0, 1, 1, 1, 1, 1, 1 ], [ 1, 0, 1, 1, 0, 0, 0, 0 ],
[ 1, 0, 1, 1, 0, 0, 1, 0 ], [ 1, 0, 1, 1, 0, 1, 1, 0 ],
[ 1, 0, 1, 1, 0, 0, 0, 1 ], [ 1, 0, 1, 1, 0, 0, 1, 1 ],
[ 1, 0, 1, 1, 0, 1, 1, 1 ], [ 1, 0, 1, 1, 1, 0, 0, 0 ],
[ 1, 0, 1, 1, 1, 1, 0, 0 ], [ 1, 0, 1, 1, 1, 0, 0, 1 ],
[ 1, 0, 1, 1, 1, 1, 0, 1 ], [ 0, 1, 0, 0, 0, 0, 0, 0 ],
[ 1, 1, 0, 0, 0, 0, 0, 0 ], [ 1, 1, 0, 0, 0, 0, 1, 0 ],
[ 1, 1, 0, 0, 0, 1, 1, 0 ], [ 1, 1, 0, 0, 0, 0, 0, 1 ],
[ 1, 1, 0, 0, 0, 0, 1, 1 ], [ 1, 1, 0, 0, 0, 1, 1, 1 ],
[ 1, 1, 0, 0, 1, 0, 1, 0 ], [ 1, 1, 0, 0, 1, 1, 1, 0 ],
[ 1, 1, 0, 0, 1, 0, 1, 1 ], [ 1, 1, 0, 0, 1, 1, 1, 1 ],
[ 1, 1, 0, 1, 1, 0, 1, 0 ], [ 1, 1, 0, 1, 1, 1, 1, 0 ],
[ 1, 1, 0, 1, 1, 0, 1, 1 ], [ 1, 1, 0, 1, 1, 1, 1, 1 ],
[ 0, 1, 1, 0, 0, 0, 0, 0 ], [ 0, 1, 1, 0, 1, 0, 0, 0 ],
[ 0, 1, 1, 0, 1, 1, 0, 0 ], [ 0, 1, 1, 0, 1, 0, 1, 0 ],
[ 0, 1, 1, 0, 1, 1, 1, 0 ], [ 0, 1, 1, 0, 1, 0, 1, 1 ],
[ 0, 1, 1, 0, 1, 1, 1, 1 ], [ 1, 1, 1, 0, 0, 0, 0, 0 ],
[ 1, 1, 1, 0, 0, 0, 1, 0 ], [ 1, 1, 1, 0, 0, 1, 1, 0 ],
[ 1, 1, 1, 0, 0, 0, 0, 1 ], [ 1, 1, 1, 0, 0, 0, 1, 1 ],
[ 1, 1, 1, 0, 0, 1, 1, 1 ], [ 1, 1, 1, 0, 1, 0, 0, 0 ],
[ 1, 1, 1, 0, 1, 1, 0, 0 ], [ 1, 1, 1, 0, 1, 0, 0, 1 ],
[ 1, 1, 1, 0, 1, 1, 0, 1 ], [ 0, 1, 1, 1, 0, 0, 0, 0 ],
[ 0, 1, 1, 1, 1, 0, 0, 0 ], [ 0, 1, 1, 1, 1, 1, 0, 0 ],
[ 0, 1, 1, 1, 1, 0, 1, 0 ], [ 0, 1, 1, 1, 1, 1, 1, 0 ],
[ 0, 1, 1, 1, 1, 0, 1, 1 ], [ 0, 1, 1, 1, 1, 1, 1, 1 ],
[ 1, 1, 1, 1, 0, 0, 0, 0 ], [ 1, 1, 1, 1, 0, 0, 1, 0 ],
[ 1, 1, 1, 1, 0, 1, 1, 0 ], [ 1, 1, 1, 1, 0, 0, 0, 1 ],
[ 1, 1, 1, 1, 0, 0, 1, 1 ], [ 1, 1, 1, 1, 0, 1, 1, 1 ],
[ 1, 1, 1, 1, 1, 0, 0, 0 ], [ 1, 1, 1, 1, 1, 1, 0, 0 ],
[ 1, 1, 1, 1, 1, 0, 0, 1 ], [ 1, 1, 1, 1, 1, 1, 0, 1 ]
];;

HAP_MOVES_DIM_2_LST:=[];
for x in HAP_MOVES_DIM_2 do
HAP_MOVES_DIM_2_LST[
1+x[1]+2*x[2]+4*x[3]+8*x[4]+16*x[5]+32*x[6]+64*x[7]+128*x[8]]:=1;
od;
for x in [1..1+2^8] do
if not IsBound(HAP_MOVES_DIM_2_LST[x]) then
HAP_MOVES_DIM_2_LST[x]:=0; fi;
od;
HAP_MOVES_DIM_2:=HAP_MOVES_DIM_2_LST;
Unbind(HAP_MOVES_DIM_2_LST);

