HAP_GCOMPLEX_SETUP:=[false]; 
HAP_GCOMPLEX_LIST:=[[rec(TheMatrixStab:=Group([ [ [ -6, 0, 3, 1 ], [ 0, -6, -22, 3 ], [ -3, 1, 5, 0 ], [ -22, -3, 0, 5 ] ], 
  [ [ -5, 0, 2, 1 ], [ 0, -5, -22, 2 ], [ -2, 1, 5, 0 ], [ -22, -2, 0, 5 ] ], 
  [ [ -5, 0, 3, 1 ], [ 0, -5, -22, 3 ], [ -3, 1, 6, 0 ], [ -22, -3, 0, 6 ] ], 
  [ [ -3, -1, -3, 1 ], [ 22, -3, -22, -3 ], [ -5, 0, 2, 1 ], 
      [ 0, -5, -22, 2 ] ], 
  [ [ -3, -1, -2, 1 ], [ 22, -3, -22, -2 ], [ -6, 0, 3, 1 ], 
      [ 0, -6, -22, 3 ] ], 
  [ [ -3, 1, 5, 0 ], [ -22, -3, 0, 5 ], [ 3, 1, 2, -1 ], [ -22, 3, 22, 2 ] ], 
  [ [ -3, 1, 6, 0 ], [ -22, -3, 0, 6 ], [ 2, 1, 3, -1 ], [ -22, 2, 22, 3 ] ], 
  [ [ -2, -1, -3, 1 ], [ 22, -2, -22, -3 ], [ -5, 0, 3, 1 ], 
      [ 0, -5, -22, 3 ] ], 
  [ [ -2, 1, 5, 0 ], [ -22, -2, 0, 5 ], [ 3, 1, 3, -1 ], [ -22, 3, 22, 3 ] ], 
  [ [ -1, 0, 0, 0 ], [ 0, -1, 0, 0 ], [ 0, 0, -1, 0 ], [ 0, 0, 0, -1 ] ], 
  [ [ -1, 0, 1, 0 ], [ 0, -1, 0, 1 ], [ -1, 0, 0, 0 ], [ 0, -1, 0, 0 ] ], 
  [ [ 0, 0, -1, 0 ], [ 0, 0, 0, -1 ], [ 1, 0, -1, 0 ], [ 0, 1, 0, -1 ] ], 
  [ [ 0, 0, 1, 0 ], [ 0, 0, 0, 1 ], [ -1, 0, 1, 0 ], [ 0, -1, 0, 1 ] ], 
  [ [ 1, 0, -1, 0 ], [ 0, 1, 0, -1 ], [ 1, 0, 0, 0 ], [ 0, 1, 0, 0 ] ], 
  [ [ 1, 0, 0, 0 ], [ 0, 1, 0, 0 ], [ 0, 0, 1, 0 ], [ 0, 0, 0, 1 ] ], 
  [ [ 2, -1, -5, 0 ], [ 22, 2, 0, -5 ], [ -3, -1, -3, 1 ], 
      [ 22, -3, -22, -3 ] ], 
  [ [ 2, 1, 3, -1 ], [ -22, 2, 22, 3 ], [ 5, 0, -3, -1 ], [ 0, 5, 22, -3 ] ], 
  [ [ 3, -1, -6, 0 ], [ 22, 3, 0, -6 ], [ -2, -1, -3, 1 ], 
      [ 22, -2, -22, -3 ] ], 
  [ [ 3, -1, -5, 0 ], [ 22, 3, 0, -5 ], [ -3, -1, -2, 1 ], 
      [ 22, -3, -22, -2 ] ], 
  [ [ 3, 1, 2, -1 ], [ -22, 3, 22, 2 ], [ 6, 0, -3, -1 ], [ 0, 6, 22, -3 ] ], 
  [ [ 3, 1, 3, -1 ], [ -22, 3, 22, 3 ], [ 5, 0, -2, -1 ], [ 0, 5, 22, -2 ] ], 
  [ [ 5, 0, -3, -1 ], [ 0, 5, 22, -3 ], [ 3, -1, -6, 0 ], [ 22, 3, 0, -6 ] ], 
  [ [ 5, 0, -2, -1 ], [ 0, 5, 22, -2 ], [ 2, -1, -5, 0 ], [ 22, 2, 0, -5 ] ], 
  [ [ 6, 0, -3, -1 ], [ 0, 6, 22, -3 ], [ 3, -1, -5, 0 ], [ 22, 3, 0, -5 ] ] ]),TheRotSubgroup:=Group([ [ [ -6, 0, 3, 1 ], [ 0, -6, -22, 3 ], [ -3, 1, 5, 0 ], [ -22, -3, 0, 5 ] ], 
  [ [ -5, 0, 2, 1 ], [ 0, -5, -22, 2 ], [ -2, 1, 5, 0 ], [ -22, -2, 0, 5 ] ], 
  [ [ -5, 0, 3, 1 ], [ 0, -5, -22, 3 ], [ -3, 1, 6, 0 ], [ -22, -3, 0, 6 ] ], 
  [ [ -3, -1, -3, 1 ], [ 22, -3, -22, -3 ], [ -5, 0, 2, 1 ], 
      [ 0, -5, -22, 2 ] ], 
  [ [ -3, -1, -2, 1 ], [ 22, -3, -22, -2 ], [ -6, 0, 3, 1 ], 
      [ 0, -6, -22, 3 ] ], 
  [ [ -3, 1, 5, 0 ], [ -22, -3, 0, 5 ], [ 3, 1, 2, -1 ], [ -22, 3, 22, 2 ] ], 
  [ [ -3, 1, 6, 0 ], [ -22, -3, 0, 6 ], [ 2, 1, 3, -1 ], [ -22, 2, 22, 3 ] ], 
  [ [ -2, -1, -3, 1 ], [ 22, -2, -22, -3 ], [ -5, 0, 3, 1 ], 
      [ 0, -5, -22, 3 ] ], 
  [ [ -2, 1, 5, 0 ], [ -22, -2, 0, 5 ], [ 3, 1, 3, -1 ], [ -22, 3, 22, 3 ] ], 
  [ [ -1, 0, 0, 0 ], [ 0, -1, 0, 0 ], [ 0, 0, -1, 0 ], [ 0, 0, 0, -1 ] ], 
  [ [ -1, 0, 1, 0 ], [ 0, -1, 0, 1 ], [ -1, 0, 0, 0 ], [ 0, -1, 0, 0 ] ], 
  [ [ 0, 0, -1, 0 ], [ 0, 0, 0, -1 ], [ 1, 0, -1, 0 ], [ 0, 1, 0, -1 ] ], 
  [ [ 0, 0, 1, 0 ], [ 0, 0, 0, 1 ], [ -1, 0, 1, 0 ], [ 0, -1, 0, 1 ] ], 
  [ [ 1, 0, -1, 0 ], [ 0, 1, 0, -1 ], [ 1, 0, 0, 0 ], [ 0, 1, 0, 0 ] ], 
  [ [ 1, 0, 0, 0 ], [ 0, 1, 0, 0 ], [ 0, 0, 1, 0 ], [ 0, 0, 0, 1 ] ], 
  [ [ 2, -1, -5, 0 ], [ 22, 2, 0, -5 ], [ -3, -1, -3, 1 ], 
      [ 22, -3, -22, -3 ] ], 
  [ [ 2, 1, 3, -1 ], [ -22, 2, 22, 3 ], [ 5, 0, -3, -1 ], [ 0, 5, 22, -3 ] ], 
  [ [ 3, -1, -6, 0 ], [ 22, 3, 0, -6 ], [ -2, -1, -3, 1 ], 
      [ 22, -2, -22, -3 ] ], 
  [ [ 3, -1, -5, 0 ], [ 22, 3, 0, -5 ], [ -3, -1, -2, 1 ], 
      [ 22, -3, -22, -2 ] ], 
  [ [ 3, 1, 2, -1 ], [ -22, 3, 22, 2 ], [ 6, 0, -3, -1 ], [ 0, 6, 22, -3 ] ], 
  [ [ 3, 1, 3, -1 ], [ -22, 3, 22, 3 ], [ 5, 0, -2, -1 ], [ 0, 5, 22, -2 ] ], 
  [ [ 5, 0, -3, -1 ], [ 0, 5, 22, -3 ], [ 3, -1, -6, 0 ], [ 22, 3, 0, -6 ] ], 
  [ [ 5, 0, -2, -1 ], [ 0, 5, 22, -2 ], [ 2, -1, -5, 0 ], [ 22, 2, 0, -5 ] ], 
  [ [ 6, 0, -3, -1 ], [ 0, 6, 22, -3 ], [ 3, -1, -5, 0 ], [ 22, 3, 0, -5 ] ] ]),BoundaryImage:=rec(ListIFace:=[  ],ListSign:=[  ],ListElt:=[  ])),rec(TheMatrixStab:=Group([ [ [ -5, 0, 2, 1 ], [ 0, -5, -22, 2 ], [ -2, 1, 5, 0 ], [ -22, -2, 0, 5 ] ], 
  [ [ -1, 0, 0, 0 ], [ 0, -1, 0, 0 ], [ 0, 0, -1, 0 ], [ 0, 0, 0, -1 ] ], 
  [ [ 1, 0, 0, 0 ], [ 0, 1, 0, 0 ], [ 0, 0, 1, 0 ], [ 0, 0, 0, 1 ] ], 
  [ [ 5, 0, -2, -1 ], [ 0, 5, 22, -2 ], [ 2, -1, -5, 0 ], [ 22, 2, 0, -5 ] ] ]),TheRotSubgroup:=Group([ [ [ -5, 0, 2, 1 ], [ 0, -5, -22, 2 ], [ -2, 1, 5, 0 ], [ -22, -2, 0, 5 ] ], 
  [ [ -1, 0, 0, 0 ], [ 0, -1, 0, 0 ], [ 0, 0, -1, 0 ], [ 0, 0, 0, -1 ] ], 
  [ [ 1, 0, 0, 0 ], [ 0, 1, 0, 0 ], [ 0, 0, 1, 0 ], [ 0, 0, 0, 1 ] ], 
  [ [ 5, 0, -2, -1 ], [ 0, 5, 22, -2 ], [ 2, -1, -5, 0 ], [ 22, 2, 0, -5 ] ] ]),BoundaryImage:=rec(ListIFace:=[  ],ListSign:=[  ],ListElt:=[  ])),rec(TheMatrixStab:=Group([ [ [ -1, 0, 0, 0 ], [ 0, -1, 0, 0 ], [ 0, 0, -1, 0 ], [ 0, 0, 0, -1 ] ], 
  [ [ 1, 0, 0, 0 ], [ 0, 1, 0, 0 ], [ 0, 0, 1, 0 ], [ 0, 0, 0, 1 ] ] ]),TheRotSubgroup:=Group([ [ [ -1, 0, 0, 0 ], [ 0, -1, 0, 0 ], [ 0, 0, -1, 0 ], [ 0, 0, 0, -1 ] ], 
  [ [ 1, 0, 0, 0 ], [ 0, 1, 0, 0 ], [ 0, 0, 1, 0 ], [ 0, 0, 0, 1 ] ] ]),BoundaryImage:=rec(ListIFace:=[  ],ListSign:=[  ],ListElt:=[  ])),rec(TheMatrixStab:=Group([ [ [ -1, 0, 0, 0 ], [ 0, -1, 0, 0 ], [ 0, 0, -1, 0 ], [ 0, 0, 0, -1 ] ], 
  [ [ 1, 0, 0, 0 ], [ 0, 1, 0, 0 ], [ 0, 0, 1, 0 ], [ 0, 0, 0, 1 ] ] ]),TheRotSubgroup:=Group([ [ [ -1, 0, 0, 0 ], [ 0, -1, 0, 0 ], [ 0, 0, -1, 0 ], [ 0, 0, 0, -1 ] ], 
  [ [ 1, 0, 0, 0 ], [ 0, 1, 0, 0 ], [ 0, 0, 1, 0 ], [ 0, 0, 0, 1 ] ] ]),BoundaryImage:=rec(ListIFace:=[  ],ListSign:=[  ],ListElt:=[  ])),rec(TheMatrixStab:=Group([ [ [ -1, 0, 0, 0 ], [ 0, -1, 0, 0 ], [ 0, 0, -1, 0 ], [ 0, 0, 0, -1 ] ], 
  [ [ 1, 0, 0, 0 ], [ 0, 1, 0, 0 ], [ 0, 0, 1, 0 ], [ 0, 0, 0, 1 ] ] ]),TheRotSubgroup:=Group([ [ [ -1, 0, 0, 0 ], [ 0, -1, 0, 0 ], [ 0, 0, -1, 0 ], [ 0, 0, 0, -1 ] ], 
  [ [ 1, 0, 0, 0 ], [ 0, 1, 0, 0 ], [ 0, 0, 1, 0 ], [ 0, 0, 0, 1 ] ] ]),BoundaryImage:=rec(ListIFace:=[  ],ListSign:=[  ],ListElt:=[  ])),rec(TheMatrixStab:=Group([ [ [ -1, 0, 0, 0 ], [ 0, -1, 0, 0 ], [ 0, 0, -1, 0 ], [ 0, 0, 0, -1 ] ], 
  [ [ 1, 0, 0, 0 ], [ 0, 1, 0, 0 ], [ 0, 0, 1, 0 ], [ 0, 0, 0, 1 ] ] ]),TheRotSubgroup:=Group([ [ [ -1, 0, 0, 0 ], [ 0, -1, 0, 0 ], [ 0, 0, -1, 0 ], [ 0, 0, 0, -1 ] ], 
  [ [ 1, 0, 0, 0 ], [ 0, 1, 0, 0 ], [ 0, 0, 1, 0 ], [ 0, 0, 0, 1 ] ] ]),BoundaryImage:=rec(ListIFace:=[  ],ListSign:=[  ],ListElt:=[  ])),rec(TheMatrixStab:=Group([ [ [ -1, 0, 0, 0 ], [ 0, -1, 0, 0 ], [ 0, 0, -1, 0 ], [ 0, 0, 0, -1 ] ], 
  [ [ 1, 0, 0, 0 ], [ 0, 1, 0, 0 ], [ 0, 0, 1, 0 ], [ 0, 0, 0, 1 ] ] ]),TheRotSubgroup:=Group([ [ [ -1, 0, 0, 0 ], [ 0, -1, 0, 0 ], [ 0, 0, -1, 0 ], [ 0, 0, 0, -1 ] ], 
  [ [ 1, 0, 0, 0 ], [ 0, 1, 0, 0 ], [ 0, 0, 1, 0 ], [ 0, 0, 0, 1 ] ] ]),BoundaryImage:=rec(ListIFace:=[  ],ListSign:=[  ],ListElt:=[  ]))],[rec(TheMatrixStab:=Group([ [ [ -65, -8, 0, 16 ], [ 176, -65, -352, 0 ], [ -65, 8, 65, 8 ], 
      [ -176, -65, -176, 65 ] ], 
  [ [ -65, 8, 65, 8 ], [ -176, -65, -176, 65 ], [ 0, 16, 65, -8 ], 
      [ -352, 0, 176, 65 ] ], 
  [ [ -1, 0, 0, 0 ], [ 0, -1, 0, 0 ], [ 0, 0, -1, 0 ], [ 0, 0, 0, -1 ] ], 
  [ [ -1, 0, 1, 0 ], [ 0, -1, 0, 1 ], [ -1, 0, 0, 0 ], [ 0, -1, 0, 0 ] ], 
  [ [ 0, -16, -65, 8 ], [ 352, 0, -176, -65 ], [ -65, -8, 0, 16 ], 
      [ 176, -65, -352, 0 ] ], 
  [ [ 0, 0, -1, 0 ], [ 0, 0, 0, -1 ], [ 1, 0, -1, 0 ], [ 0, 1, 0, -1 ] ], 
  [ [ 0, 0, 1, 0 ], [ 0, 0, 0, 1 ], [ -1, 0, 1, 0 ], [ 0, -1, 0, 1 ] ], 
  [ [ 0, 16, 65, -8 ], [ -352, 0, 176, 65 ], [ 65, 8, 0, -16 ], 
      [ -176, 65, 352, 0 ] ], 
  [ [ 1, 0, -1, 0 ], [ 0, 1, 0, -1 ], [ 1, 0, 0, 0 ], [ 0, 1, 0, 0 ] ], 
  [ [ 1, 0, 0, 0 ], [ 0, 1, 0, 0 ], [ 0, 0, 1, 0 ], [ 0, 0, 0, 1 ] ], 
  [ [ 65, -8, -65, -8 ], [ 176, 65, 176, -65 ], [ 0, -16, -65, 8 ], 
      [ 352, 0, -176, -65 ] ], 
  [ [ 65, 8, 0, -16 ], [ -176, 65, 352, 0 ], [ 65, -8, -65, -8 ], 
      [ 176, 65, 176, -65 ] ] ]),TheRotSubgroup:=Group([ [ [ -1, 0, 0, 0 ], [ 0, -1, 0, 0 ], [ 0, 0, -1, 0 ], [ 0, 0, 0, -1 ] ], 
  [ [ -1, 0, 1, 0 ], [ 0, -1, 0, 1 ], [ -1, 0, 0, 0 ], [ 0, -1, 0, 0 ] ], 
  [ [ 0, 0, -1, 0 ], [ 0, 0, 0, -1 ], [ 1, 0, -1, 0 ], [ 0, 1, 0, -1 ] ], 
  [ [ 0, 0, 1, 0 ], [ 0, 0, 0, 1 ], [ -1, 0, 1, 0 ], [ 0, -1, 0, 1 ] ], 
  [ [ 1, 0, -1, 0 ], [ 0, 1, 0, -1 ], [ 1, 0, 0, 0 ], [ 0, 1, 0, 0 ] ], 
  [ [ 1, 0, 0, 0 ], [ 0, 1, 0, 0 ], [ 0, 0, 1, 0 ], [ 0, 0, 0, 1 ] ] ]),BoundaryImage:=rec(ListIFace:=[ 1, 1 ],ListSign:=[ -1, 1 ],ListElt:=[ [ [ 46, 1, -27, -8 ], [ -22, 46, 176, -27 ], [ 27, -8, -46, 1 ], 
      [ 176, 27, -22, -46 ] ], 
  [ [ -1, 0, 0, 0 ], [ 0, -1, 0, 0 ], [ 0, 0, -1, 0 ], [ 0, 0, 0, -1 ] ] ])),rec(TheMatrixStab:=Group([ [ [ -46, -5, 5, 10 ], [ 110, -46, -220, 5 ], [ -49, 6, 46, 5 ], 
      [ -132, -49, -110, 46 ] ], 
  [ [ -43, 6, 43, 4 ], [ -132, -43, -88, 43 ], [ 0, 12, 43, -6 ], 
      [ -264, 0, 132, 43 ] ], 
  [ [ -3, -11, -38, 6 ], [ 242, -3, -132, -38 ], [ -49, -6, 3, 11 ], 
      [ 132, -49, -242, 3 ] ], 
  [ [ -3, -1, -3, 1 ], [ 22, -3, -22, -3 ], [ -5, 0, 2, 1 ], 
      [ 0, -5, -22, 2 ] ], 
  [ [ -2, -1, -3, 1 ], [ 22, -2, -22, -3 ], [ -5, 0, 3, 1 ], 
      [ 0, -5, -22, 3 ] ], 
  [ [ -1, 0, 0, 0 ], [ 0, -1, 0, 0 ], [ 0, 0, -1, 0 ], [ 0, 0, 0, -1 ] ], 
  [ [ 1, 0, 0, 0 ], [ 0, 1, 0, 0 ], [ 0, 0, 1, 0 ], [ 0, 0, 0, 1 ] ], 
  [ [ 2, 1, 3, -1 ], [ -22, 2, 22, 3 ], [ 5, 0, -3, -1 ], [ 0, 5, 22, -3 ] ], 
  [ [ 3, 1, 3, -1 ], [ -22, 3, 22, 3 ], [ 5, 0, -2, -1 ], [ 0, 5, 22, -2 ] ], 
  [ [ 3, 11, 38, -6 ], [ -242, 3, 132, 38 ], [ 49, 6, -3, -11 ], 
      [ -132, 49, 242, -3 ] ], 
  [ [ 43, -6, -43, -4 ], [ 132, 43, 88, -43 ], [ 0, -12, -43, 6 ], 
      [ 264, 0, -132, -43 ] ], 
  [ [ 46, 5, -5, -10 ], [ -110, 46, 220, -5 ], [ 49, -6, -46, -5 ], 
      [ 132, 49, 110, -46 ] ] ]),TheRotSubgroup:=Group([ [ [ -3, -1, -3, 1 ], [ 22, -3, -22, -3 ], [ -5, 0, 2, 1 ], 
      [ 0, -5, -22, 2 ] ], 
  [ [ -2, -1, -3, 1 ], [ 22, -2, -22, -3 ], [ -5, 0, 3, 1 ], 
      [ 0, -5, -22, 3 ] ], 
  [ [ -1, 0, 0, 0 ], [ 0, -1, 0, 0 ], [ 0, 0, -1, 0 ], [ 0, 0, 0, -1 ] ], 
  [ [ 1, 0, 0, 0 ], [ 0, 1, 0, 0 ], [ 0, 0, 1, 0 ], [ 0, 0, 0, 1 ] ], 
  [ [ 2, 1, 3, -1 ], [ -22, 2, 22, 3 ], [ 5, 0, -3, -1 ], [ 0, 5, 22, -3 ] ], 
  [ [ 3, 1, 3, -1 ], [ -22, 3, 22, 3 ], [ 5, 0, -2, -1 ], [ 0, 5, 22, -2 ] ] ]),BoundaryImage:=rec(ListIFace:=[ 1, 1 ],ListSign:=[ -1, 1 ],ListElt:=[ [ [ -46, -5, 5, 10 ], [ 110, -46, -220, 5 ], [ -49, 6, 46, 5 ], 
      [ -132, -49, -110, 46 ] ], 
  [ [ 6, 0, -3, -1 ], [ 0, 6, 22, -3 ], [ 3, -1, -5, 0 ], [ 22, 3, 0, -5 ] ] ])),rec(TheMatrixStab:=Group([ [ [ -5, 0, 2, 1 ], [ 0, -5, -22, 2 ], [ -2, 1, 5, 0 ], [ -22, -2, 0, 5 ] ], 
  [ [ -1, 0, 0, 0 ], [ 0, -1, 0, 0 ], [ 0, 0, -1, 0 ], [ 0, 0, 0, -1 ] ], 
  [ [ 1, 0, 0, 0 ], [ 0, 1, 0, 0 ], [ 0, 0, 1, 0 ], [ 0, 0, 0, 1 ] ], 
  [ [ 5, 0, -2, -1 ], [ 0, 5, 22, -2 ], [ 2, -1, -5, 0 ], [ 22, 2, 0, -5 ] ] ]),TheRotSubgroup:=Group([ [ [ -5, 0, 2, 1 ], [ 0, -5, -22, 2 ], [ -2, 1, 5, 0 ], [ -22, -2, 0, 5 ] ], 
  [ [ -1, 0, 0, 0 ], [ 0, -1, 0, 0 ], [ 0, 0, -1, 0 ], [ 0, 0, 0, -1 ] ], 
  [ [ 1, 0, 0, 0 ], [ 0, 1, 0, 0 ], [ 0, 0, 1, 0 ], [ 0, 0, 0, 1 ] ], 
  [ [ 5, 0, -2, -1 ], [ 0, 5, 22, -2 ], [ 2, -1, -5, 0 ], [ 22, 2, 0, -5 ] ] ]),BoundaryImage:=rec(ListIFace:=[ 1, 2 ],ListSign:=[ -1, 1 ],ListElt:=[ [ [ 0, 0, 1, 0 ], [ 0, 0, 0, 1 ], [ -1, 0, 1, 0 ], [ 0, -1, 0, 1 ] ], 
  [ [ -5, 0, 2, 1 ], [ 0, -5, -22, 2 ], [ -2, 1, 5, 0 ], [ -22, -2, 0, 5 ] ] ])),rec(TheMatrixStab:=Group([ [ [ -108, 0, 61, 19 ], [ 0, -108, -418, 61 ], [ -61, 19, 108, 0 ], 
      [ -418, -61, 0, 108 ] ], 
  [ [ -5, 0, 2, 1 ], [ 0, -5, -22, 2 ], [ -2, 1, 5, 0 ], [ -22, -2, 0, 5 ] ], 
  [ [ -1, 0, 0, 0 ], [ 0, -1, 0, 0 ], [ 0, 0, -1, 0 ], [ 0, 0, 0, -1 ] ], 
  [ [ 0, -23, -89, 13 ], [ 506, 0, -286, -89 ], [ -89, -13, 0, 23 ], 
      [ 286, -89, -506, 0 ] ], 
  [ [ 0, 23, 89, -13 ], [ -506, 0, 286, 89 ], [ 89, 13, 0, -23 ], 
      [ -286, 89, 506, 0 ] ], 
  [ [ 1, 0, 0, 0 ], [ 0, 1, 0, 0 ], [ 0, 0, 1, 0 ], [ 0, 0, 0, 1 ] ], 
  [ [ 5, 0, -2, -1 ], [ 0, 5, 22, -2 ], [ 2, -1, -5, 0 ], [ 22, 2, 0, -5 ] ], 
  [ [ 108, 0, -61, -19 ], [ 0, 108, 418, -61 ], [ 61, -19, -108, 0 ], 
      [ 418, 61, 0, -108 ] ] ]),TheRotSubgroup:=Group([ [ [ -5, 0, 2, 1 ], [ 0, -5, -22, 2 ], [ -2, 1, 5, 0 ], [ -22, -2, 0, 5 ] ], 
  [ [ -1, 0, 0, 0 ], [ 0, -1, 0, 0 ], [ 0, 0, -1, 0 ], [ 0, 0, 0, -1 ] ], 
  [ [ 1, 0, 0, 0 ], [ 0, 1, 0, 0 ], [ 0, 0, 1, 0 ], [ 0, 0, 0, 1 ] ], 
  [ [ 5, 0, -2, -1 ], [ 0, 5, 22, -2 ], [ 2, -1, -5, 0 ], [ 22, 2, 0, -5 ] ] ]),BoundaryImage:=rec(ListIFace:=[ 2, 2 ],ListSign:=[ -1, 1 ],ListElt:=[ [ [ -1, 0, 0, 0 ], [ 0, -1, 0, 0 ], [ 0, 0, -1, 0 ], [ 0, 0, 0, -1 ] ], 
  [ [ 108, 0, -61, -19 ], [ 0, 108, 418, -61 ], [ 61, -19, -108, 0 ], 
      [ 418, 61, 0, -108 ] ] ])),rec(TheMatrixStab:=Group([ [ [ -1, 0, 0, 0 ], [ 0, -1, 0, 0 ], [ 0, 0, -1, 0 ], [ 0, 0, 0, -1 ] ], 
  [ [ 1, 0, 0, 0 ], [ 0, 1, 0, 0 ], [ 0, 0, 1, 0 ], [ 0, 0, 0, 1 ] ] ]),TheRotSubgroup:=Group([ [ [ -1, 0, 0, 0 ], [ 0, -1, 0, 0 ], [ 0, 0, -1, 0 ], [ 0, 0, 0, -1 ] ], 
  [ [ 1, 0, 0, 0 ], [ 0, 1, 0, 0 ], [ 0, 0, 1, 0 ], [ 0, 0, 0, 1 ] ] ]),BoundaryImage:=rec(ListIFace:=[ 2, 3 ],ListSign:=[ -1, 1 ],ListElt:=[ [ [ -1, 0, 0, 0 ], [ 0, -1, 0, 0 ], [ 0, 0, -1, 0 ], [ 0, 0, 0, -1 ] ], 
  [ [ -1, 0, 0, 0 ], [ 0, -1, 0, 0 ], [ 0, 0, -1, 0 ], [ 0, 0, 0, -1 ] ] ])),rec(TheMatrixStab:=Group([ [ [ -1, 0, 0, 0 ], [ 0, -1, 0, 0 ], [ 0, 0, -1, 0 ], [ 0, 0, 0, -1 ] ], 
  [ [ 1, 0, 0, 0 ], [ 0, 1, 0, 0 ], [ 0, 0, 1, 0 ], [ 0, 0, 0, 1 ] ] ]),TheRotSubgroup:=Group([ [ [ -1, 0, 0, 0 ], [ 0, -1, 0, 0 ], [ 0, 0, -1, 0 ], [ 0, 0, 0, -1 ] ], 
  [ [ 1, 0, 0, 0 ], [ 0, 1, 0, 0 ], [ 0, 0, 1, 0 ], [ 0, 0, 0, 1 ] ] ]),BoundaryImage:=rec(ListIFace:=[ 2, 4 ],ListSign:=[ -1, 1 ],ListElt:=[ [ [ -5, 0, 2, 1 ], [ 0, -5, -22, 2 ], [ -2, 1, 5, 0 ], [ -22, -2, 0, 5 ] ], 
  [ [ -1, 0, 0, 0 ], [ 0, -1, 0, 0 ], [ 0, 0, -1, 0 ], [ 0, 0, 0, -1 ] ] ])),rec(TheMatrixStab:=Group([ [ [ -1, 0, 0, 0 ], [ 0, -1, 0, 0 ], [ 0, 0, -1, 0 ], [ 0, 0, 0, -1 ] ], 
  [ [ 1, 0, 0, 0 ], [ 0, 1, 0, 0 ], [ 0, 0, 1, 0 ], [ 0, 0, 0, 1 ] ] ]),TheRotSubgroup:=Group([ [ [ -1, 0, 0, 0 ], [ 0, -1, 0, 0 ], [ 0, 0, -1, 0 ], [ 0, 0, 0, -1 ] ], 
  [ [ 1, 0, 0, 0 ], [ 0, 1, 0, 0 ], [ 0, 0, 1, 0 ], [ 0, 0, 0, 1 ] ] ]),BoundaryImage:=rec(ListIFace:=[ 2, 5 ],ListSign:=[ -1, 1 ],ListElt:=[ [ [ 5, 0, -2, -1 ], [ 0, 5, 22, -2 ], [ 2, -1, -5, 0 ], [ 22, 2, 0, -5 ] ], 
  [ [ 1, 0, 0, 0 ], [ 0, 1, 0, 0 ], [ 0, 0, 1, 0 ], [ 0, 0, 0, 1 ] ] ])),rec(TheMatrixStab:=Group([ [ [ -1, 0, 0, 0 ], [ 0, -1, 0, 0 ], [ 0, 0, -1, 0 ], [ 0, 0, 0, -1 ] ], 
  [ [ 1, 0, 0, 0 ], [ 0, 1, 0, 0 ], [ 0, 0, 1, 0 ], [ 0, 0, 0, 1 ] ] ]),TheRotSubgroup:=Group([ [ [ -1, 0, 0, 0 ], [ 0, -1, 0, 0 ], [ 0, 0, -1, 0 ], [ 0, 0, 0, -1 ] ], 
  [ [ 1, 0, 0, 0 ], [ 0, 1, 0, 0 ], [ 0, 0, 1, 0 ], [ 0, 0, 0, 1 ] ] ]),BoundaryImage:=rec(ListIFace:=[ 2, 6 ],ListSign:=[ -1, 1 ],ListElt:=[ [ [ -5, 0, 2, 1 ], [ 0, -5, -22, 2 ], [ -2, 1, 5, 0 ], [ -22, -2, 0, 5 ] ], 
  [ [ -1, 0, 0, 0 ], [ 0, -1, 0, 0 ], [ 0, 0, -1, 0 ], [ 0, 0, 0, -1 ] ] ])),rec(TheMatrixStab:=Group([ [ [ -1, 0, 0, 0 ], [ 0, -1, 0, 0 ], [ 0, 0, -1, 0 ], [ 0, 0, 0, -1 ] ], 
  [ [ 1, 0, 0, 0 ], [ 0, 1, 0, 0 ], [ 0, 0, 1, 0 ], [ 0, 0, 0, 1 ] ] ]),TheRotSubgroup:=Group([ [ [ -1, 0, 0, 0 ], [ 0, -1, 0, 0 ], [ 0, 0, -1, 0 ], [ 0, 0, 0, -1 ] ], 
  [ [ 1, 0, 0, 0 ], [ 0, 1, 0, 0 ], [ 0, 0, 1, 0 ], [ 0, 0, 0, 1 ] ] ]),BoundaryImage:=rec(ListIFace:=[ 3, 4 ],ListSign:=[ -1, 1 ],ListElt:=[ [ [ 1, 0, 0, 0 ], [ 0, 1, 0, 0 ], [ 0, 0, 1, 0 ], [ 0, 0, 0, 1 ] ], 
  [ [ 1, 0, 0, 0 ], [ 0, 1, 0, 0 ], [ 0, 0, 1, 0 ], [ 0, 0, 0, 1 ] ] ])),rec(TheMatrixStab:=Group([ [ [ -1, 0, 0, 0 ], [ 0, -1, 0, 0 ], [ 0, 0, -1, 0 ], [ 0, 0, 0, -1 ] ], 
  [ [ 1, 0, 0, 0 ], [ 0, 1, 0, 0 ], [ 0, 0, 1, 0 ], [ 0, 0, 0, 1 ] ] ]),TheRotSubgroup:=Group([ [ [ -1, 0, 0, 0 ], [ 0, -1, 0, 0 ], [ 0, 0, -1, 0 ], [ 0, 0, 0, -1 ] ], 
  [ [ 1, 0, 0, 0 ], [ 0, 1, 0, 0 ], [ 0, 0, 1, 0 ], [ 0, 0, 0, 1 ] ] ]),BoundaryImage:=rec(ListIFace:=[ 3, 5 ],ListSign:=[ -1, 1 ],ListElt:=[ [ [ -1, 0, 0, 0 ], [ 0, -1, 0, 0 ], [ 0, 0, -1, 0 ], [ 0, 0, 0, -1 ] ], 
  [ [ -6, -7, -25, 5 ], [ 154, -6, -110, -25 ], [ -29, -3, 4, 7 ], 
      [ 66, -29, -154, 4 ] ] ])),rec(TheMatrixStab:=Group([ [ [ -1, 0, 0, 0 ], [ 0, -1, 0, 0 ], [ 0, 0, -1, 0 ], [ 0, 0, 0, -1 ] ], 
  [ [ 1, 0, 0, 0 ], [ 0, 1, 0, 0 ], [ 0, 0, 1, 0 ], [ 0, 0, 0, 1 ] ] ]),TheRotSubgroup:=Group([ [ [ -1, 0, 0, 0 ], [ 0, -1, 0, 0 ], [ 0, 0, -1, 0 ], [ 0, 0, 0, -1 ] ], 
  [ [ 1, 0, 0, 0 ], [ 0, 1, 0, 0 ], [ 0, 0, 1, 0 ], [ 0, 0, 0, 1 ] ] ]),BoundaryImage:=rec(ListIFace:=[ 3, 6 ],ListSign:=[ -1, 1 ],ListElt:=[ [ [ -1, 0, 0, 0 ], [ 0, -1, 0, 0 ], [ 0, 0, -1, 0 ], [ 0, 0, 0, -1 ] ], 
  [ [ -5, 0, 2, 1 ], [ 0, -5, -22, 2 ], [ -2, 1, 5, 0 ], [ -22, -2, 0, 5 ] ] ])),rec(TheMatrixStab:=Group([ [ [ -1, 0, 0, 0 ], [ 0, -1, 0, 0 ], [ 0, 0, -1, 0 ], [ 0, 0, 0, -1 ] ], 
  [ [ 1, 0, 0, 0 ], [ 0, 1, 0, 0 ], [ 0, 0, 1, 0 ], [ 0, 0, 0, 1 ] ] ]),TheRotSubgroup:=Group([ [ [ -1, 0, 0, 0 ], [ 0, -1, 0, 0 ], [ 0, 0, -1, 0 ], [ 0, 0, 0, -1 ] ], 
  [ [ 1, 0, 0, 0 ], [ 0, 1, 0, 0 ], [ 0, 0, 1, 0 ], [ 0, 0, 0, 1 ] ] ]),BoundaryImage:=rec(ListIFace:=[ 3, 7 ],ListSign:=[ -1, 1 ],ListElt:=[ [ [ -1, 0, 0, 0 ], [ 0, -1, 0, 0 ], [ 0, 0, -1, 0 ], [ 0, 0, 0, -1 ] ], 
  [ [ -1, 0, 0, 0 ], [ 0, -1, 0, 0 ], [ 0, 0, -1, 0 ], [ 0, 0, 0, -1 ] ] ])),rec(TheMatrixStab:=Group([ [ [ -1, 0, 0, 0 ], [ 0, -1, 0, 0 ], [ 0, 0, -1, 0 ], [ 0, 0, 0, -1 ] ], 
  [ [ 1, 0, 0, 0 ], [ 0, 1, 0, 0 ], [ 0, 0, 1, 0 ], [ 0, 0, 0, 1 ] ] ]),TheRotSubgroup:=Group([ [ [ -1, 0, 0, 0 ], [ 0, -1, 0, 0 ], [ 0, 0, -1, 0 ], [ 0, 0, 0, -1 ] ], 
  [ [ 1, 0, 0, 0 ], [ 0, 1, 0, 0 ], [ 0, 0, 1, 0 ], [ 0, 0, 0, 1 ] ] ]),BoundaryImage:=rec(ListIFace:=[ 4, 7 ],ListSign:=[ -1, 1 ],ListElt:=[ [ [ 1, 0, 0, 0 ], [ 0, 1, 0, 0 ], [ 0, 0, 1, 0 ], [ 0, 0, 0, 1 ] ], 
  [ [ -7, -15, -55, 10 ], [ 330, -7, -220, -55 ], [ -61, -7, 8, 15 ], 
      [ 154, -61, -330, 8 ] ] ])),rec(TheMatrixStab:=Group([ [ [ -1, 0, 0, 0 ], [ 0, -1, 0, 0 ], [ 0, 0, -1, 0 ], [ 0, 0, 0, -1 ] ], 
  [ [ 1, 0, 0, 0 ], [ 0, 1, 0, 0 ], [ 0, 0, 1, 0 ], [ 0, 0, 0, 1 ] ] ]),TheRotSubgroup:=Group([ [ [ -1, 0, 0, 0 ], [ 0, -1, 0, 0 ], [ 0, 0, -1, 0 ], [ 0, 0, 0, -1 ] ], 
  [ [ 1, 0, 0, 0 ], [ 0, 1, 0, 0 ], [ 0, 0, 1, 0 ], [ 0, 0, 0, 1 ] ] ]),BoundaryImage:=rec(ListIFace:=[ 4, 5 ],ListSign:=[ -1, 1 ],ListElt:=[ [ [ 1, 0, 0, 0 ], [ 0, 1, 0, 0 ], [ 0, 0, 1, 0 ], [ 0, 0, 0, 1 ] ], 
  [ [ 1, 0, 0, 0 ], [ 0, 1, 0, 0 ], [ 0, 0, 1, 0 ], [ 0, 0, 0, 1 ] ] ])),rec(TheMatrixStab:=Group([ [ [ -10, -7, -23, 6 ], [ 154, -10, -132, -23 ], [ -31, -2, 10, 7 ], 
      [ 44, -31, -154, 10 ] ], 
  [ [ -1, 0, 0, 0 ], [ 0, -1, 0, 0 ], [ 0, 0, -1, 0 ], [ 0, 0, 0, -1 ] ], 
  [ [ 1, 0, 0, 0 ], [ 0, 1, 0, 0 ], [ 0, 0, 1, 0 ], [ 0, 0, 0, 1 ] ], 
  [ [ 10, 7, 23, -6 ], [ -154, 10, 132, 23 ], [ 31, 2, -10, -7 ], 
      [ -44, 31, 154, -10 ] ] ]),TheRotSubgroup:=Group([ [ [ -1, 0, 0, 0 ], [ 0, -1, 0, 0 ], [ 0, 0, -1, 0 ], [ 0, 0, 0, -1 ] ], 
  [ [ 1, 0, 0, 0 ], [ 0, 1, 0, 0 ], [ 0, 0, 1, 0 ], [ 0, 0, 0, 1 ] ] ]),BoundaryImage:=rec(ListIFace:=[ 4, 4 ],ListSign:=[ -1, 1 ],ListElt:=[ [ [ -1, 0, 0, 0 ], [ 0, -1, 0, 0 ], [ 0, 0, -1, 0 ], [ 0, 0, 0, -1 ] ], 
  [ [ -10, -7, -23, 6 ], [ 154, -10, -132, -23 ], [ -31, -2, 10, 7 ], 
      [ 44, -31, -154, 10 ] ] ])),rec(TheMatrixStab:=Group([ [ [ -1, 0, 0, 0 ], [ 0, -1, 0, 0 ], [ 0, 0, -1, 0 ], [ 0, 0, 0, -1 ] ], 
  [ [ 1, 0, 0, 0 ], [ 0, 1, 0, 0 ], [ 0, 0, 1, 0 ], [ 0, 0, 0, 1 ] ] ]),TheRotSubgroup:=Group([ [ [ -1, 0, 0, 0 ], [ 0, -1, 0, 0 ], [ 0, 0, -1, 0 ], [ 0, 0, 0, -1 ] ], 
  [ [ 1, 0, 0, 0 ], [ 0, 1, 0, 0 ], [ 0, 0, 1, 0 ], [ 0, 0, 0, 1 ] ] ]),BoundaryImage:=rec(ListIFace:=[ 5, 6 ],ListSign:=[ -1, 1 ],ListElt:=[ [ [ 1, 0, 0, 0 ], [ 0, 1, 0, 0 ], [ 0, 0, 1, 0 ], [ 0, 0, 0, 1 ] ], 
  [ [ -1, 0, 0, 0 ], [ 0, -1, 0, 0 ], [ 0, 0, -1, 0 ], [ 0, 0, 0, -1 ] ] ])),rec(TheMatrixStab:=Group([ [ [ -1, 0, 0, 0 ], [ 0, -1, 0, 0 ], [ 0, 0, -1, 0 ], [ 0, 0, 0, -1 ] ], 
  [ [ 1, 0, 0, 0 ], [ 0, 1, 0, 0 ], [ 0, 0, 1, 0 ], [ 0, 0, 0, 1 ] ] ]),TheRotSubgroup:=Group([ [ [ -1, 0, 0, 0 ], [ 0, -1, 0, 0 ], [ 0, 0, -1, 0 ], [ 0, 0, 0, -1 ] ], 
  [ [ 1, 0, 0, 0 ], [ 0, 1, 0, 0 ], [ 0, 0, 1, 0 ], [ 0, 0, 0, 1 ] ] ]),BoundaryImage:=rec(ListIFace:=[ 5, 7 ],ListSign:=[ -1, 1 ],ListElt:=[ [ [ 1, 0, 0, 0 ], [ 0, 1, 0, 0 ], [ 0, 0, 1, 0 ], [ 0, 0, 0, 1 ] ], 
  [ [ 6, 15, 55, -10 ], [ -330, 6, 220, 55 ], [ 61, 7, -9, -15 ], 
      [ -154, 61, 330, -9 ] ] ])),rec(TheMatrixStab:=Group([ [ [ -1, 0, 0, 0 ], [ 0, -1, 0, 0 ], [ 0, 0, -1, 0 ], [ 0, 0, 0, -1 ] ], 
  [ [ 1, 0, 0, 0 ], [ 0, 1, 0, 0 ], [ 0, 0, 1, 0 ], [ 0, 0, 0, 1 ] ] ]),TheRotSubgroup:=Group([ [ [ -1, 0, 0, 0 ], [ 0, -1, 0, 0 ], [ 0, 0, -1, 0 ], [ 0, 0, 0, -1 ] ], 
  [ [ 1, 0, 0, 0 ], [ 0, 1, 0, 0 ], [ 0, 0, 1, 0 ], [ 0, 0, 0, 1 ] ] ]),BoundaryImage:=rec(ListIFace:=[ 6, 7 ],ListSign:=[ -1, 1 ],ListElt:=[ [ [ -1, 0, 0, 0 ], [ 0, -1, 0, 0 ], [ 0, 0, -1, 0 ], [ 0, 0, 0, -1 ] ], 
  [ [ -1, -15, -57, 9 ], [ 330, -1, -198, -57 ], [ -59, -8, 4, 15 ], 
      [ 176, -59, -330, 4 ] ] ])),rec(TheMatrixStab:=Group([ [ [ -44, 0, 23, 8 ], [ 0, -44, -176, 23 ], [ -23, 8, 44, 0 ], 
      [ -176, -23, 0, 44 ] ], 
  [ [ -1, 0, 0, 0 ], [ 0, -1, 0, 0 ], [ 0, 0, -1, 0 ], [ 0, 0, 0, -1 ] ], 
  [ [ 1, 0, 0, 0 ], [ 0, 1, 0, 0 ], [ 0, 0, 1, 0 ], [ 0, 0, 0, 1 ] ], 
  [ [ 44, 0, -23, -8 ], [ 0, 44, 176, -23 ], [ 23, -8, -44, 0 ], 
      [ 176, 23, 0, -44 ] ] ]),TheRotSubgroup:=Group([ [ [ -1, 0, 0, 0 ], [ 0, -1, 0, 0 ], [ 0, 0, -1, 0 ], [ 0, 0, 0, -1 ] ], 
  [ [ 1, 0, 0, 0 ], [ 0, 1, 0, 0 ], [ 0, 0, 1, 0 ], [ 0, 0, 0, 1 ] ] ]),BoundaryImage:=rec(ListIFace:=[ 6, 6 ],ListSign:=[ -1, 1 ],ListElt:=[ [ [ -44, 0, 23, 8 ], [ 0, -44, -176, 23 ], [ -23, 8, 44, 0 ], 
      [ -176, -23, 0, 44 ] ], 
  [ [ 1, 0, 0, 0 ], [ 0, 1, 0, 0 ], [ 0, 0, 1, 0 ], [ 0, 0, 0, 1 ] ] ])),rec(TheMatrixStab:=Group([ [ [ -91, -17, -13, 26 ], [ 374, -91, -572, -13 ], [ -116, 6, 91, 17 ], 
      [ -132, -116, -374, 91 ] ], 
  [ [ -1, 0, 0, 0 ], [ 0, -1, 0, 0 ], [ 0, 0, -1, 0 ], [ 0, 0, 0, -1 ] ], 
  [ [ 1, 0, 0, 0 ], [ 0, 1, 0, 0 ], [ 0, 0, 1, 0 ], [ 0, 0, 0, 1 ] ], 
  [ [ 91, 17, 13, -26 ], [ -374, 91, 572, 13 ], [ 116, -6, -91, -17 ], 
      [ 132, 116, 374, -91 ] ] ]),TheRotSubgroup:=Group([ [ [ -1, 0, 0, 0 ], [ 0, -1, 0, 0 ], [ 0, 0, -1, 0 ], [ 0, 0, 0, -1 ] ], 
  [ [ 1, 0, 0, 0 ], [ 0, 1, 0, 0 ], [ 0, 0, 1, 0 ], [ 0, 0, 0, 1 ] ] ]),BoundaryImage:=rec(ListIFace:=[ 7, 7 ],ListSign:=[ -1, 1 ],ListElt:=[ [ [ 91, 17, 13, -26 ], [ -374, 91, 572, 13 ], [ 116, -6, -91, -17 ], 
      [ 132, 116, 374, -91 ] ], 
  [ [ -1, 0, 0, 0 ], [ 0, -1, 0, 0 ], [ 0, 0, -1, 0 ], [ 0, 0, 0, -1 ] ] ]))],[rec(TheMatrixStab:=Group([ [ [ -87, 0, 44, 16 ], [ 0, -87, -352, 44 ], [ -44, 16, 87, 0 ], 
      [ -352, -44, 0, 87 ] ], 
  [ [ -44, 0, 23, 8 ], [ 0, -44, -176, 23 ], [ -23, 8, 44, 0 ], 
      [ -176, -23, 0, 44 ] ], 
  [ [ -1, 0, 0, 0 ], [ 0, -1, 0, 0 ], [ 0, 0, -1, 0 ], [ 0, 0, 0, -1 ] ], 
  [ [ 0, -16, -65, 8 ], [ 352, 0, -176, -65 ], [ -65, -8, 0, 16 ], 
      [ 176, -65, -352, 0 ] ], 
  [ [ 0, 16, 65, -8 ], [ -352, 0, 176, 65 ], [ 65, 8, 0, -16 ], 
      [ -176, 65, 352, 0 ] ], 
  [ [ 1, 0, 0, 0 ], [ 0, 1, 0, 0 ], [ 0, 0, 1, 0 ], [ 0, 0, 0, 1 ] ], 
  [ [ 44, 0, -23, -8 ], [ 0, 44, 176, -23 ], [ 23, -8, -44, 0 ], 
      [ 176, 23, 0, -44 ] ], 
  [ [ 87, 0, -44, -16 ], [ 0, 87, 352, -44 ], [ 44, -16, -87, 0 ], 
      [ 352, 44, 0, -87 ] ] ]),TheRotSubgroup:=Group([ [ [ -87, 0, 44, 16 ], [ 0, -87, -352, 44 ], [ -44, 16, 87, 0 ], 
      [ -352, -44, 0, 87 ] ], 
  [ [ -1, 0, 0, 0 ], [ 0, -1, 0, 0 ], [ 0, 0, -1, 0 ], [ 0, 0, 0, -1 ] ], 
  [ [ 1, 0, 0, 0 ], [ 0, 1, 0, 0 ], [ 0, 0, 1, 0 ], [ 0, 0, 0, 1 ] ], 
  [ [ 87, 0, -44, -16 ], [ 0, 87, 352, -44 ], [ 44, -16, -87, 0 ], 
      [ 352, 44, 0, -87 ] ] ]),BoundaryImage:=rec(ListIFace:=[ 1, 3, 3, 8, 19, 8, 8, 19, 3, 8, 1, 3 ],ListSign:=[ 1, -1, 1, 1, -1, -1, -1, 1, -1, 1, -1, 1 ],ListElt:=[ [ [ -65, -8, 0, 16 ], [ 176, -65, -352, 0 ], [ -65, 8, 65, 8 ], 
      [ -176, -65, -176, 65 ] ], 
  [ [ 5, 0, -2, -1 ], [ 0, 5, 22, -2 ], [ 2, -1, -5, 0 ], [ 22, 2, 0, -5 ] ], 
  [ [ 0, 16, 65, -8 ], [ -352, 0, 176, 65 ], [ 65, 8, 0, -16 ], 
      [ -176, 65, 352, 0 ] ], 
  [ [ 0, 16, 65, -8 ], [ -352, 0, 176, 65 ], [ 65, 8, 0, -16 ], 
      [ -176, 65, 352, 0 ] ], 
  [ [ 0, 16, 65, -8 ], [ -352, 0, 176, 65 ], [ 65, 8, 0, -16 ], 
      [ -176, 65, 352, 0 ] ], 
  [ [ 1, 0, 0, 0 ], [ 0, 1, 0, 0 ], [ 0, 0, 1, 0 ], [ 0, 0, 0, 1 ] ], 
  [ [ -87, 0, 44, 16 ], [ 0, -87, -352, 44 ], [ -44, 16, 87, 0 ], 
      [ -352, -44, 0, 87 ] ], 
  [ [ 1, 0, 0, 0 ], [ 0, 1, 0, 0 ], [ 0, 0, 1, 0 ], [ 0, 0, 0, 1 ] ], 
  [ [ -87, 0, 44, 16 ], [ 0, -87, -352, 44 ], [ -44, 16, 87, 0 ], 
      [ -352, -44, 0, 87 ] ], 
  [ [ 44, 0, -23, -8 ], [ 0, 44, 176, -23 ], [ 23, -8, -44, 0 ], 
      [ 176, 23, 0, -44 ] ], 
  [ [ -87, 0, 44, 16 ], [ 0, -87, -352, 44 ], [ -44, 16, 87, 0 ], 
      [ -352, -44, 0, 87 ] ], 
  [ [ 44, 0, -23, -8 ], [ 0, 44, 176, -23 ], [ 23, -8, -44, 0 ], 
      [ 176, 23, 0, -44 ] ] ])),rec(TheMatrixStab:=Group([ [ [ -46, -5, 5, 10 ], [ 110, -46, -220, 5 ], [ -49, 6, 46, 5 ], 
      [ -132, -49, -110, 46 ] ], 
  [ [ -25, 12, 56, -2 ], [ -264, -25, 44, 56 ], [ 36, 12, 25, -12 ], 
      [ -264, 36, 264, 25 ] ], 
  [ [ -10, 7, 31, -2 ], [ -154, -10, 44, 31 ], [ 23, 6, 10, -7 ], 
      [ -132, 23, 154, 10 ] ], 
  [ [ -1, 0, 0, 0 ], [ 0, -1, 0, 0 ], [ 0, 0, -1, 0 ], [ 0, 0, 0, -1 ] ], 
  [ [ 1, 0, 0, 0 ], [ 0, 1, 0, 0 ], [ 0, 0, 1, 0 ], [ 0, 0, 0, 1 ] ], 
  [ [ 10, -7, -31, 2 ], [ 154, 10, -44, -31 ], [ -23, -6, -10, 7 ], 
      [ 132, -23, -154, -10 ] ], 
  [ [ 25, -12, -56, 2 ], [ 264, 25, -44, -56 ], [ -36, -12, -25, 12 ], 
      [ 264, -36, -264, -25 ] ], 
  [ [ 46, 5, -5, -10 ], [ -110, 46, 220, -5 ], [ 49, -6, -46, -5 ], 
      [ 132, 49, 110, -46 ] ] ]),TheRotSubgroup:=Group([ [ [ -25, 12, 56, -2 ], [ -264, -25, 44, 56 ], [ 36, 12, 25, -12 ], 
      [ -264, 36, 264, 25 ] ], 
  [ [ -1, 0, 0, 0 ], [ 0, -1, 0, 0 ], [ 0, 0, -1, 0 ], [ 0, 0, 0, -1 ] ], 
  [ [ 1, 0, 0, 0 ], [ 0, 1, 0, 0 ], [ 0, 0, 1, 0 ], [ 0, 0, 0, 1 ] ], 
  [ [ 25, -12, -56, 2 ], [ 264, 25, -44, -56 ], [ -36, -12, -25, 12 ], 
      [ 264, -36, -264, -25 ] ] ]),BoundaryImage:=rec(ListIFace:=[ 2, 3, 3, 6, 15, 6, 3, 6, 15, 2, 3, 6 ],ListSign:=[ 1, 1, -1, 1, -1, -1, -1, -1, 1, -1, 1, 1 ],ListElt:=[ [ [ -3, -11, -38, 6 ], [ 242, -3, -132, -38 ], [ -49, -6, 3, 11 ], 
      [ 132, -49, -242, 3 ] ], 
  [ [ 46, 5, -5, -10 ], [ -110, 46, 220, -5 ], [ 49, -6, -46, -5 ], 
      [ 132, 49, 110, -46 ] ], 
  [ [ 1, 0, 0, 0 ], [ 0, 1, 0, 0 ], [ 0, 0, 1, 0 ], [ 0, 0, 0, 1 ] ], 
  [ [ 0, -10, -43, 6 ], [ 220, 0, -132, -43 ], [ -43, -6, 0, 12 ], 
      [ 132, -43, -264, 0 ] ], 
  [ [ -57, 0, 34, 11 ], [ 0, -57, -242, 34 ], [ -34, 11, 67, 0 ], 
      [ -242, -34, 0, 67 ] ], 
  [ [ -57, 0, 34, 11 ], [ 0, -57, -242, 34 ], [ -34, 11, 67, 0 ], 
      [ -242, -34, 0, 67 ] ], 
  [ [ -57, 0, 34, 11 ], [ 0, -57, -242, 34 ], [ -34, 11, 67, 0 ], 
      [ -242, -34, 0, 67 ] ], 
  [ [ 5, 0, -2, -1 ], [ 0, 5, 22, -2 ], [ 2, -1, -5, 0 ], [ 22, 2, 0, -5 ] ], 
  [ [ -32, 0, 19, 6 ], [ 0, -32, -132, 19 ], [ -19, 6, 36, 0 ], 
      [ -132, -19, 0, 36 ] ], 
  [ [ 25, -12, -56, 2 ], [ 264, 25, -44, -56 ], [ -36, -12, -25, 12 ], 
      [ 264, -36, -264, -25 ] ], 
  [ [ -32, 0, 19, 6 ], [ 0, -32, -132, 19 ], [ -19, 6, 36, 0 ], 
      [ -132, -19, 0, 36 ] ], 
  [ [ -32, 0, 19, 6 ], [ 0, -32, -132, 19 ], [ -19, 6, 36, 0 ], 
      [ -132, -19, 0, 36 ] ] ])),rec(TheMatrixStab:=Group([ [ [ -1, 0, 0, 0 ], [ 0, -1, 0, 0 ], [ 0, 0, -1, 0 ], [ 0, 0, 0, -1 ] ], 
  [ [ 1, 0, 0, 0 ], [ 0, 1, 0, 0 ], [ 0, 0, 1, 0 ], [ 0, 0, 0, 1 ] ] ]),TheRotSubgroup:=Group([ [ [ -1, 0, 0, 0 ], [ 0, -1, 0, 0 ], [ 0, 0, -1, 0 ], [ 0, 0, 0, -1 ] ], 
  [ [ 1, 0, 0, 0 ], [ 0, 1, 0, 0 ], [ 0, 0, 1, 0 ], [ 0, 0, 0, 1 ] ] ]),BoundaryImage:=rec(ListIFace:=[ 3, 5, 3, 7, 10, 10, 12, 17 ],ListSign:=[ 1, 1, -1, -1, 1, 1, -1, 1 ],ListElt:=[ [ [ 5, 0, -2, -1 ], [ 0, 5, 22, -2 ], [ 2, -1, -5, 0 ], [ 22, 2, 0, -5 ] ], 
  [ [ -5, 0, 2, 1 ], [ 0, -5, -22, 2 ], [ -2, 1, 5, 0 ], [ -22, -2, 0, 5 ] ], 
  [ [ 1, 0, -1, 0 ], [ 0, 1, 0, -1 ], [ 1, 0, 0, 0 ], [ 0, 1, 0, 0 ] ], 
  [ [ 1, 0, -1, 0 ], [ 0, 1, 0, -1 ], [ 1, 0, 0, 0 ], [ 0, 1, 0, 0 ] ], 
  [ [ -25, 4, 31, 2 ], [ -88, -25, -44, 31 ], [ 4, 7, 25, -5 ], 
      [ -154, 4, 110, 25 ] ], 
  [ [ -5, 0, 2, 1 ], [ 0, -5, -22, 2 ], [ -2, 1, 5, 0 ], [ -22, -2, 0, 5 ] ], 
  [ [ -25, 4, 31, 2 ], [ -88, -25, -44, 31 ], [ 4, 7, 25, -5 ], 
      [ -154, 4, 110, 25 ] ], 
  [ [ 38, 0, -21, -7 ], [ 0, 38, 154, -21 ], [ 21, -7, -40, 0 ], 
      [ 154, 21, 0, -40 ] ] ])),rec(TheMatrixStab:=Group([ [ [ -103, 23, 148, 5 ], [ -506, -103, -110, 148 ], [ 30, 31, 103, -23 ], 
      [ -682, 30, 506, 103 ] ], 
  [ [ -1, 0, 0, 0 ], [ 0, -1, 0, 0 ], [ 0, 0, -1, 0 ], [ 0, 0, 0, -1 ] ], 
  [ [ 1, 0, 0, 0 ], [ 0, 1, 0, 0 ], [ 0, 0, 1, 0 ], [ 0, 0, 0, 1 ] ], 
  [ [ 103, -23, -148, -5 ], [ 506, 103, 110, -148 ], [ -30, -31, -103, 23 ], 
      [ 682, -30, -506, -103 ] ] ]),TheRotSubgroup:=Group([ [ [ -103, 23, 148, 5 ], [ -506, -103, -110, 148 ], [ 30, 31, 103, -23 ], 
      [ -682, 30, 506, 103 ] ], 
  [ [ -1, 0, 0, 0 ], [ 0, -1, 0, 0 ], [ 0, 0, -1, 0 ], [ 0, 0, 0, -1 ] ], 
  [ [ 1, 0, 0, 0 ], [ 0, 1, 0, 0 ], [ 0, 0, 1, 0 ], [ 0, 0, 0, 1 ] ], 
  [ [ 103, -23, -148, -5 ], [ 506, 103, 110, -148 ], [ -30, -31, -103, 23 ], 
      [ 682, -30, -506, -103 ] ] ]),BoundaryImage:=rec(ListIFace:=[ 4, 5, 7, 17, 20, 12, 5, 4, 7, 12, 17, 20 ],ListSign:=[ 1, -1, 1, 1, 1, -1, -1, -1, 1, -1, 1, 1 ],ListElt:=[ [ [ -5, 0, 2, 1 ], [ 0, -5, -22, 2 ], [ -2, 1, 5, 0 ], [ -22, -2, 0, 5 ] ], 
  [ [ -1, 0, 0, 0 ], [ 0, -1, 0, 0 ], [ 0, 0, -1, 0 ], [ 0, 0, 0, -1 ] ], 
  [ [ -108, 0, 61, 19 ], [ 0, -108, -418, 61 ], [ -61, 19, 108, 0 ], 
      [ -418, -61, 0, 108 ] ], 
  [ [ -108, 0, 61, 19 ], [ 0, -108, -418, 61 ], [ -61, 19, 108, 0 ], 
      [ -418, -61, 0, 108 ] ], 
  [ [ -103, 23, 148, 5 ], [ -506, -103, -110, 148 ], [ 30, 31, 103, -23 ], 
      [ -682, 30, 506, 103 ] ], 
  [ [ -103, 23, 148, 5 ], [ -506, -103, -110, 148 ], [ 30, 31, 103, -23 ], 
      [ -682, 30, 506, 103 ] ], 
  [ [ -103, 23, 148, 5 ], [ -506, -103, -110, 148 ], [ 30, 31, 103, -23 ], 
      [ -682, 30, 506, 103 ] ], 
  [ [ 6, 23, 87, -14 ], [ -506, 6, 308, 87 ], [ 91, 12, -4, -23 ], 
      [ -264, 91, 506, -4 ] ], 
  [ [ 6, 23, 87, -14 ], [ -506, 6, 308, 87 ], [ 91, 12, -4, -23 ], 
      [ -264, 91, 506, -4 ] ], 
  [ [ 1, 0, 0, 0 ], [ 0, 1, 0, 0 ], [ 0, 0, 1, 0 ], [ 0, 0, 0, 1 ] ], 
  [ [ 6, 23, 87, -14 ], [ -506, 6, 308, 87 ], [ 91, 12, -4, -23 ], 
      [ -264, 91, 506, -4 ] ], 
  [ [ -1, 0, 0, 0 ], [ 0, -1, 0, 0 ], [ 0, 0, -1, 0 ], [ 0, 0, 0, -1 ] ] ])),rec(TheMatrixStab:=Group([ [ [ -1, 0, 0, 0 ], [ 0, -1, 0, 0 ], [ 0, 0, -1, 0 ], [ 0, 0, 0, -1 ] ], 
  [ [ 1, 0, 0, 0 ], [ 0, 1, 0, 0 ], [ 0, 0, 1, 0 ], [ 0, 0, 0, 1 ] ] ]),TheRotSubgroup:=Group([ [ [ -1, 0, 0, 0 ], [ 0, -1, 0, 0 ], [ 0, 0, -1, 0 ], [ 0, 0, 0, -1 ] ], 
  [ [ 1, 0, 0, 0 ], [ 0, 1, 0, 0 ], [ 0, 0, 1, 0 ], [ 0, 0, 0, 1 ] ] ]),BoundaryImage:=rec(ListIFace:=[ 5, 6, 9 ],ListSign:=[ 1, -1, 1 ],ListElt:=[ [ [ -1, 0, 0, 0 ], [ 0, -1, 0, 0 ], [ 0, 0, -1, 0 ], [ 0, 0, 0, -1 ] ], 
  [ [ 1, 0, 0, 0 ], [ 0, 1, 0, 0 ], [ 0, 0, 1, 0 ], [ 0, 0, 0, 1 ] ], 
  [ [ -1, 0, 0, 0 ], [ 0, -1, 0, 0 ], [ 0, 0, -1, 0 ], [ 0, 0, 0, -1 ] ] ])),rec(TheMatrixStab:=Group([ [ [ -1, 0, 0, 0 ], [ 0, -1, 0, 0 ], [ 0, 0, -1, 0 ], [ 0, 0, 0, -1 ] ], 
  [ [ 1, 0, 0, 0 ], [ 0, 1, 0, 0 ], [ 0, 0, 1, 0 ], [ 0, 0, 0, 1 ] ] ]),TheRotSubgroup:=Group([ [ [ -1, 0, 0, 0 ], [ 0, -1, 0, 0 ], [ 0, 0, -1, 0 ], [ 0, 0, 0, -1 ] ], 
  [ [ 1, 0, 0, 0 ], [ 0, 1, 0, 0 ], [ 0, 0, 1, 0 ], [ 0, 0, 0, 1 ] ] ]),BoundaryImage:=rec(ListIFace:=[ 5, 11, 8 ],ListSign:=[ 1, 1, -1 ],ListElt:=[ [ [ -1, 0, 0, 0 ], [ 0, -1, 0, 0 ], [ 0, 0, -1, 0 ], [ 0, 0, 0, -1 ] ], 
  [ [ 1, 0, 0, 0 ], [ 0, 1, 0, 0 ], [ 0, 0, 1, 0 ], [ 0, 0, 0, 1 ] ], 
  [ [ -5, 0, 2, 1 ], [ 0, -5, -22, 2 ], [ -2, 1, 5, 0 ], [ -22, -2, 0, 5 ] ] ])),rec(TheMatrixStab:=Group([ [ [ -1, 0, 0, 0 ], [ 0, -1, 0, 0 ], [ 0, 0, -1, 0 ], [ 0, 0, 0, -1 ] ], 
  [ [ 1, 0, 0, 0 ], [ 0, 1, 0, 0 ], [ 0, 0, 1, 0 ], [ 0, 0, 0, 1 ] ] ]),TheRotSubgroup:=Group([ [ [ -1, 0, 0, 0 ], [ 0, -1, 0, 0 ], [ 0, 0, -1, 0 ], [ 0, 0, 0, -1 ] ], 
  [ [ 1, 0, 0, 0 ], [ 0, 1, 0, 0 ], [ 0, 0, 1, 0 ], [ 0, 0, 0, 1 ] ] ]),BoundaryImage:=rec(ListIFace:=[ 6, 14, 7 ],ListSign:=[ 1, 1, -1 ],ListElt:=[ [ [ 1, 0, 0, 0 ], [ 0, 1, 0, 0 ], [ 0, 0, 1, 0 ], [ 0, 0, 0, 1 ] ], 
  [ [ 1, 0, 0, 0 ], [ 0, 1, 0, 0 ], [ 0, 0, 1, 0 ], [ 0, 0, 0, 1 ] ], 
  [ [ 1, 0, 0, 0 ], [ 0, 1, 0, 0 ], [ 0, 0, 1, 0 ], [ 0, 0, 0, 1 ] ] ])),rec(TheMatrixStab:=Group([ [ [ -1, 0, 0, 0 ], [ 0, -1, 0, 0 ], [ 0, 0, -1, 0 ], [ 0, 0, 0, -1 ] ], 
  [ [ 1, 0, 0, 0 ], [ 0, 1, 0, 0 ], [ 0, 0, 1, 0 ], [ 0, 0, 0, 1 ] ] ]),TheRotSubgroup:=Group([ [ [ -1, 0, 0, 0 ], [ 0, -1, 0, 0 ], [ 0, 0, -1, 0 ], [ 0, 0, 0, -1 ] ], 
  [ [ 1, 0, 0, 0 ], [ 0, 1, 0, 0 ], [ 0, 0, 1, 0 ], [ 0, 0, 0, 1 ] ] ]),BoundaryImage:=rec(ListIFace:=[ 7, 8, 16 ],ListSign:=[ 1, -1, 1 ],ListElt:=[ [ [ -1, 0, 0, 0 ], [ 0, -1, 0, 0 ], [ 0, 0, -1, 0 ], [ 0, 0, 0, -1 ] ], 
  [ [ -1, 0, 0, 0 ], [ 0, -1, 0, 0 ], [ 0, 0, -1, 0 ], [ 0, 0, 0, -1 ] ], 
  [ [ -1, 0, 0, 0 ], [ 0, -1, 0, 0 ], [ 0, 0, -1, 0 ], [ 0, 0, 0, -1 ] ] ])),rec(TheMatrixStab:=Group([ [ [ -1, 0, 0, 0 ], [ 0, -1, 0, 0 ], [ 0, 0, -1, 0 ], [ 0, 0, 0, -1 ] ], 
  [ [ 1, 0, 0, 0 ], [ 0, 1, 0, 0 ], [ 0, 0, 1, 0 ], [ 0, 0, 0, 1 ] ] ]),TheRotSubgroup:=Group([ [ [ -1, 0, 0, 0 ], [ 0, -1, 0, 0 ], [ 0, 0, -1, 0 ], [ 0, 0, 0, -1 ] ], 
  [ [ 1, 0, 0, 0 ], [ 0, 1, 0, 0 ], [ 0, 0, 1, 0 ], [ 0, 0, 0, 1 ] ] ]),BoundaryImage:=rec(ListIFace:=[ 9, 15, 14, 10, 10, 16, 11, 19 ],ListSign:=[ 1, 1, 1, -1, -1, -1, 1, -1 ],ListElt:=[ [ [ -1, 0, 0, 0 ], [ 0, -1, 0, 0 ], [ 0, 0, -1, 0 ], [ 0, 0, 0, -1 ] ], 
  [ [ -1, 0, 0, 0 ], [ 0, -1, 0, 0 ], [ 0, 0, -1, 0 ], [ 0, 0, 0, -1 ] ], 
  [ [ 10, 7, 23, -6 ], [ -154, 10, 132, 23 ], [ 31, 2, -10, -7 ], 
      [ -44, 31, 154, -10 ] ], 
  [ [ -25, 7, 42, 0 ], [ -154, -25, 0, 42 ], [ 12, 8, 23, -7 ], 
      [ -176, 12, 154, 23 ] ], 
  [ [ -1, 0, 0, 0 ], [ 0, -1, 0, 0 ], [ 0, 0, -1, 0 ], [ 0, 0, 0, -1 ] ], 
  [ [ -6, -7, -25, 5 ], [ 154, -6, -110, -25 ], [ -29, -3, 4, 7 ], 
      [ 66, -29, -154, 4 ] ], 
  [ [ -25, 7, 42, 0 ], [ -154, -25, 0, 42 ], [ 12, 8, 23, -7 ], 
      [ -176, 12, 154, 23 ] ], 
  [ [ 41, 7, 6, -11 ], [ -154, 41, 242, 6 ], [ 48, -3, -37, -7 ], 
      [ 66, 48, 154, -37 ] ] ])),rec(TheMatrixStab:=Group([ [ [ -1, 0, 0, 0 ], [ 0, -1, 0, 0 ], [ 0, 0, -1, 0 ], [ 0, 0, 0, -1 ] ], 
  [ [ 1, 0, 0, 0 ], [ 0, 1, 0, 0 ], [ 0, 0, 1, 0 ], [ 0, 0, 0, 1 ] ] ]),TheRotSubgroup:=Group([ [ [ -1, 0, 0, 0 ], [ 0, -1, 0, 0 ], [ 0, 0, -1, 0 ], [ 0, 0, 0, -1 ] ], 
  [ [ 1, 0, 0, 0 ], [ 0, 1, 0, 0 ], [ 0, 0, 1, 0 ], [ 0, 0, 0, 1 ] ] ]),BoundaryImage:=rec(ListIFace:=[ 9, 12, 13, 13, 17, 14 ],ListSign:=[ 1, -1, 1, 1, -1, -1 ],ListElt:=[ [ [ 1, 0, 0, 0 ], [ 0, 1, 0, 0 ], [ 0, 0, 1, 0 ], [ 0, 0, 0, 1 ] ], 
  [ [ -1, 0, 0, 0 ], [ 0, -1, 0, 0 ], [ 0, 0, -1, 0 ], [ 0, 0, 0, -1 ] ], 
  [ [ 8, 15, 55, -10 ], [ -330, 8, 220, 55 ], [ 61, 7, -7, -15 ], 
      [ -154, 61, 330, -7 ] ], 
  [ [ -1, 0, 0, 0 ], [ 0, -1, 0, 0 ], [ 0, 0, -1, 0 ], [ 0, 0, 0, -1 ] ], 
  [ [ -8, -15, -55, 10 ], [ 330, -8, -220, -55 ], [ -61, -7, 7, 15 ], 
      [ 154, -61, -330, 7 ] ], 
  [ [ 8, 15, 55, -10 ], [ -330, 8, 220, 55 ], [ 61, 7, -7, -15 ], 
      [ -154, 61, 330, -7 ] ] ])),rec(TheMatrixStab:=Group([ [ [ -1, 0, 0, 0 ], [ 0, -1, 0, 0 ], [ 0, 0, -1, 0 ], [ 0, 0, 0, -1 ] ], 
  [ [ 1, 0, 0, 0 ], [ 0, 1, 0, 0 ], [ 0, 0, 1, 0 ], [ 0, 0, 0, 1 ] ] ]),TheRotSubgroup:=Group([ [ [ -1, 0, 0, 0 ], [ 0, -1, 0, 0 ], [ 0, 0, -1, 0 ], [ 0, 0, 0, -1 ] ], 
  [ [ 1, 0, 0, 0 ], [ 0, 1, 0, 0 ], [ 0, 0, 1, 0 ], [ 0, 0, 0, 1 ] ] ]),BoundaryImage:=rec(ListIFace:=[ 11, 12, 18, 18, 16, 17 ],ListSign:=[ 1, -1, 1, 1, 1, -1 ],ListElt:=[ [ [ -1, 0, 0, 0 ], [ 0, -1, 0, 0 ], [ 0, 0, -1, 0 ], [ 0, 0, 0, -1 ] ], 
  [ [ -1, 0, 0, 0 ], [ 0, -1, 0, 0 ], [ 0, 0, -1, 0 ], [ 0, 0, 0, -1 ] ], 
  [ [ 5, 0, -2, -1 ], [ 0, 5, 22, -2 ], [ 2, -1, -5, 0 ], [ 22, 2, 0, -5 ] ], 
  [ [ 4, 15, 57, -9 ], [ -330, 4, 198, 57 ], [ 59, 8, -1, -15 ], 
      [ -176, 59, 330, -1 ] ], 
  [ [ 4, 15, 57, -9 ], [ -330, 4, 198, 57 ], [ 59, 8, -1, -15 ], 
      [ -176, 59, 330, -1 ] ], 
  [ [ 4, 15, 57, -9 ], [ -330, 4, 198, 57 ], [ 59, 8, -1, -15 ], 
      [ -176, 59, 330, -1 ] ] ])),rec(TheMatrixStab:=Group([ [ [ -10, -7, -23, 6 ], [ 154, -10, -132, -23 ], [ -31, -2, 10, 7 ], 
      [ 44, -31, -154, 10 ] ], 
  [ [ -1, 0, 0, 0 ], [ 0, -1, 0, 0 ], [ 0, 0, -1, 0 ], [ 0, 0, 0, -1 ] ], 
  [ [ 1, 0, 0, 0 ], [ 0, 1, 0, 0 ], [ 0, 0, 1, 0 ], [ 0, 0, 0, 1 ] ], 
  [ [ 10, 7, 23, -6 ], [ -154, 10, 132, 23 ], [ 31, 2, -10, -7 ], 
      [ -44, 31, 154, -10 ] ] ]),TheRotSubgroup:=Group([ [ [ -1, 0, 0, 0 ], [ 0, -1, 0, 0 ], [ 0, 0, -1, 0 ], [ 0, 0, 0, -1 ] ], 
  [ [ 1, 0, 0, 0 ], [ 0, 1, 0, 0 ], [ 0, 0, 1, 0 ], [ 0, 0, 0, 1 ] ] ]),BoundaryImage:=rec(ListIFace:=[ 13, 15, 20, 13 ],ListSign:=[ 1, -1, -1, -1 ],ListElt:=[ [ [ 1, 0, 0, 0 ], [ 0, 1, 0, 0 ], [ 0, 0, 1, 0 ], [ 0, 0, 0, 1 ] ], 
  [ [ 1, 0, 0, 0 ], [ 0, 1, 0, 0 ], [ 0, 0, 1, 0 ], [ 0, 0, 0, 1 ] ], 
  [ [ -7, -15, -55, 10 ], [ 330, -7, -220, -55 ], [ -61, -7, 8, 15 ], 
      [ 154, -61, -330, 8 ] ], 
  [ [ 10, 7, 23, -6 ], [ -154, 10, 132, 23 ], [ 31, 2, -10, -7 ], 
      [ -44, 31, 154, -10 ] ] ])),rec(TheMatrixStab:=Group([ [ [ -44, 0, 23, 8 ], [ 0, -44, -176, 23 ], [ -23, 8, 44, 0 ], 
      [ -176, -23, 0, 44 ] ], 
  [ [ -1, 0, 0, 0 ], [ 0, -1, 0, 0 ], [ 0, 0, -1, 0 ], [ 0, 0, 0, -1 ] ], 
  [ [ 1, 0, 0, 0 ], [ 0, 1, 0, 0 ], [ 0, 0, 1, 0 ], [ 0, 0, 0, 1 ] ], 
  [ [ 44, 0, -23, -8 ], [ 0, 44, 176, -23 ], [ 23, -8, -44, 0 ], 
      [ 176, 23, 0, -44 ] ] ]),TheRotSubgroup:=Group([ [ [ -1, 0, 0, 0 ], [ 0, -1, 0, 0 ], [ 0, 0, -1, 0 ], [ 0, 0, 0, -1 ] ], 
  [ [ 1, 0, 0, 0 ], [ 0, 1, 0, 0 ], [ 0, 0, 1, 0 ], [ 0, 0, 0, 1 ] ] ]),BoundaryImage:=rec(ListIFace:=[ 18, 20, 18, 19 ],ListSign:=[ 1, 1, -1, 1 ],ListElt:=[ [ [ 1, 0, 0, 0 ], [ 0, 1, 0, 0 ], [ 0, 0, 1, 0 ], [ 0, 0, 0, 1 ] ], 
  [ [ 95, 4, -40, -19 ], [ -88, 95, 418, -40 ], [ 67, -15, -97, -3 ], 
      [ 330, 67, 66, -97 ] ], 
  [ [ 44, 0, -23, -8 ], [ 0, 44, 176, -23 ], [ 23, -8, -44, 0 ], 
      [ 176, 23, 0, -44 ] ], 
  [ [ 1, 0, 0, 0 ], [ 0, 1, 0, 0 ], [ 0, 0, 1, 0 ], [ 0, 0, 0, 1 ] ] ]))]];