HAP_GCOMPLEX_SETUP:=[false]; 
HAP_GCOMPLEX_LIST:=[[rec(TheMatrixStab:=Group([ [ [ -2, 0, 1, 0 ], [ 0, -2, -1, 3 ], [ -3, 0, 1, 0 ], [ -1, -1, 0, 1 ] ], 
  [ [ -1, 0, 0, 0 ], [ 0, -1, 0, 0 ], [ 0, 0, -1, 0 ], [ 0, 0, 0, -1 ] ], 
  [ [ -1, 0, 1, 0 ], [ 0, -1, -1, 3 ], [ -3, 0, 2, 0 ], [ -1, -1, 0, 2 ] ], 
  [ [ 1, 0, -1, 0 ], [ 0, 1, 1, -3 ], [ 3, 0, -2, 0 ], [ 1, 1, 0, -2 ] ], 
  [ [ 1, 0, 0, 0 ], [ 0, 1, 0, 0 ], [ 0, 0, 1, 0 ], [ 0, 0, 0, 1 ] ], 
  [ [ 2, 0, -1, 0 ], [ 0, 2, 1, -3 ], [ 3, 0, -1, 0 ], [ 1, 1, 0, -1 ] ] ]),TheRotSubgroup:=Group([ [ [ -2, 0, 1, 0 ], [ 0, -2, -1, 3 ], [ -3, 0, 1, 0 ], [ -1, -1, 0, 1 ] ], 
  [ [ -1, 0, 0, 0 ], [ 0, -1, 0, 0 ], [ 0, 0, -1, 0 ], [ 0, 0, 0, -1 ] ], 
  [ [ -1, 0, 1, 0 ], [ 0, -1, -1, 3 ], [ -3, 0, 2, 0 ], [ -1, -1, 0, 2 ] ], 
  [ [ 1, 0, -1, 0 ], [ 0, 1, 1, -3 ], [ 3, 0, -2, 0 ], [ 1, 1, 0, -2 ] ], 
  [ [ 1, 0, 0, 0 ], [ 0, 1, 0, 0 ], [ 0, 0, 1, 0 ], [ 0, 0, 0, 1 ] ], 
  [ [ 2, 0, -1, 0 ], [ 0, 2, 1, -3 ], [ 3, 0, -1, 0 ], [ 1, 1, 0, -1 ] ] ]),BoundaryImage:=rec(ListIFace:=[  ],ListSign:=[  ],ListElt:=[  ])),rec(TheMatrixStab:=Group([ [ [ -2, 0, 1, 0 ], [ 0, -2, -1, 3 ], [ -3, 0, 1, 0 ], [ -1, -1, 0, 1 ] ], 
  [ [ -1, 0, 0, 0 ], [ 0, -1, 0, 0 ], [ 0, 0, -1, 0 ], [ 0, 0, 0, -1 ] ], 
  [ [ -1, 0, 1, 0 ], [ 0, -1, -1, 3 ], [ -3, 0, 2, 0 ], [ -1, -1, 0, 2 ] ], 
  [ [ 1, 0, -1, 0 ], [ 0, 1, 1, -3 ], [ 3, 0, -2, 0 ], [ 1, 1, 0, -2 ] ], 
  [ [ 1, 0, 0, 0 ], [ 0, 1, 0, 0 ], [ 0, 0, 1, 0 ], [ 0, 0, 0, 1 ] ], 
  [ [ 2, 0, -1, 0 ], [ 0, 2, 1, -3 ], [ 3, 0, -1, 0 ], [ 1, 1, 0, -1 ] ] ]),TheRotSubgroup:=Group([ [ [ -2, 0, 1, 0 ], [ 0, -2, -1, 3 ], [ -3, 0, 1, 0 ], [ -1, -1, 0, 1 ] ], 
  [ [ -1, 0, 0, 0 ], [ 0, -1, 0, 0 ], [ 0, 0, -1, 0 ], [ 0, 0, 0, -1 ] ], 
  [ [ -1, 0, 1, 0 ], [ 0, -1, -1, 3 ], [ -3, 0, 2, 0 ], [ -1, -1, 0, 2 ] ], 
  [ [ 1, 0, -1, 0 ], [ 0, 1, 1, -3 ], [ 3, 0, -2, 0 ], [ 1, 1, 0, -2 ] ], 
  [ [ 1, 0, 0, 0 ], [ 0, 1, 0, 0 ], [ 0, 0, 1, 0 ], [ 0, 0, 0, 1 ] ], 
  [ [ 2, 0, -1, 0 ], [ 0, 2, 1, -3 ], [ 3, 0, -1, 0 ], [ 1, 1, 0, -1 ] ] ]),BoundaryImage:=rec(ListIFace:=[  ],ListSign:=[  ],ListElt:=[  ])),rec(TheMatrixStab:=Group([ [ [ -1, 0, 0, 0 ], [ 0, -1, 0, 0 ], [ 0, 0, -1, 0 ], [ 0, 0, 0, -1 ] ], 
  [ [ 1, 0, 0, 0 ], [ 0, 1, 0, 0 ], [ 0, 0, 1, 0 ], [ 0, 0, 0, 1 ] ] ]),TheRotSubgroup:=Group([ [ [ -1, 0, 0, 0 ], [ 0, -1, 0, 0 ], [ 0, 0, -1, 0 ], [ 0, 0, 0, -1 ] ], 
  [ [ 1, 0, 0, 0 ], [ 0, 1, 0, 0 ], [ 0, 0, 1, 0 ], [ 0, 0, 0, 1 ] ] ]),BoundaryImage:=rec(ListIFace:=[  ],ListSign:=[  ],ListElt:=[  ])),rec(TheMatrixStab:=Group([ [ [ -1, -1, -1, 1 ], [ 17, -1, -5, -2 ], [ -7, -2, -1, 3 ], 
      [ 9, -3, -6, 1 ] ], 
  [ [ -1, 0, 0, 0 ], [ 0, -1, 0, 0 ], [ 0, 0, -1, 0 ], [ 0, 0, 0, -1 ] ], 
  [ [ 0, -1, -1, 1 ], [ 17, 0, -5, -2 ], [ -7, -2, 0, 3 ], [ 9, -3, -6, 2 ] ],
  [ [ 0, 1, 1, -1 ], [ -17, 0, 5, 2 ], [ 7, 2, 0, -3 ], [ -9, 3, 6, -2 ] ], 
  [ [ 1, 0, 0, 0 ], [ 0, 1, 0, 0 ], [ 0, 0, 1, 0 ], [ 0, 0, 0, 1 ] ], 
  [ [ 1, 1, 1, -1 ], [ -17, 1, 5, 2 ], [ 7, 2, 1, -3 ], [ -9, 3, 6, -1 ] ] ]),TheRotSubgroup:=Group([ [ [ -1, -1, -1, 1 ], [ 17, -1, -5, -2 ], [ -7, -2, -1, 3 ], 
      [ 9, -3, -6, 1 ] ], 
  [ [ -1, 0, 0, 0 ], [ 0, -1, 0, 0 ], [ 0, 0, -1, 0 ], [ 0, 0, 0, -1 ] ], 
  [ [ 0, -1, -1, 1 ], [ 17, 0, -5, -2 ], [ -7, -2, 0, 3 ], [ 9, -3, -6, 2 ] ],
  [ [ 0, 1, 1, -1 ], [ -17, 0, 5, 2 ], [ 7, 2, 0, -3 ], [ -9, 3, 6, -2 ] ], 
  [ [ 1, 0, 0, 0 ], [ 0, 1, 0, 0 ], [ 0, 0, 1, 0 ], [ 0, 0, 0, 1 ] ], 
  [ [ 1, 1, 1, -1 ], [ -17, 1, 5, 2 ], [ 7, 2, 1, -3 ], [ -9, 3, 6, -1 ] ] ]),BoundaryImage:=rec(ListIFace:=[  ],ListSign:=[  ],ListElt:=[  ]))],[rec(TheMatrixStab:=Group([ [ [ -2, 0, 1, 0 ], [ 0, -2, -1, 3 ], [ -3, 0, 1, 0 ], [ -1, -1, 0, 1 ] ], 
  [ [ -1, 0, 0, 0 ], [ 0, -1, 0, 0 ], [ 0, 0, -1, 0 ], [ 0, 0, 0, -1 ] ], 
  [ [ -1, 0, 1, 0 ], [ 0, -1, -1, 3 ], [ -3, 0, 2, 0 ], [ -1, -1, 0, 2 ] ], 
  [ [ 1, 0, -1, 0 ], [ 0, 1, 1, -3 ], [ 3, 0, -2, 0 ], [ 1, 1, 0, -2 ] ], 
  [ [ 1, 0, 0, 0 ], [ 0, 1, 0, 0 ], [ 0, 0, 1, 0 ], [ 0, 0, 0, 1 ] ], 
  [ [ 2, 0, -1, 0 ], [ 0, 2, 1, -3 ], [ 3, 0, -1, 0 ], [ 1, 1, 0, -1 ] ] ]),TheRotSubgroup:=Group([ [ [ -2, 0, 1, 0 ], [ 0, -2, -1, 3 ], [ -3, 0, 1, 0 ], [ -1, -1, 0, 1 ] ], 
  [ [ -1, 0, 0, 0 ], [ 0, -1, 0, 0 ], [ 0, 0, -1, 0 ], [ 0, 0, 0, -1 ] ], 
  [ [ -1, 0, 1, 0 ], [ 0, -1, -1, 3 ], [ -3, 0, 2, 0 ], [ -1, -1, 0, 2 ] ], 
  [ [ 1, 0, -1, 0 ], [ 0, 1, 1, -3 ], [ 3, 0, -2, 0 ], [ 1, 1, 0, -2 ] ], 
  [ [ 1, 0, 0, 0 ], [ 0, 1, 0, 0 ], [ 0, 0, 1, 0 ], [ 0, 0, 0, 1 ] ], 
  [ [ 2, 0, -1, 0 ], [ 0, 2, 1, -3 ], [ 3, 0, -1, 0 ], [ 1, 1, 0, -1 ] ] ]),BoundaryImage:=rec(ListIFace:=[ 1, 2 ],ListSign:=[ -1, 1 ],ListElt:=[ [ [ -1, 0, 1, 0 ], [ 0, -1, -1, 3 ], [ -3, 0, 2, 0 ], [ -1, -1, 0, 2 ] ], 
  [ [ -1, 0, 1, 0 ], [ 0, -1, -1, 3 ], [ -3, 0, 2, 0 ], [ -1, -1, 0, 2 ] ] ])),rec(TheMatrixStab:=Group([ [ [ -1, 0, 0, 0 ], [ 0, -1, 0, 0 ], [ 0, 0, -1, 0 ], [ 0, 0, 0, -1 ] ], 
  [ [ 1, 0, 0, 0 ], [ 0, 1, 0, 0 ], [ 0, 0, 1, 0 ], [ 0, 0, 0, 1 ] ] ]),TheRotSubgroup:=Group([ [ [ -1, 0, 0, 0 ], [ 0, -1, 0, 0 ], [ 0, 0, -1, 0 ], [ 0, 0, 0, -1 ] ], 
  [ [ 1, 0, 0, 0 ], [ 0, 1, 0, 0 ], [ 0, 0, 1, 0 ], [ 0, 0, 0, 1 ] ] ]),BoundaryImage:=rec(ListIFace:=[ 1, 3 ],ListSign:=[ -1, 1 ],ListElt:=[ [ [ 1, 0, 0, 0 ], [ 0, 1, 0, 0 ], [ 0, 0, 1, 0 ], [ 0, 0, 0, 1 ] ], 
  [ [ 1, 0, 0, 0 ], [ 0, 1, 0, 0 ], [ 0, 0, 1, 0 ], [ 0, 0, 0, 1 ] ] ])),rec(TheMatrixStab:=Group([ [ [ -1, 0, 0, 0 ], [ 0, -1, 0, 0 ], [ 0, 0, -1, 0 ], [ 0, 0, 0, -1 ] ], 
  [ [ 1, 0, 0, 0 ], [ 0, 1, 0, 0 ], [ 0, 0, 1, 0 ], [ 0, 0, 0, 1 ] ] ]),TheRotSubgroup:=Group([ [ [ -1, 0, 0, 0 ], [ 0, -1, 0, 0 ], [ 0, 0, -1, 0 ], [ 0, 0, 0, -1 ] ], 
  [ [ 1, 0, 0, 0 ], [ 0, 1, 0, 0 ], [ 0, 0, 1, 0 ], [ 0, 0, 0, 1 ] ] ]),BoundaryImage:=rec(ListIFace:=[ 1, 4 ],ListSign:=[ -1, 1 ],ListElt:=[ [ [ 1, 0, 0, 0 ], [ 0, 1, 0, 0 ], [ 0, 0, 1, 0 ], [ 0, 0, 0, 1 ] ], 
  [ [ 1, 0, 0, 0 ], [ 0, 1, 0, 0 ], [ 0, 0, 1, 0 ], [ 0, 0, 0, 1 ] ] ])),rec(TheMatrixStab:=Group([ [ [ -2, 0, 1, 0 ], [ 0, -2, -1, 3 ], [ -3, 0, 1, 0 ], [ -1, -1, 0, 1 ] ], 
  [ [ -2, 0, 1, 0 ], [ 0, -2, -1, 3 ], [ -3, 0, 2, 0 ], [ -1, -1, 0, 2 ] ], 
  [ [ -1, 0, 0, 0 ], [ 0, -1, 0, 0 ], [ -3, 0, 1, 0 ], [ -1, -1, 0, 1 ] ], 
  [ [ -1, 0, 0, 0 ], [ 0, -1, 0, 0 ], [ 0, 0, -1, 0 ], [ 0, 0, 0, -1 ] ], 
  [ [ -1, 0, 1, 0 ], [ 0, -1, -1, 3 ], [ -3, 0, 2, 0 ], [ -1, -1, 0, 2 ] ], 
  [ [ -1, 0, 1, 0 ], [ 0, -1, -1, 3 ], [ 0, 0, 1, 0 ], [ 0, 0, 0, 1 ] ], 
  [ [ 1, 0, -1, 0 ], [ 0, 1, 1, -3 ], [ 0, 0, -1, 0 ], [ 0, 0, 0, -1 ] ], 
  [ [ 1, 0, -1, 0 ], [ 0, 1, 1, -3 ], [ 3, 0, -2, 0 ], [ 1, 1, 0, -2 ] ], 
  [ [ 1, 0, 0, 0 ], [ 0, 1, 0, 0 ], [ 0, 0, 1, 0 ], [ 0, 0, 0, 1 ] ], 
  [ [ 1, 0, 0, 0 ], [ 0, 1, 0, 0 ], [ 3, 0, -1, 0 ], [ 1, 1, 0, -1 ] ], 
  [ [ 2, 0, -1, 0 ], [ 0, 2, 1, -3 ], [ 3, 0, -2, 0 ], [ 1, 1, 0, -2 ] ], 
  [ [ 2, 0, -1, 0 ], [ 0, 2, 1, -3 ], [ 3, 0, -1, 0 ], [ 1, 1, 0, -1 ] ] ]),TheRotSubgroup:=Group([ [ [ -2, 0, 1, 0 ], [ 0, -2, -1, 3 ], [ -3, 0, 1, 0 ], [ -1, -1, 0, 1 ] ], 
  [ [ -1, 0, 0, 0 ], [ 0, -1, 0, 0 ], [ 0, 0, -1, 0 ], [ 0, 0, 0, -1 ] ], 
  [ [ -1, 0, 1, 0 ], [ 0, -1, -1, 3 ], [ -3, 0, 2, 0 ], [ -1, -1, 0, 2 ] ], 
  [ [ 1, 0, -1, 0 ], [ 0, 1, 1, -3 ], [ 3, 0, -2, 0 ], [ 1, 1, 0, -2 ] ], 
  [ [ 1, 0, 0, 0 ], [ 0, 1, 0, 0 ], [ 0, 0, 1, 0 ], [ 0, 0, 0, 1 ] ], 
  [ [ 2, 0, -1, 0 ], [ 0, 2, 1, -3 ], [ 3, 0, -1, 0 ], [ 1, 1, 0, -1 ] ] ]),BoundaryImage:=rec(ListIFace:=[ 1, 1 ],ListSign:=[ -1, 1 ],ListElt:=[ [ [ -2, 0, 1, 0 ], [ 0, -2, -1, 3 ], [ -3, 0, 2, 0 ], [ -1, -1, 0, 2 ] ], 
  [ [ -1, 0, 1, 0 ], [ 0, -1, -1, 3 ], [ -3, 0, 2, 0 ], [ -1, -1, 0, 2 ] ] ])),rec(TheMatrixStab:=Group([ [ [ -1, 0, 0, 0 ], [ 0, -1, 0, 0 ], [ 0, 0, -1, 0 ], [ 0, 0, 0, -1 ] ], 
  [ [ 1, 0, 0, 0 ], [ 0, 1, 0, 0 ], [ 0, 0, 1, 0 ], [ 0, 0, 0, 1 ] ] ]),TheRotSubgroup:=Group([ [ [ -1, 0, 0, 0 ], [ 0, -1, 0, 0 ], [ 0, 0, -1, 0 ], [ 0, 0, 0, -1 ] ], 
  [ [ 1, 0, 0, 0 ], [ 0, 1, 0, 0 ], [ 0, 0, 1, 0 ], [ 0, 0, 0, 1 ] ] ]),BoundaryImage:=rec(ListIFace:=[ 2, 3 ],ListSign:=[ -1, 1 ],ListElt:=[ [ [ -1, 0, 1, 0 ], [ 0, -1, -1, 3 ], [ -3, 0, 2, 0 ], [ -1, -1, 0, 2 ] ], 
  [ [ -3, -1, -3, 1 ], [ 17, -3, -3, -8 ], [ -8, -1, -4, 3 ], 
      [ 3, -3, -6, -2 ] ] ])),rec(TheMatrixStab:=Group([ [ [ -1, 0, 0, 0 ], [ 0, -1, 0, 0 ], [ 0, 0, -1, 0 ], [ 0, 0, 0, -1 ] ], 
  [ [ 1, 0, 0, 0 ], [ 0, 1, 0, 0 ], [ 0, 0, 1, 0 ], [ 0, 0, 0, 1 ] ] ]),TheRotSubgroup:=Group([ [ [ -1, 0, 0, 0 ], [ 0, -1, 0, 0 ], [ 0, 0, -1, 0 ], [ 0, 0, 0, -1 ] ], 
  [ [ 1, 0, 0, 0 ], [ 0, 1, 0, 0 ], [ 0, 0, 1, 0 ], [ 0, 0, 0, 1 ] ] ]),BoundaryImage:=rec(ListIFace:=[ 2, 3 ],ListSign:=[ -1, 1 ],ListElt:=[ [ [ 1, 0, 0, 0 ], [ 0, 1, 0, 0 ], [ 0, 0, 1, 0 ], [ 0, 0, 0, 1 ] ], 
  [ [ 3, -2, -5, 2 ], [ 34, 3, -7, -13 ], [ -2, -4, -7, 6 ], 
      [ 22, -2, -12, -3 ] ] ])),rec(TheMatrixStab:=Group([ [ [ -2, 0, 1, 0 ], [ 0, -2, -1, 3 ], [ -3, 0, 1, 0 ], [ -1, -1, 0, 1 ] ], 
  [ [ -1, 0, 0, 0 ], [ 0, -1, 0, 0 ], [ 0, 0, -1, 0 ], [ 0, 0, 0, -1 ] ], 
  [ [ -1, 0, 1, 0 ], [ 0, -1, -1, 3 ], [ -3, 0, 2, 0 ], [ -1, -1, 0, 2 ] ], 
  [ [ 1, 0, -1, 0 ], [ 0, 1, 1, -3 ], [ 3, 0, -2, 0 ], [ 1, 1, 0, -2 ] ], 
  [ [ 1, 0, 0, 0 ], [ 0, 1, 0, 0 ], [ 0, 0, 1, 0 ], [ 0, 0, 0, 1 ] ], 
  [ [ 2, 0, -1, 0 ], [ 0, 2, 1, -3 ], [ 3, 0, -1, 0 ], [ 1, 1, 0, -1 ] ] ]),TheRotSubgroup:=Group([ [ [ -2, 0, 1, 0 ], [ 0, -2, -1, 3 ], [ -3, 0, 1, 0 ], [ -1, -1, 0, 1 ] ], 
  [ [ -1, 0, 0, 0 ], [ 0, -1, 0, 0 ], [ 0, 0, -1, 0 ], [ 0, 0, 0, -1 ] ], 
  [ [ -1, 0, 1, 0 ], [ 0, -1, -1, 3 ], [ -3, 0, 2, 0 ], [ -1, -1, 0, 2 ] ], 
  [ [ 1, 0, -1, 0 ], [ 0, 1, 1, -3 ], [ 3, 0, -2, 0 ], [ 1, 1, 0, -2 ] ], 
  [ [ 1, 0, 0, 0 ], [ 0, 1, 0, 0 ], [ 0, 0, 1, 0 ], [ 0, 0, 0, 1 ] ], 
  [ [ 2, 0, -1, 0 ], [ 0, 2, 1, -3 ], [ 3, 0, -1, 0 ], [ 1, 1, 0, -1 ] ] ]),BoundaryImage:=rec(ListIFace:=[ 2, 4 ],ListSign:=[ -1, 1 ],ListElt:=[ [ [ 1, 0, -1, 0 ], [ 0, 1, 1, -3 ], [ 3, 0, -2, 0 ], [ 1, 1, 0, -2 ] ], 
  [ [ 9, 0, -2, -1 ], [ 0, 9, 8, -7 ], [ 14, -2, -5, 0 ], [ 16, 4, 0, -5 ] ] ])),rec(TheMatrixStab:=Group([ [ [ -1, 0, 0, 0 ], [ 0, -1, 0, 0 ], [ 0, 0, -1, 0 ], [ 0, 0, 0, -1 ] ], 
  [ [ 1, 0, 0, 0 ], [ 0, 1, 0, 0 ], [ 0, 0, 1, 0 ], [ 0, 0, 0, 1 ] ] ]),TheRotSubgroup:=Group([ [ [ -1, 0, 0, 0 ], [ 0, -1, 0, 0 ], [ 0, 0, -1, 0 ], [ 0, 0, 0, -1 ] ], 
  [ [ 1, 0, 0, 0 ], [ 0, 1, 0, 0 ], [ 0, 0, 1, 0 ], [ 0, 0, 0, 1 ] ] ]),BoundaryImage:=rec(ListIFace:=[ 3, 3 ],ListSign:=[ -1, 1 ],ListElt:=[ [ [ 3, 0, -1, -1 ], [ 0, 3, 7, -4 ], [ 4, -1, -4, 0 ], [ 7, 1, 0, -4 ] ], 
  [ [ 1, 0, 0, 0 ], [ 0, 1, 0, 0 ], [ 0, 0, 1, 0 ], [ 0, 0, 0, 1 ] ] ])),rec(TheMatrixStab:=Group([ [ [ -1, 0, 0, 0 ], [ 0, -1, 0, 0 ], [ 0, 0, -1, 0 ], [ 0, 0, 0, -1 ] ], 
  [ [ 1, 0, 0, 0 ], [ 0, 1, 0, 0 ], [ 0, 0, 1, 0 ], [ 0, 0, 0, 1 ] ] ]),TheRotSubgroup:=Group([ [ [ -1, 0, 0, 0 ], [ 0, -1, 0, 0 ], [ 0, 0, -1, 0 ], [ 0, 0, 0, -1 ] ], 
  [ [ 1, 0, 0, 0 ], [ 0, 1, 0, 0 ], [ 0, 0, 1, 0 ], [ 0, 0, 0, 1 ] ] ]),BoundaryImage:=rec(ListIFace:=[ 3, 4 ],ListSign:=[ -1, 1 ],ListElt:=[ [ [ 1, 0, 0, 0 ], [ 0, 1, 0, 0 ], [ 0, 0, 1, 0 ], [ 0, 0, 0, 1 ] ], 
  [ [ 4, 0, -1, -1 ], [ 0, 4, 7, -4 ], [ 4, -1, -3, 0 ], [ 7, 1, 0, -3 ] ] ])),rec(TheMatrixStab:=Group([ [ [ -11, 1, 5, 1 ], [ -17, -11, -11, 16 ], [ -14, 5, 12, -3 ], 
      [ -33, -3, 6, 10 ] ], 
  [ [ -9, -2, 0, 4 ], [ 34, -9, -24, 4 ], [ -26, -1, 7, 6 ], 
      [ -3, -9, -12, 11 ] ], 
  [ [ -2, 3, 5, -3 ], [ -51, -2, 13, 12 ], [ 12, 6, 5, -9 ], 
      [ -30, 6, 18, -1 ] ], 
  [ [ -1, -1, -1, 1 ], [ 17, -1, -5, -2 ], [ -7, -2, -1, 3 ], 
      [ 9, -3, -6, 1 ] ], 
  [ [ -1, 0, 0, 0 ], [ 0, -1, 0, 0 ], [ 0, 0, -1, 0 ], [ 0, 0, 0, -1 ] ], 
  [ [ 0, -1, -1, 1 ], [ 17, 0, -5, -2 ], [ -7, -2, 0, 3 ], [ 9, -3, -6, 2 ] ],
  [ [ 0, 1, 1, -1 ], [ -17, 0, 5, 2 ], [ 7, 2, 0, -3 ], [ -9, 3, 6, -2 ] ], 
  [ [ 1, 0, 0, 0 ], [ 0, 1, 0, 0 ], [ 0, 0, 1, 0 ], [ 0, 0, 0, 1 ] ], 
  [ [ 1, 1, 1, -1 ], [ -17, 1, 5, 2 ], [ 7, 2, 1, -3 ], [ -9, 3, 6, -1 ] ], 
  [ [ 2, -3, -5, 3 ], [ 51, 2, -13, -12 ], [ -12, -6, -5, 9 ], 
      [ 30, -6, -18, 1 ] ], 
  [ [ 9, 2, 0, -4 ], [ -34, 9, 24, -4 ], [ 26, 1, -7, -6 ], [ 3, 9, 12, -11 ] 
     ], 
  [ [ 11, -1, -5, -1 ], [ 17, 11, 11, -16 ], [ 14, -5, -12, 3 ], 
      [ 33, 3, -6, -10 ] ] ]),TheRotSubgroup:=Group([ [ [ -1, -1, -1, 1 ], [ 17, -1, -5, -2 ], [ -7, -2, -1, 3 ], 
      [ 9, -3, -6, 1 ] ], 
  [ [ -1, 0, 0, 0 ], [ 0, -1, 0, 0 ], [ 0, 0, -1, 0 ], [ 0, 0, 0, -1 ] ], 
  [ [ 0, -1, -1, 1 ], [ 17, 0, -5, -2 ], [ -7, -2, 0, 3 ], [ 9, -3, -6, 2 ] ],
  [ [ 0, 1, 1, -1 ], [ -17, 0, 5, 2 ], [ 7, 2, 0, -3 ], [ -9, 3, 6, -2 ] ], 
  [ [ 1, 0, 0, 0 ], [ 0, 1, 0, 0 ], [ 0, 0, 1, 0 ], [ 0, 0, 0, 1 ] ], 
  [ [ 1, 1, 1, -1 ], [ -17, 1, 5, 2 ], [ 7, 2, 1, -3 ], [ -9, 3, 6, -1 ] ] ]),BoundaryImage:=rec(ListIFace:=[ 4, 4 ],ListSign:=[ -1, 1 ],ListElt:=[ [ [ -2, 3, 5, -3 ], [ -51, -2, 13, 12 ], [ 12, 6, 5, -9 ], 
      [ -30, 6, 18, -1 ] ], 
  [ [ 0, -1, -1, 1 ], [ 17, 0, -5, -2 ], [ -7, -2, 0, 3 ], [ 9, -3, -6, 2 ] ] 
 ]))],[rec(TheMatrixStab:=Group([ [ [ -8, 0, 3, 2 ], [ 0, -8, -15, 11 ], [ -11, 2, 8, 0 ], [ -15, -3, 0, 8 ] ]
    , [ [ -1, 0, 0, 0 ], [ 0, -1, 0, 0 ], [ 0, 0, -1, 0 ], [ 0, 0, 0, -1 ] ], 
  [ [ 1, 0, 0, 0 ], [ 0, 1, 0, 0 ], [ 0, 0, 1, 0 ], [ 0, 0, 0, 1 ] ], 
  [ [ 8, 0, -3, -2 ], [ 0, 8, 15, -11 ], [ 11, -2, -8, 0 ], [ 15, 3, 0, -8 ] 
     ] ]),TheRotSubgroup:=Group([ [ [ -8, 0, 3, 2 ], [ 0, -8, -15, 11 ], [ -11, 2, 8, 0 ], [ -15, -3, 0, 8 ] ]
    , [ [ -1, 0, 0, 0 ], [ 0, -1, 0, 0 ], [ 0, 0, -1, 0 ], [ 0, 0, 0, -1 ] ], 
  [ [ 1, 0, 0, 0 ], [ 0, 1, 0, 0 ], [ 0, 0, 1, 0 ], [ 0, 0, 0, 1 ] ], 
  [ [ 8, 0, -3, -2 ], [ 0, 8, 15, -11 ], [ 11, -2, -8, 0 ], [ 15, 3, 0, -8 ] 
     ] ]),BoundaryImage:=rec(ListIFace:=[ 1, 2, 6, 6, 1, 2 ],ListSign:=[ 1, -1, 1, 1, 1, -1 ],ListElt:=[ [ [ 2, 0, -1, 0 ], [ 0, 2, 1, -3 ], [ 3, 0, -1, 0 ], [ 1, 1, 0, -1 ] ], 
  [ [ -1, 0, 0, 0 ], [ 0, -1, 0, 0 ], [ 0, 0, -1, 0 ], [ 0, 0, 0, -1 ] ], 
  [ [ -5, 2, 5, -2 ], [ -34, -5, 7, 13 ], [ 2, 4, 5, -6 ], [ -22, 2, 12, 1 ] ]
    , [ [ 2, 0, -1, 0 ], [ 0, 2, 1, -3 ], [ 3, 0, -1, 0 ], [ 1, 1, 0, -1 ] ], 
  [ [ 5, -2, -5, 2 ], [ 34, 5, -7, -13 ], [ -2, -4, -5, 6 ], 
      [ 22, -2, -12, -1 ] ], 
  [ [ 8, 0, -3, -2 ], [ 0, 8, 15, -11 ], [ 11, -2, -8, 0 ], [ 15, 3, 0, -8 ] 
     ] ])),rec(TheMatrixStab:=Group([ [ [ -5, 4, 8, -4 ], [ -68, -5, 16, 20 ], [ 10, 8, 9, -12 ], 
      [ -42, 6, 24, 1 ] ], 
  [ [ -1, 0, 0, 0 ], [ 0, -1, 0, 0 ], [ 0, 0, -1, 0 ], [ 0, 0, 0, -1 ] ], 
  [ [ 1, 0, 0, 0 ], [ 0, 1, 0, 0 ], [ 0, 0, 1, 0 ], [ 0, 0, 0, 1 ] ], 
  [ [ 5, -4, -8, 4 ], [ 68, 5, -16, -20 ], [ -10, -8, -9, 12 ], 
      [ 42, -6, -24, -1 ] ] ]),TheRotSubgroup:=Group([ [ [ -5, 4, 8, -4 ], [ -68, -5, 16, 20 ], [ 10, 8, 9, -12 ], 
      [ -42, 6, 24, 1 ] ], 
  [ [ -1, 0, 0, 0 ], [ 0, -1, 0, 0 ], [ 0, 0, -1, 0 ], [ 0, 0, 0, -1 ] ], 
  [ [ 1, 0, 0, 0 ], [ 0, 1, 0, 0 ], [ 0, 0, 1, 0 ], [ 0, 0, 0, 1 ] ], 
  [ [ 5, -4, -8, 4 ], [ 68, 5, -16, -20 ], [ -10, -8, -9, 12 ], 
      [ 42, -6, -24, -1 ] ] ]),BoundaryImage:=rec(ListIFace:=[ 1, 5, 3, 10, 9, 5, 9, 10, 3, 1 ],ListSign:=[ 1, 1, -1, 1, 1, 1, 1, 1, -1, 1 ],ListElt:=[ [ [ -1, 0, 1, 0 ], [ 0, -1, -1, 3 ], [ -3, 0, 2, 0 ], [ -1, -1, 0, 2 ] ], 
  [ [ -2, 0, 1, 0 ], [ 0, -2, -1, 3 ], [ -3, 0, 1, 0 ], [ -1, -1, 0, 1 ] ], 
  [ [ 1, 0, 0, 0 ], [ 0, 1, 0, 0 ], [ 0, 0, 1, 0 ], [ 0, 0, 0, 1 ] ], 
  [ [ 0, 1, 1, -1 ], [ -17, 0, 5, 2 ], [ 7, 2, 0, -3 ], [ -9, 3, 6, -2 ] ], 
  [ [ 6, 1, 2, -3 ], [ -17, 6, 16, 3 ], [ 15, 0, -1, -6 ], [ 5, 5, 12, -5 ] ],
  [ [ -10, -4, -1, 8 ], [ 68, -10, -47, 5 ], [ -35, -4, 11, 12 ], 
      [ 11, -13, -24, 19 ] ], 
  [ [ 2, -1, -2, -1 ], [ 17, 2, 8, -7 ], [ -1, -2, -5, 0 ], [ 11, -1, 0, -5 ] 
     ], 
  [ [ -24, 1, 9, 3 ], [ -17, -24, -27, 30 ], [ -35, 8, 22, -3 ], 
      [ -57, -9, 6, 20 ] ], 
  [ [ 5, -4, -8, 4 ], [ 68, 5, -16, -20 ], [ -10, -8, -9, 12 ], 
      [ 42, -6, -24, -1 ] ], 
  [ [ -5, 4, 8, -4 ], [ -68, -5, 16, 20 ], [ 10, 8, 9, -12 ], 
      [ -42, 6, 24, 1 ] ] ])),rec(TheMatrixStab:=Group([ [ [ -1, 0, 0, 0 ], [ 0, -1, 0, 0 ], [ 0, 0, -1, 0 ], [ 0, 0, 0, -1 ] ], 
  [ [ 1, 0, 0, 0 ], [ 0, 1, 0, 0 ], [ 0, 0, 1, 0 ], [ 0, 0, 0, 1 ] ] ]),TheRotSubgroup:=Group([ [ [ -1, 0, 0, 0 ], [ 0, -1, 0, 0 ], [ 0, 0, -1, 0 ], [ 0, 0, 0, -1 ] ], 
  [ [ 1, 0, 0, 0 ], [ 0, 1, 0, 0 ], [ 0, 0, 1, 0 ], [ 0, 0, 0, 1 ] ] ]),BoundaryImage:=rec(ListIFace:=[ 2, 8, 3, 9 ],ListSign:=[ 1, -1, -1, 1 ],ListElt:=[ [ [ 1, 0, 0, 0 ], [ 0, 1, 0, 0 ], [ 0, 0, 1, 0 ], [ 0, 0, 0, 1 ] ], 
  [ [ 1, 0, 0, 0 ], [ 0, 1, 0, 0 ], [ 0, 0, 1, 0 ], [ 0, 0, 0, 1 ] ], 
  [ [ 1, 0, 0, 0 ], [ 0, 1, 0, 0 ], [ 0, 0, 1, 0 ], [ 0, 0, 0, 1 ] ], 
  [ [ -3, 0, 1, 1 ], [ 0, -3, -7, 4 ], [ -4, 1, 4, 0 ], [ -7, -1, 0, 4 ] ] ])),rec(TheMatrixStab:=Group([ [ [ -1, 0, 0, 0 ], [ 0, -1, 0, 0 ], [ 0, 0, -1, 0 ], [ 0, 0, 0, -1 ] ], 
  [ [ 1, 0, 0, 0 ], [ 0, 1, 0, 0 ], [ 0, 0, 1, 0 ], [ 0, 0, 0, 1 ] ] ]),TheRotSubgroup:=Group([ [ [ -1, 0, 0, 0 ], [ 0, -1, 0, 0 ], [ 0, 0, -1, 0 ], [ 0, 0, 0, -1 ] ], 
  [ [ 1, 0, 0, 0 ], [ 0, 1, 0, 0 ], [ 0, 0, 1, 0 ], [ 0, 0, 0, 1 ] ] ]),BoundaryImage:=rec(ListIFace:=[ 2, 8, 9, 3 ],ListSign:=[ 1, 1, 1, -1 ],ListElt:=[ [ [ 1, 0, 0, 0 ], [ 0, 1, 0, 0 ], [ 0, 0, 1, 0 ], [ 0, 0, 0, 1 ] ], 
  [ [ -4, 0, 1, 1 ], [ 0, -4, -7, 4 ], [ -4, 1, 3, 0 ], [ -7, -1, 0, 3 ] ], 
  [ [ -4, 0, 1, 1 ], [ 0, -4, -7, 4 ], [ -4, 1, 3, 0 ], [ -7, -1, 0, 3 ] ], 
  [ [ 2, 0, -1, 0 ], [ 0, 2, 1, -3 ], [ 3, 0, -1, 0 ], [ 1, 1, 0, -1 ] ] ])),rec(TheMatrixStab:=Group([ [ [ -1, 0, 0, 0 ], [ 0, -1, 0, 0 ], [ 0, 0, -1, 0 ], [ 0, 0, 0, -1 ] ], 
  [ [ -1, 0, 0, 0 ], [ 0, -1, 0, 0 ], [ 0, 0, 1, 0 ], [ 0, 0, 0, 1 ] ], 
  [ [ 1, 0, 0, 0 ], [ 0, 1, 0, 0 ], [ 0, 0, -1, 0 ], [ 0, 0, 0, -1 ] ], 
  [ [ 1, 0, 0, 0 ], [ 0, 1, 0, 0 ], [ 0, 0, 1, 0 ], [ 0, 0, 0, 1 ] ] ]),TheRotSubgroup:=Group([ [ [ -1, 0, 0, 0 ], [ 0, -1, 0, 0 ], [ 0, 0, -1, 0 ], [ 0, 0, 0, -1 ] ], 
  [ [ -1, 0, 0, 0 ], [ 0, -1, 0, 0 ], [ 0, 0, 1, 0 ], [ 0, 0, 0, 1 ] ], 
  [ [ 1, 0, 0, 0 ], [ 0, 1, 0, 0 ], [ 0, 0, -1, 0 ], [ 0, 0, 0, -1 ] ], 
  [ [ 1, 0, 0, 0 ], [ 0, 1, 0, 0 ], [ 0, 0, 1, 0 ], [ 0, 0, 0, 1 ] ] ]),BoundaryImage:=rec(ListIFace:=[ 2, 4, 5, 7, 3, 3, 4, 2, 7, 5 ],ListSign:=[ 1, -1, -1, 1, -1, -1, 1, 1, 1, -1 ],ListElt:=[ [ [ 1, 0, 0, 0 ], [ 0, 1, 0, 0 ], [ 0, 0, 1, 0 ], [ 0, 0, 0, 1 ] ], 
  [ [ 1, 0, 0, 0 ], [ 0, 1, 0, 0 ], [ 3, 0, -1, 0 ], [ 1, 1, 0, -1 ] ], 
  [ [ 3, -1, -3, 1 ], [ 17, 3, -3, -8 ], [ -8, -1, 2, 3 ], [ 3, -3, -6, 4 ] ],
  [ [ 5, 0, -2, -1 ], [ 0, 5, 8, -7 ], [ -1, -2, -3, 3 ], [ 11, -1, -6, -1 ] ]
    , [ [ -1, 0, 0, 0 ], [ 0, -1, 0, 0 ], [ 3, 0, -1, 0 ], [ 1, 1, 0, -1 ] ], 
  [ [ 1, 0, 0, 0 ], [ 0, 1, 0, 0 ], [ 3, 0, -1, 0 ], [ 1, 1, 0, -1 ] ], 
  [ [ 1, 0, -1, 0 ], [ 0, 1, 1, -3 ], [ -3, 0, 2, 0 ], [ -1, -1, 0, 2 ] ], 
  [ [ -1, 0, 0, 0 ], [ 0, -1, 0, 0 ], [ 0, 0, 1, 0 ], [ 0, 0, 0, 1 ] ], 
  [ [ -2, -1, -1, 2 ], [ 17, -2, -11, -1 ], [ 7, -1, -5, 0 ], [ 8, 2, 0, -5 ] 
     ], 
  [ [ -3, 1, 3, -1 ], [ -17, -3, 3, 8 ], [ -8, -1, 2, 3 ], [ 3, -3, -6, 4 ] ] 
 ])),rec(TheMatrixStab:=Group([ [ [ -7, 6, 12, -8 ], [ -102, -7, 36, 28 ], [ 7, 11, 13, -18 ], 
      [ -60, 6, 36, 1 ] ], 
  [ [ -1, 0, 0, 0 ], [ 0, -1, 0, 0 ], [ 0, 0, -1, 0 ], [ 0, 0, 0, -1 ] ], 
  [ [ 1, 0, 0, 0 ], [ 0, 1, 0, 0 ], [ 0, 0, 1, 0 ], [ 0, 0, 0, 1 ] ], 
  [ [ 7, -6, -12, 8 ], [ 102, 7, -36, -28 ], [ -7, -11, -13, 18 ], 
      [ 60, -6, -36, -1 ] ] ]),TheRotSubgroup:=Group([ [ [ -7, 6, 12, -8 ], [ -102, -7, 36, 28 ], [ 7, 11, 13, -18 ], 
      [ -60, 6, 36, 1 ] ], 
  [ [ -1, 0, 0, 0 ], [ 0, -1, 0, 0 ], [ 0, 0, -1, 0 ], [ 0, 0, 0, -1 ] ], 
  [ [ 1, 0, 0, 0 ], [ 0, 1, 0, 0 ], [ 0, 0, 1, 0 ], [ 0, 0, 0, 1 ] ], 
  [ [ 7, -6, -12, 8 ], [ 102, 7, -36, -28 ], [ -7, -11, -13, 18 ], 
      [ 60, -6, -36, -1 ] ] ]),BoundaryImage:=rec(ListIFace:=[ 5, 6, 8, 6, 8, 5 ],ListSign:=[ 1, -1, 1, -1, 1, 1 ],ListElt:=[ [ [ -1, 0, 0, 0 ], [ 0, -1, 0, 0 ], [ 0, 0, -1, 0 ], [ 0, 0, 0, -1 ] ], 
  [ [ -1, 0, 0, 0 ], [ 0, -1, 0, 0 ], [ 0, 0, -1, 0 ], [ 0, 0, 0, -1 ] ], 
  [ [ -17, 0, 5, 4 ], [ 0, -17, -29, 19 ], [ -27, 3, 13, 3 ], 
      [ -26, -8, -6, 15 ] ], 
  [ [ 7, -6, -12, 8 ], [ 102, 7, -36, -28 ], [ -7, -11, -13, 18 ], 
      [ 60, -6, -36, -1 ] ], 
  [ [ 3, -2, -5, 2 ], [ 34, 3, -7, -13 ], [ -2, -4, -7, 6 ], 
      [ 22, -2, -12, -3 ] ], 
  [ [ 7, -6, -12, 8 ], [ 102, 7, -36, -28 ], [ -7, -11, -13, 18 ], 
      [ 60, -6, -36, -1 ] ] ])),rec(TheMatrixStab:=Group([ [ [ -7, -6, -6, 11 ], [ 102, -7, -60, -7 ], [ -28, -8, 1, 18 ], 
      [ 36, -12, -36, 13 ] ], 
  [ [ -1, 0, 0, 0 ], [ 0, -1, 0, 0 ], [ 0, 0, -1, 0 ], [ 0, 0, 0, -1 ] ], 
  [ [ 1, 0, 0, 0 ], [ 0, 1, 0, 0 ], [ 0, 0, 1, 0 ], [ 0, 0, 0, 1 ] ], 
  [ [ 7, 6, 6, -11 ], [ -102, 7, 60, 7 ], [ 28, 8, -1, -18 ], 
      [ -36, 12, 36, -13 ] ] ]),TheRotSubgroup:=Group([ [ [ -7, -6, -6, 11 ], [ 102, -7, -60, -7 ], [ -28, -8, 1, 18 ], 
      [ 36, -12, -36, 13 ] ], 
  [ [ -1, 0, 0, 0 ], [ 0, -1, 0, 0 ], [ 0, 0, -1, 0 ], [ 0, 0, 0, -1 ] ], 
  [ [ 1, 0, 0, 0 ], [ 0, 1, 0, 0 ], [ 0, 0, 1, 0 ], [ 0, 0, 0, 1 ] ], 
  [ [ 7, 6, 6, -11 ], [ -102, 7, 60, 7 ], [ 28, 8, -1, -18 ], 
      [ -36, 12, 36, -13 ] ] ]),BoundaryImage:=rec(ListIFace:=[ 5, 8, 6, 5, 6, 8 ],ListSign:=[ 1, -1, -1, 1, -1, -1 ],ListElt:=[ [ [ 1, 0, 0, 0 ], [ 0, 1, 0, 0 ], [ 0, 0, 1, 0 ], [ 0, 0, 0, 1 ] ], 
  [ [ -3, -1, -3, 1 ], [ 17, -3, -3, -8 ], [ -8, -1, -4, 3 ], 
      [ 3, -3, -6, -2 ] ], 
  [ [ 14, -5, -13, 4 ], [ 85, 14, -11, -35 ], [ 7, -10, -18, 12 ], 
      [ 59, -1, -24, -10 ] ], 
  [ [ -7, -6, -6, 11 ], [ 102, -7, -60, -7 ], [ -28, -8, 1, 18 ], 
      [ 36, -12, -36, 13 ] ], 
  [ [ -1, 0, 1, 0 ], [ 0, -1, -1, 3 ], [ -3, 0, 2, 0 ], [ -1, -1, 0, 2 ] ], 
  [ [ 0, -2, -3, 1 ], [ 34, 0, -3, -8 ], [ -6, -3, -4, 3 ], 
      [ 15, -3, -6, -2 ] ] ])),rec(TheMatrixStab:=Group([ [ [ -14, -5, -2, 10 ], [ 85, -14, -58, 4 ], [ -40, -5, 9, 15 ], 
      [ 15, -15, -30, 19 ] ], 
  [ [ -1, 0, 0, 0 ], [ 0, -1, 0, 0 ], [ 0, 0, -1, 0 ], [ 0, 0, 0, -1 ] ], 
  [ [ 1, 0, 0, 0 ], [ 0, 1, 0, 0 ], [ 0, 0, 1, 0 ], [ 0, 0, 0, 1 ] ], 
  [ [ 14, 5, 2, -10 ], [ -85, 14, 58, -4 ], [ 40, 5, -9, -15 ], 
      [ -15, 15, 30, -19 ] ] ]),TheRotSubgroup:=Group([ [ [ -14, -5, -2, 10 ], [ 85, -14, -58, 4 ], [ -40, -5, 9, 15 ], 
      [ 15, -15, -30, 19 ] ], 
  [ [ -1, 0, 0, 0 ], [ 0, -1, 0, 0 ], [ 0, 0, -1, 0 ], [ 0, 0, 0, -1 ] ], 
  [ [ 1, 0, 0, 0 ], [ 0, 1, 0, 0 ], [ 0, 0, 1, 0 ], [ 0, 0, 0, 1 ] ], 
  [ [ 14, 5, 2, -10 ], [ -85, 14, 58, -4 ], [ 40, 5, -9, -15 ], 
      [ -15, 15, 30, -19 ] ] ]),BoundaryImage:=rec(ListIFace:=[ 6, 9, 7, 7, 9, 6 ],ListSign:=[ 1, 1, -1, -1, 1, 1 ],ListElt:=[ [ [ 1, 0, 0, 0 ], [ 0, 1, 0, 0 ], [ 0, 0, 1, 0 ], [ 0, 0, 0, 1 ] ], 
  [ [ 3, -2, -5, 2 ], [ 34, 3, -7, -13 ], [ -2, -4, -7, 6 ], 
      [ 22, -2, -12, -3 ] ], 
  [ [ -2, 0, 1, 0 ], [ 0, -2, -1, 3 ], [ -3, 0, 1, 0 ], [ -1, -1, 0, 1 ] ], 
  [ [ -24, 0, 11, 5 ], [ 0, -24, -41, 38 ], [ -38, 5, 26, 0 ], 
      [ -41, -11, 0, 26 ] ], 
  [ [ 12, 1, -1, -5 ], [ -17, 12, 31, -8 ], [ 22, -1, -8, -6 ], 
      [ 13, 7, 12, -12 ] ], 
  [ [ 14, 5, 2, -10 ], [ -85, 14, 58, -4 ], [ 40, 5, -9, -15 ], 
      [ -15, 15, 30, -19 ] ] ]))]];