HAP_GCOMPLEX_SETUP:=[false]; 
HAP_GCOMPLEX_LIST:=[[rec(TheMatrixStab:=Group([ [ [ -1, 0, 0, 0 ], [ 0, -1, 0, 0 ], [ 0, 0, -1, 0 ], [ 0, 0, 0, -1 ] ], 
  [ [ -1, 0, 0, 1 ], [ 0, -1, -2, 1 ], [ -1, 1, 1, 0 ], [ -2, 0, 0, 1 ] ], 
  [ [ -1, 0, 1, 0 ], [ 0, -1, 0, 1 ], [ -1, 0, 0, 0 ], [ 0, -1, 0, 0 ] ], 
  [ [ -1, 1, 1, 0 ], [ -2, 0, 0, 1 ], [ 0, 1, 1, -1 ], [ -2, 1, 2, 0 ] ], 
  [ [ 0, -1, -1, 1 ], [ 2, -1, -2, 0 ], [ -1, 0, 0, 1 ], [ 0, -1, -2, 1 ] ], 
  [ [ 0, 0, -1, 0 ], [ 0, 0, 0, -1 ], [ 1, 0, -1, 0 ], [ 0, 1, 0, -1 ] ], 
  [ [ 0, 0, 1, 0 ], [ 0, 0, 0, 1 ], [ -1, 0, 1, 0 ], [ 0, -1, 0, 1 ] ], 
  [ [ 0, 1, 1, -1 ], [ -2, 1, 2, 0 ], [ 1, 0, 0, -1 ], [ 0, 1, 2, -1 ] ], 
  [ [ 1, -1, -1, 0 ], [ 2, 0, 0, -1 ], [ 0, -1, -1, 1 ], [ 2, -1, -2, 0 ] ], 
  [ [ 1, 0, -1, 0 ], [ 0, 1, 0, -1 ], [ 1, 0, 0, 0 ], [ 0, 1, 0, 0 ] ], 
  [ [ 1, 0, 0, -1 ], [ 0, 1, 2, -1 ], [ 1, -1, -1, 0 ], [ 2, 0, 0, -1 ] ], 
  [ [ 1, 0, 0, 0 ], [ 0, 1, 0, 0 ], [ 0, 0, 1, 0 ], [ 0, 0, 0, 1 ] ] ]),TheRotSubgroup:=Group([ [ [ -1, 0, 0, 0 ], [ 0, -1, 0, 0 ], [ 0, 0, -1, 0 ], [ 0, 0, 0, -1 ] ], 
  [ [ -1, 0, 0, 1 ], [ 0, -1, -2, 1 ], [ -1, 1, 1, 0 ], [ -2, 0, 0, 1 ] ], 
  [ [ -1, 0, 1, 0 ], [ 0, -1, 0, 1 ], [ -1, 0, 0, 0 ], [ 0, -1, 0, 0 ] ], 
  [ [ -1, 1, 1, 0 ], [ -2, 0, 0, 1 ], [ 0, 1, 1, -1 ], [ -2, 1, 2, 0 ] ], 
  [ [ 0, -1, -1, 1 ], [ 2, -1, -2, 0 ], [ -1, 0, 0, 1 ], [ 0, -1, -2, 1 ] ], 
  [ [ 0, 0, -1, 0 ], [ 0, 0, 0, -1 ], [ 1, 0, -1, 0 ], [ 0, 1, 0, -1 ] ], 
  [ [ 0, 0, 1, 0 ], [ 0, 0, 0, 1 ], [ -1, 0, 1, 0 ], [ 0, -1, 0, 1 ] ], 
  [ [ 0, 1, 1, -1 ], [ -2, 1, 2, 0 ], [ 1, 0, 0, -1 ], [ 0, 1, 2, -1 ] ], 
  [ [ 1, -1, -1, 0 ], [ 2, 0, 0, -1 ], [ 0, -1, -1, 1 ], [ 2, -1, -2, 0 ] ], 
  [ [ 1, 0, -1, 0 ], [ 0, 1, 0, -1 ], [ 1, 0, 0, 0 ], [ 0, 1, 0, 0 ] ], 
  [ [ 1, 0, 0, -1 ], [ 0, 1, 2, -1 ], [ 1, -1, -1, 0 ], [ 2, 0, 0, -1 ] ], 
  [ [ 1, 0, 0, 0 ], [ 0, 1, 0, 0 ], [ 0, 0, 1, 0 ], [ 0, 0, 0, 1 ] ] ]),BoundaryImage:=rec(ListIFace:=[  ],ListSign:=[  ],ListElt:=[  ])),rec(TheMatrixStab:=Group([ [ [ -6, 0, 1, 4 ], [ 0, -6, -8, 5 ], [ -5, 4, 6, 0 ], [ -8, -1, 0, 6 ] ], 
  [ [ -5, 4, 6, 0 ], [ -8, -1, 0, 6 ], [ 1, 4, 5, -4 ], [ -8, 5, 8, 1 ] ], 
  [ [ -1, -4, -5, 4 ], [ 8, -5, -8, -1 ], [ -6, 0, 1, 4 ], [ 0, -6, -8, 5 ] ],
  [ [ -1, 0, 0, 0 ], [ 0, -1, 0, 0 ], [ 0, 0, -1, 0 ], [ 0, 0, 0, -1 ] ], 
  [ [ -1, 0, 1, 0 ], [ 0, -1, 0, 1 ], [ -1, 0, 0, 0 ], [ 0, -1, 0, 0 ] ], 
  [ [ 0, 0, -1, 0 ], [ 0, 0, 0, -1 ], [ 1, 0, -1, 0 ], [ 0, 1, 0, -1 ] ], 
  [ [ 0, 0, 1, 0 ], [ 0, 0, 0, 1 ], [ -1, 0, 1, 0 ], [ 0, -1, 0, 1 ] ], 
  [ [ 1, 0, -1, 0 ], [ 0, 1, 0, -1 ], [ 1, 0, 0, 0 ], [ 0, 1, 0, 0 ] ], 
  [ [ 1, 0, 0, 0 ], [ 0, 1, 0, 0 ], [ 0, 0, 1, 0 ], [ 0, 0, 0, 1 ] ], 
  [ [ 1, 4, 5, -4 ], [ -8, 5, 8, 1 ], [ 6, 0, -1, -4 ], [ 0, 6, 8, -5 ] ], 
  [ [ 5, -4, -6, 0 ], [ 8, 1, 0, -6 ], [ -1, -4, -5, 4 ], [ 8, -5, -8, -1 ] ],
  [ [ 6, 0, -1, -4 ], [ 0, 6, 8, -5 ], [ 5, -4, -6, 0 ], [ 8, 1, 0, -6 ] ] ]),TheRotSubgroup:=Group([ [ [ -6, 0, 1, 4 ], [ 0, -6, -8, 5 ], [ -5, 4, 6, 0 ], [ -8, -1, 0, 6 ] ], 
  [ [ -5, 4, 6, 0 ], [ -8, -1, 0, 6 ], [ 1, 4, 5, -4 ], [ -8, 5, 8, 1 ] ], 
  [ [ -1, -4, -5, 4 ], [ 8, -5, -8, -1 ], [ -6, 0, 1, 4 ], [ 0, -6, -8, 5 ] ],
  [ [ -1, 0, 0, 0 ], [ 0, -1, 0, 0 ], [ 0, 0, -1, 0 ], [ 0, 0, 0, -1 ] ], 
  [ [ -1, 0, 1, 0 ], [ 0, -1, 0, 1 ], [ -1, 0, 0, 0 ], [ 0, -1, 0, 0 ] ], 
  [ [ 0, 0, -1, 0 ], [ 0, 0, 0, -1 ], [ 1, 0, -1, 0 ], [ 0, 1, 0, -1 ] ], 
  [ [ 0, 0, 1, 0 ], [ 0, 0, 0, 1 ], [ -1, 0, 1, 0 ], [ 0, -1, 0, 1 ] ], 
  [ [ 1, 0, -1, 0 ], [ 0, 1, 0, -1 ], [ 1, 0, 0, 0 ], [ 0, 1, 0, 0 ] ], 
  [ [ 1, 0, 0, 0 ], [ 0, 1, 0, 0 ], [ 0, 0, 1, 0 ], [ 0, 0, 0, 1 ] ], 
  [ [ 1, 4, 5, -4 ], [ -8, 5, 8, 1 ], [ 6, 0, -1, -4 ], [ 0, 6, 8, -5 ] ], 
  [ [ 5, -4, -6, 0 ], [ 8, 1, 0, -6 ], [ -1, -4, -5, 4 ], [ 8, -5, -8, -1 ] ],
  [ [ 6, 0, -1, -4 ], [ 0, 6, 8, -5 ], [ 5, -4, -6, 0 ], [ 8, 1, 0, -6 ] ] ]),BoundaryImage:=rec(ListIFace:=[  ],ListSign:=[  ],ListElt:=[  ]))],[rec(TheMatrixStab:=Group([ [ [ -1, 0, 0, 0 ], [ 0, -1, 0, 0 ], [ 0, 0, -1, 0 ], [ 0, 0, 0, -1 ] ], 
  [ [ -1, 0, 1, 0 ], [ 0, -1, 0, 1 ], [ -1, 0, 0, 0 ], [ 0, -1, 0, 0 ] ], 
  [ [ 0, 0, -1, 0 ], [ 0, 0, 0, -1 ], [ 1, 0, -1, 0 ], [ 0, 1, 0, -1 ] ], 
  [ [ 0, 0, 1, 0 ], [ 0, 0, 0, 1 ], [ -1, 0, 1, 0 ], [ 0, -1, 0, 1 ] ], 
  [ [ 1, 0, -1, 0 ], [ 0, 1, 0, -1 ], [ 1, 0, 0, 0 ], [ 0, 1, 0, 0 ] ], 
  [ [ 1, 0, 0, 0 ], [ 0, 1, 0, 0 ], [ 0, 0, 1, 0 ], [ 0, 0, 0, 1 ] ] ]),TheRotSubgroup:=Group([ [ [ -1, 0, 0, 0 ], [ 0, -1, 0, 0 ], [ 0, 0, -1, 0 ], [ 0, 0, 0, -1 ] ], 
  [ [ -1, 0, 1, 0 ], [ 0, -1, 0, 1 ], [ -1, 0, 0, 0 ], [ 0, -1, 0, 0 ] ], 
  [ [ 0, 0, -1, 0 ], [ 0, 0, 0, -1 ], [ 1, 0, -1, 0 ], [ 0, 1, 0, -1 ] ], 
  [ [ 0, 0, 1, 0 ], [ 0, 0, 0, 1 ], [ -1, 0, 1, 0 ], [ 0, -1, 0, 1 ] ], 
  [ [ 1, 0, -1, 0 ], [ 0, 1, 0, -1 ], [ 1, 0, 0, 0 ], [ 0, 1, 0, 0 ] ], 
  [ [ 1, 0, 0, 0 ], [ 0, 1, 0, 0 ], [ 0, 0, 1, 0 ], [ 0, 0, 0, 1 ] ] ]),BoundaryImage:=rec(ListIFace:=[ 1, 2 ],ListSign:=[ -1, 1 ],ListElt:=[ [ [ -1, 1, 1, 0 ], [ -2, 0, 0, 1 ], [ 0, 1, 1, -1 ], [ -2, 1, 2, 0 ] ], 
  [ [ 1, 0, -1, 0 ], [ 0, 1, 0, -1 ], [ 1, 0, 0, 0 ], [ 0, 1, 0, 0 ] ] ])),rec(TheMatrixStab:=Group([ [ [ -1, 0, 0, 0 ], [ 0, -1, 0, 0 ], [ 0, 0, -1, 0 ], [ 0, 0, 0, -1 ] ], 
  [ [ 0, -1, -1, 1 ], [ 2, -1, -2, 0 ], [ -1, 0, 0, 1 ], [ 0, -1, -2, 1 ] ], 
  [ [ 0, 1, 1, -1 ], [ -2, 1, 2, 0 ], [ 1, 0, 0, -1 ], [ 0, 1, 2, -1 ] ], 
  [ [ 1, 0, 0, 0 ], [ 0, 1, 0, 0 ], [ 0, 0, 1, 0 ], [ 0, 0, 0, 1 ] ] ]),TheRotSubgroup:=Group([ [ [ -1, 0, 0, 0 ], [ 0, -1, 0, 0 ], [ 0, 0, -1, 0 ], [ 0, 0, 0, -1 ] ], 
  [ [ 0, -1, -1, 1 ], [ 2, -1, -2, 0 ], [ -1, 0, 0, 1 ], [ 0, -1, -2, 1 ] ], 
  [ [ 0, 1, 1, -1 ], [ -2, 1, 2, 0 ], [ 1, 0, 0, -1 ], [ 0, 1, 2, -1 ] ], 
  [ [ 1, 0, 0, 0 ], [ 0, 1, 0, 0 ], [ 0, 0, 1, 0 ], [ 0, 0, 0, 1 ] ] ]),BoundaryImage:=rec(ListIFace:=[ 1, 2 ],ListSign:=[ -1, 1 ],ListElt:=[ [ [ 0, 0, 1, 0 ], [ 0, 0, 0, 1 ], [ -1, 0, 1, 0 ], [ 0, -1, 0, 1 ] ], 
  [ [ 0, -1, -1, 1 ], [ 2, -1, -2, 0 ], [ -3, 0, 1, 2 ], [ 0, -3, -4, 3 ] ] ]))],[rec(TheMatrixStab:=Group([ [ [ -1, -1, 0, 1 ], [ 2, -2, -2, 1 ], [ -3, 0, 1, 1 ], [ 0, -3, -2, 2 ] ], 
  [ [ -1, 0, 0, 0 ], [ 0, -1, 0, 0 ], [ 0, 0, -1, 0 ], [ 0, 0, 0, -1 ] ], 
  [ [ 1, 0, 0, 0 ], [ 0, 1, 0, 0 ], [ 0, 0, 1, 0 ], [ 0, 0, 0, 1 ] ], 
  [ [ 1, 1, 0, -1 ], [ -2, 2, 2, -1 ], [ 3, 0, -1, -1 ], [ 0, 3, 2, -2 ] ] ]),TheRotSubgroup:=Group([ [ [ -1, 0, 0, 0 ], [ 0, -1, 0, 0 ], [ 0, 0, -1, 0 ], [ 0, 0, 0, -1 ] ], 
  [ [ 1, 0, 0, 0 ], [ 0, 1, 0, 0 ], [ 0, 0, 1, 0 ], [ 0, 0, 0, 1 ] ] ]),BoundaryImage:=rec(ListIFace:=[ 1, 2, 2, 2, 1, 2 ],ListSign:=[ 1, -1, -1, 1, -1, 1 ],ListElt:=[ [ [ -1, 0, 1, 0 ], [ 0, -1, 0, 1 ], [ -1, 0, 0, 0 ], [ 0, -1, 0, 0 ] ], 
  [ [ 2, -2, -1, 0 ], [ 4, 0, 0, -1 ], [ -1, -2, -1, 1 ], [ 4, -3, -2, 0 ] ], 
  [ [ -1, 0, 0, 0 ], [ 0, -1, 0, 0 ], [ 0, 0, -1, 0 ], [ 0, 0, 0, -1 ] ], 
  [ [ -2, -1, -1, 1 ], [ 2, -3, -2, 0 ], [ -3, 1, 0, 1 ], [ -2, -2, -2, 1 ] ],
  [ [ -1, -1, 0, 1 ], [ 2, -2, -2, 1 ], [ -3, 0, 1, 1 ], [ 0, -3, -2, 2 ] ], 
  [ [ -1, -1, 0, 1 ], [ 2, -2, -2, 1 ], [ -3, 0, 1, 1 ], [ 0, -3, -2, 2 ] ] ]))]];