HAP_GCOMPLEX_SETUP:=[false]; 
HAP_GCOMPLEX_LIST:=[[rec(TheMatrixStab:=Group([ [ [ -3, 0, 1, 1 ], [ 0, -3, -5, 2 ], [ -2, 1, 2, 0 ], [ -5, -1, 0, 2 ] ], 
  [ [ -2, 0, 0, 1 ], [ 0, -2, -5, 1 ], [ -1, 1, 2, 0 ], [ -5, 0, 0, 2 ] ], 
  [ [ -2, 0, 1, 1 ], [ 0, -2, -5, 2 ], [ -2, 1, 3, 0 ], [ -5, -1, 0, 3 ] ], 
  [ [ -2, 1, 2, 0 ], [ -5, -1, 0, 2 ], [ 1, 1, 1, -1 ], [ -5, 2, 5, 0 ] ], 
  [ [ -2, 1, 3, 0 ], [ -5, -1, 0, 3 ], [ 0, 1, 2, -1 ], [ -5, 1, 5, 1 ] ], 
  [ [ -1, -1, -2, 1 ], [ 5, -2, -5, -1 ], [ -2, 0, 0, 1 ], [ 0, -2, -5, 1 ] ],
  [ [ -1, -1, -1, 1 ], [ 5, -2, -5, 0 ], [ -3, 0, 1, 1 ], [ 0, -3, -5, 2 ] ], 
  [ [ -1, 0, 0, 0 ], [ 0, -1, 0, 0 ], [ 0, 0, -1, 0 ], [ 0, 0, 0, -1 ] ], 
  [ [ -1, 0, 1, 0 ], [ 0, -1, 0, 1 ], [ -1, 0, 0, 0 ], [ 0, -1, 0, 0 ] ], 
  [ [ -1, 1, 2, 0 ], [ -5, 0, 0, 2 ], [ 1, 1, 2, -1 ], [ -5, 2, 5, 1 ] ], 
  [ [ 0, -1, -2, 1 ], [ 5, -1, -5, -1 ], [ -2, 0, 1, 1 ], [ 0, -2, -5, 2 ] ], 
  [ [ 0, 0, -1, 0 ], [ 0, 0, 0, -1 ], [ 1, 0, -1, 0 ], [ 0, 1, 0, -1 ] ], 
  [ [ 0, 0, 1, 0 ], [ 0, 0, 0, 1 ], [ -1, 0, 1, 0 ], [ 0, -1, 0, 1 ] ], 
  [ [ 0, 1, 2, -1 ], [ -5, 1, 5, 1 ], [ 2, 0, -1, -1 ], [ 0, 2, 5, -2 ] ], 
  [ [ 1, -1, -2, 0 ], [ 5, 0, 0, -2 ], [ -1, -1, -2, 1 ], [ 5, -2, -5, -1 ] ],
  [ [ 1, 0, -1, 0 ], [ 0, 1, 0, -1 ], [ 1, 0, 0, 0 ], [ 0, 1, 0, 0 ] ], 
  [ [ 1, 0, 0, 0 ], [ 0, 1, 0, 0 ], [ 0, 0, 1, 0 ], [ 0, 0, 0, 1 ] ], 
  [ [ 1, 1, 1, -1 ], [ -5, 2, 5, 0 ], [ 3, 0, -1, -1 ], [ 0, 3, 5, -2 ] ], 
  [ [ 1, 1, 2, -1 ], [ -5, 2, 5, 1 ], [ 2, 0, 0, -1 ], [ 0, 2, 5, -1 ] ], 
  [ [ 2, -1, -3, 0 ], [ 5, 1, 0, -3 ], [ 0, -1, -2, 1 ], [ 5, -1, -5, -1 ] ], 
  [ [ 2, -1, -2, 0 ], [ 5, 1, 0, -2 ], [ -1, -1, -1, 1 ], [ 5, -2, -5, 0 ] ], 
  [ [ 2, 0, -1, -1 ], [ 0, 2, 5, -2 ], [ 2, -1, -3, 0 ], [ 5, 1, 0, -3 ] ], 
  [ [ 2, 0, 0, -1 ], [ 0, 2, 5, -1 ], [ 1, -1, -2, 0 ], [ 5, 0, 0, -2 ] ], 
  [ [ 3, 0, -1, -1 ], [ 0, 3, 5, -2 ], [ 2, -1, -2, 0 ], [ 5, 1, 0, -2 ] ] ]),TheRotSubgroup:=Group([ [ [ -3, 0, 1, 1 ], [ 0, -3, -5, 2 ], [ -2, 1, 2, 0 ], [ -5, -1, 0, 2 ] ], 
  [ [ -2, 0, 0, 1 ], [ 0, -2, -5, 1 ], [ -1, 1, 2, 0 ], [ -5, 0, 0, 2 ] ], 
  [ [ -2, 0, 1, 1 ], [ 0, -2, -5, 2 ], [ -2, 1, 3, 0 ], [ -5, -1, 0, 3 ] ], 
  [ [ -2, 1, 2, 0 ], [ -5, -1, 0, 2 ], [ 1, 1, 1, -1 ], [ -5, 2, 5, 0 ] ], 
  [ [ -2, 1, 3, 0 ], [ -5, -1, 0, 3 ], [ 0, 1, 2, -1 ], [ -5, 1, 5, 1 ] ], 
  [ [ -1, -1, -2, 1 ], [ 5, -2, -5, -1 ], [ -2, 0, 0, 1 ], [ 0, -2, -5, 1 ] ],
  [ [ -1, -1, -1, 1 ], [ 5, -2, -5, 0 ], [ -3, 0, 1, 1 ], [ 0, -3, -5, 2 ] ], 
  [ [ -1, 0, 0, 0 ], [ 0, -1, 0, 0 ], [ 0, 0, -1, 0 ], [ 0, 0, 0, -1 ] ], 
  [ [ -1, 0, 1, 0 ], [ 0, -1, 0, 1 ], [ -1, 0, 0, 0 ], [ 0, -1, 0, 0 ] ], 
  [ [ -1, 1, 2, 0 ], [ -5, 0, 0, 2 ], [ 1, 1, 2, -1 ], [ -5, 2, 5, 1 ] ], 
  [ [ 0, -1, -2, 1 ], [ 5, -1, -5, -1 ], [ -2, 0, 1, 1 ], [ 0, -2, -5, 2 ] ], 
  [ [ 0, 0, -1, 0 ], [ 0, 0, 0, -1 ], [ 1, 0, -1, 0 ], [ 0, 1, 0, -1 ] ], 
  [ [ 0, 0, 1, 0 ], [ 0, 0, 0, 1 ], [ -1, 0, 1, 0 ], [ 0, -1, 0, 1 ] ], 
  [ [ 0, 1, 2, -1 ], [ -5, 1, 5, 1 ], [ 2, 0, -1, -1 ], [ 0, 2, 5, -2 ] ], 
  [ [ 1, -1, -2, 0 ], [ 5, 0, 0, -2 ], [ -1, -1, -2, 1 ], [ 5, -2, -5, -1 ] ],
  [ [ 1, 0, -1, 0 ], [ 0, 1, 0, -1 ], [ 1, 0, 0, 0 ], [ 0, 1, 0, 0 ] ], 
  [ [ 1, 0, 0, 0 ], [ 0, 1, 0, 0 ], [ 0, 0, 1, 0 ], [ 0, 0, 0, 1 ] ], 
  [ [ 1, 1, 1, -1 ], [ -5, 2, 5, 0 ], [ 3, 0, -1, -1 ], [ 0, 3, 5, -2 ] ], 
  [ [ 1, 1, 2, -1 ], [ -5, 2, 5, 1 ], [ 2, 0, 0, -1 ], [ 0, 2, 5, -1 ] ], 
  [ [ 2, -1, -3, 0 ], [ 5, 1, 0, -3 ], [ 0, -1, -2, 1 ], [ 5, -1, -5, -1 ] ], 
  [ [ 2, -1, -2, 0 ], [ 5, 1, 0, -2 ], [ -1, -1, -1, 1 ], [ 5, -2, -5, 0 ] ], 
  [ [ 2, 0, -1, -1 ], [ 0, 2, 5, -2 ], [ 2, -1, -3, 0 ], [ 5, 1, 0, -3 ] ], 
  [ [ 2, 0, 0, -1 ], [ 0, 2, 5, -1 ], [ 1, -1, -2, 0 ], [ 5, 0, 0, -2 ] ], 
  [ [ 3, 0, -1, -1 ], [ 0, 3, 5, -2 ], [ 2, -1, -2, 0 ], [ 5, 1, 0, -2 ] ] ]),BoundaryImage:=rec(ListIFace:=[  ],ListSign:=[  ],ListElt:=[  ])),rec(TheMatrixStab:=Group([ [ [ -3, 0, 2, -1 ], [ 0, -3, 5, 1 ], [ -1, -1, 2, 0 ], [ 5, -2, 0, 2 ] ], 
  [ [ -2, 0, 1, -1 ], [ 0, -2, 5, 0 ], [ 0, -1, 2, 0 ], [ 5, -1, 0, 2 ] ], 
  [ [ -2, 0, 2, -1 ], [ 0, -2, 5, 1 ], [ -1, -1, 3, 0 ], [ 5, -2, 0, 3 ] ], 
  [ [ -2, 1, -1, -1 ], [ -5, -1, 5, -2 ], [ -2, 0, 1, -1 ], [ 0, -2, 5, 0 ] ],
  [ [ -2, 1, 0, -1 ], [ -5, -1, 5, -1 ], [ -3, 0, 2, -1 ], [ 0, -3, 5, 1 ] ], 
  [ [ -1, -1, 2, 0 ], [ 5, -2, 0, 2 ], [ 2, -1, 0, 1 ], [ 5, 1, -5, 1 ] ], 
  [ [ -1, -1, 3, 0 ], [ 5, -2, 0, 3 ], [ 1, -1, 1, 1 ], [ 5, 0, -5, 2 ] ], 
  [ [ -1, 0, 0, 0 ], [ 0, -1, 0, 0 ], [ 0, 0, -1, 0 ], [ 0, 0, 0, -1 ] ], 
  [ [ -1, 0, 1, 0 ], [ 0, -1, 0, 1 ], [ -1, 0, 0, 0 ], [ 0, -1, 0, 0 ] ], 
  [ [ -1, 1, -1, -1 ], [ -5, 0, 5, -2 ], [ -2, 0, 2, -1 ], [ 0, -2, 5, 1 ] ], 
  [ [ 0, -1, 2, 0 ], [ 5, -1, 0, 2 ], [ 2, -1, 1, 1 ], [ 5, 1, -5, 2 ] ], 
  [ [ 0, 0, -1, 0 ], [ 0, 0, 0, -1 ], [ 1, 0, -1, 0 ], [ 0, 1, 0, -1 ] ], 
  [ [ 0, 0, 1, 0 ], [ 0, 0, 0, 1 ], [ -1, 0, 1, 0 ], [ 0, -1, 0, 1 ] ], 
  [ [ 0, 1, -2, 0 ], [ -5, 1, 0, -2 ], [ -2, 1, -1, -1 ], [ -5, -1, 5, -2 ] ],
  [ [ 1, -1, 1, 1 ], [ 5, 0, -5, 2 ], [ 2, 0, -2, 1 ], [ 0, 2, -5, -1 ] ], 
  [ [ 1, 0, -1, 0 ], [ 0, 1, 0, -1 ], [ 1, 0, 0, 0 ], [ 0, 1, 0, 0 ] ], 
  [ [ 1, 0, 0, 0 ], [ 0, 1, 0, 0 ], [ 0, 0, 1, 0 ], [ 0, 0, 0, 1 ] ], 
  [ [ 1, 1, -3, 0 ], [ -5, 2, 0, -3 ], [ -1, 1, -1, -1 ], [ -5, 0, 5, -2 ] ], 
  [ [ 1, 1, -2, 0 ], [ -5, 2, 0, -2 ], [ -2, 1, 0, -1 ], [ -5, -1, 5, -1 ] ], 
  [ [ 2, -1, 0, 1 ], [ 5, 1, -5, 1 ], [ 3, 0, -2, 1 ], [ 0, 3, -5, -1 ] ], 
  [ [ 2, -1, 1, 1 ], [ 5, 1, -5, 2 ], [ 2, 0, -1, 1 ], [ 0, 2, -5, 0 ] ], 
  [ [ 2, 0, -2, 1 ], [ 0, 2, -5, -1 ], [ 1, 1, -3, 0 ], [ -5, 2, 0, -3 ] ], 
  [ [ 2, 0, -1, 1 ], [ 0, 2, -5, 0 ], [ 0, 1, -2, 0 ], [ -5, 1, 0, -2 ] ], 
  [ [ 3, 0, -2, 1 ], [ 0, 3, -5, -1 ], [ 1, 1, -2, 0 ], [ -5, 2, 0, -2 ] ] ]),TheRotSubgroup:=Group([ [ [ -3, 0, 2, -1 ], [ 0, -3, 5, 1 ], [ -1, -1, 2, 0 ], [ 5, -2, 0, 2 ] ], 
  [ [ -2, 0, 1, -1 ], [ 0, -2, 5, 0 ], [ 0, -1, 2, 0 ], [ 5, -1, 0, 2 ] ], 
  [ [ -2, 0, 2, -1 ], [ 0, -2, 5, 1 ], [ -1, -1, 3, 0 ], [ 5, -2, 0, 3 ] ], 
  [ [ -2, 1, -1, -1 ], [ -5, -1, 5, -2 ], [ -2, 0, 1, -1 ], [ 0, -2, 5, 0 ] ],
  [ [ -2, 1, 0, -1 ], [ -5, -1, 5, -1 ], [ -3, 0, 2, -1 ], [ 0, -3, 5, 1 ] ], 
  [ [ -1, -1, 2, 0 ], [ 5, -2, 0, 2 ], [ 2, -1, 0, 1 ], [ 5, 1, -5, 1 ] ], 
  [ [ -1, -1, 3, 0 ], [ 5, -2, 0, 3 ], [ 1, -1, 1, 1 ], [ 5, 0, -5, 2 ] ], 
  [ [ -1, 0, 0, 0 ], [ 0, -1, 0, 0 ], [ 0, 0, -1, 0 ], [ 0, 0, 0, -1 ] ], 
  [ [ -1, 0, 1, 0 ], [ 0, -1, 0, 1 ], [ -1, 0, 0, 0 ], [ 0, -1, 0, 0 ] ], 
  [ [ -1, 1, -1, -1 ], [ -5, 0, 5, -2 ], [ -2, 0, 2, -1 ], [ 0, -2, 5, 1 ] ], 
  [ [ 0, -1, 2, 0 ], [ 5, -1, 0, 2 ], [ 2, -1, 1, 1 ], [ 5, 1, -5, 2 ] ], 
  [ [ 0, 0, -1, 0 ], [ 0, 0, 0, -1 ], [ 1, 0, -1, 0 ], [ 0, 1, 0, -1 ] ], 
  [ [ 0, 0, 1, 0 ], [ 0, 0, 0, 1 ], [ -1, 0, 1, 0 ], [ 0, -1, 0, 1 ] ], 
  [ [ 0, 1, -2, 0 ], [ -5, 1, 0, -2 ], [ -2, 1, -1, -1 ], [ -5, -1, 5, -2 ] ],
  [ [ 1, -1, 1, 1 ], [ 5, 0, -5, 2 ], [ 2, 0, -2, 1 ], [ 0, 2, -5, -1 ] ], 
  [ [ 1, 0, -1, 0 ], [ 0, 1, 0, -1 ], [ 1, 0, 0, 0 ], [ 0, 1, 0, 0 ] ], 
  [ [ 1, 0, 0, 0 ], [ 0, 1, 0, 0 ], [ 0, 0, 1, 0 ], [ 0, 0, 0, 1 ] ], 
  [ [ 1, 1, -3, 0 ], [ -5, 2, 0, -3 ], [ -1, 1, -1, -1 ], [ -5, 0, 5, -2 ] ], 
  [ [ 1, 1, -2, 0 ], [ -5, 2, 0, -2 ], [ -2, 1, 0, -1 ], [ -5, -1, 5, -1 ] ], 
  [ [ 2, -1, 0, 1 ], [ 5, 1, -5, 1 ], [ 3, 0, -2, 1 ], [ 0, 3, -5, -1 ] ], 
  [ [ 2, -1, 1, 1 ], [ 5, 1, -5, 2 ], [ 2, 0, -1, 1 ], [ 0, 2, -5, 0 ] ], 
  [ [ 2, 0, -2, 1 ], [ 0, 2, -5, -1 ], [ 1, 1, -3, 0 ], [ -5, 2, 0, -3 ] ], 
  [ [ 2, 0, -1, 1 ], [ 0, 2, -5, 0 ], [ 0, 1, -2, 0 ], [ -5, 1, 0, -2 ] ], 
  [ [ 3, 0, -2, 1 ], [ 0, 3, -5, -1 ], [ 1, 1, -2, 0 ], [ -5, 2, 0, -2 ] ] ]),BoundaryImage:=rec(ListIFace:=[  ],ListSign:=[  ],ListElt:=[  ])),rec(TheMatrixStab:=Group([ [ [ -10, 0, 3, 4 ], [ 0, -10, -20, 7 ], [ -7, 4, 10, 0 ], 
      [ -20, -3, 0, 10 ] ], 
  [ [ -7, 4, 10, 0 ], [ -20, -3, 0, 10 ], [ 3, 4, 7, -4 ], [ -20, 7, 20, 3 ] ]
    , 
  [ [ -3, -4, -7, 4 ], [ 20, -7, -20, -3 ], [ -10, 0, 3, 4 ], 
      [ 0, -10, -20, 7 ] ], 
  [ [ -1, 0, 0, 0 ], [ 0, -1, 0, 0 ], [ 0, 0, -1, 0 ], [ 0, 0, 0, -1 ] ], 
  [ [ -1, 0, 1, 0 ], [ 0, -1, 0, 1 ], [ -1, 0, 0, 0 ], [ 0, -1, 0, 0 ] ], 
  [ [ 0, 0, -1, 0 ], [ 0, 0, 0, -1 ], [ 1, 0, -1, 0 ], [ 0, 1, 0, -1 ] ], 
  [ [ 0, 0, 1, 0 ], [ 0, 0, 0, 1 ], [ -1, 0, 1, 0 ], [ 0, -1, 0, 1 ] ], 
  [ [ 1, 0, -1, 0 ], [ 0, 1, 0, -1 ], [ 1, 0, 0, 0 ], [ 0, 1, 0, 0 ] ], 
  [ [ 1, 0, 0, 0 ], [ 0, 1, 0, 0 ], [ 0, 0, 1, 0 ], [ 0, 0, 0, 1 ] ], 
  [ [ 3, 4, 7, -4 ], [ -20, 7, 20, 3 ], [ 10, 0, -3, -4 ], [ 0, 10, 20, -7 ] ]
    , 
  [ [ 7, -4, -10, 0 ], [ 20, 3, 0, -10 ], [ -3, -4, -7, 4 ], 
      [ 20, -7, -20, -3 ] ], 
  [ [ 10, 0, -3, -4 ], [ 0, 10, 20, -7 ], [ 7, -4, -10, 0 ], 
      [ 20, 3, 0, -10 ] ] ]),TheRotSubgroup:=Group([ [ [ -10, 0, 3, 4 ], [ 0, -10, -20, 7 ], [ -7, 4, 10, 0 ], 
      [ -20, -3, 0, 10 ] ], 
  [ [ -7, 4, 10, 0 ], [ -20, -3, 0, 10 ], [ 3, 4, 7, -4 ], [ -20, 7, 20, 3 ] ]
    , 
  [ [ -3, -4, -7, 4 ], [ 20, -7, -20, -3 ], [ -10, 0, 3, 4 ], 
      [ 0, -10, -20, 7 ] ], 
  [ [ -1, 0, 0, 0 ], [ 0, -1, 0, 0 ], [ 0, 0, -1, 0 ], [ 0, 0, 0, -1 ] ], 
  [ [ -1, 0, 1, 0 ], [ 0, -1, 0, 1 ], [ -1, 0, 0, 0 ], [ 0, -1, 0, 0 ] ], 
  [ [ 0, 0, -1, 0 ], [ 0, 0, 0, -1 ], [ 1, 0, -1, 0 ], [ 0, 1, 0, -1 ] ], 
  [ [ 0, 0, 1, 0 ], [ 0, 0, 0, 1 ], [ -1, 0, 1, 0 ], [ 0, -1, 0, 1 ] ], 
  [ [ 1, 0, -1, 0 ], [ 0, 1, 0, -1 ], [ 1, 0, 0, 0 ], [ 0, 1, 0, 0 ] ], 
  [ [ 1, 0, 0, 0 ], [ 0, 1, 0, 0 ], [ 0, 0, 1, 0 ], [ 0, 0, 0, 1 ] ], 
  [ [ 3, 4, 7, -4 ], [ -20, 7, 20, 3 ], [ 10, 0, -3, -4 ], [ 0, 10, 20, -7 ] ]
    , 
  [ [ 7, -4, -10, 0 ], [ 20, 3, 0, -10 ], [ -3, -4, -7, 4 ], 
      [ 20, -7, -20, -3 ] ], 
  [ [ 10, 0, -3, -4 ], [ 0, 10, 20, -7 ], [ 7, -4, -10, 0 ], 
      [ 20, 3, 0, -10 ] ] ]),BoundaryImage:=rec(ListIFace:=[  ],ListSign:=[  ],ListElt:=[  ])),rec(TheMatrixStab:=Group([ [ [ -10, 0, 7, -4 ], [ 0, -10, 20, 3 ], [ -3, -4, 10, 0 ], 
      [ 20, -7, 0, 10 ] ], 
  [ [ -7, 4, -3, -4 ], [ -20, -3, 20, -7 ], [ -10, 0, 7, -4 ], 
      [ 0, -10, 20, 3 ] ], 
  [ [ -3, -4, 10, 0 ], [ 20, -7, 0, 10 ], [ 7, -4, 3, 4 ], [ 20, 3, -20, 7 ] ]
    , [ [ -1, 0, 0, 0 ], [ 0, -1, 0, 0 ], [ 0, 0, -1, 0 ], [ 0, 0, 0, -1 ] ], 
  [ [ -1, 0, 1, 0 ], [ 0, -1, 0, 1 ], [ -1, 0, 0, 0 ], [ 0, -1, 0, 0 ] ], 
  [ [ 0, 0, -1, 0 ], [ 0, 0, 0, -1 ], [ 1, 0, -1, 0 ], [ 0, 1, 0, -1 ] ], 
  [ [ 0, 0, 1, 0 ], [ 0, 0, 0, 1 ], [ -1, 0, 1, 0 ], [ 0, -1, 0, 1 ] ], 
  [ [ 1, 0, -1, 0 ], [ 0, 1, 0, -1 ], [ 1, 0, 0, 0 ], [ 0, 1, 0, 0 ] ], 
  [ [ 1, 0, 0, 0 ], [ 0, 1, 0, 0 ], [ 0, 0, 1, 0 ], [ 0, 0, 0, 1 ] ], 
  [ [ 3, 4, -10, 0 ], [ -20, 7, 0, -10 ], [ -7, 4, -3, -4 ], 
      [ -20, -3, 20, -7 ] ], 
  [ [ 7, -4, 3, 4 ], [ 20, 3, -20, 7 ], [ 10, 0, -7, 4 ], [ 0, 10, -20, -3 ] ]
    , 
  [ [ 10, 0, -7, 4 ], [ 0, 10, -20, -3 ], [ 3, 4, -10, 0 ], 
      [ -20, 7, 0, -10 ] ] ]),TheRotSubgroup:=Group([ [ [ -10, 0, 7, -4 ], [ 0, -10, 20, 3 ], [ -3, -4, 10, 0 ], 
      [ 20, -7, 0, 10 ] ], 
  [ [ -7, 4, -3, -4 ], [ -20, -3, 20, -7 ], [ -10, 0, 7, -4 ], 
      [ 0, -10, 20, 3 ] ], 
  [ [ -3, -4, 10, 0 ], [ 20, -7, 0, 10 ], [ 7, -4, 3, 4 ], [ 20, 3, -20, 7 ] ]
    , [ [ -1, 0, 0, 0 ], [ 0, -1, 0, 0 ], [ 0, 0, -1, 0 ], [ 0, 0, 0, -1 ] ], 
  [ [ -1, 0, 1, 0 ], [ 0, -1, 0, 1 ], [ -1, 0, 0, 0 ], [ 0, -1, 0, 0 ] ], 
  [ [ 0, 0, -1, 0 ], [ 0, 0, 0, -1 ], [ 1, 0, -1, 0 ], [ 0, 1, 0, -1 ] ], 
  [ [ 0, 0, 1, 0 ], [ 0, 0, 0, 1 ], [ -1, 0, 1, 0 ], [ 0, -1, 0, 1 ] ], 
  [ [ 1, 0, -1, 0 ], [ 0, 1, 0, -1 ], [ 1, 0, 0, 0 ], [ 0, 1, 0, 0 ] ], 
  [ [ 1, 0, 0, 0 ], [ 0, 1, 0, 0 ], [ 0, 0, 1, 0 ], [ 0, 0, 0, 1 ] ], 
  [ [ 3, 4, -10, 0 ], [ -20, 7, 0, -10 ], [ -7, 4, -3, -4 ], 
      [ -20, -3, 20, -7 ] ], 
  [ [ 7, -4, 3, 4 ], [ 20, 3, -20, 7 ], [ 10, 0, -7, 4 ], [ 0, 10, -20, -3 ] ]
    , 
  [ [ 10, 0, -7, 4 ], [ 0, 10, -20, -3 ], [ 3, 4, -10, 0 ], 
      [ -20, 7, 0, -10 ] ] ]),BoundaryImage:=rec(ListIFace:=[  ],ListSign:=[  ],ListElt:=[  ]))],[rec(TheMatrixStab:=Group([ [ [ -1, 0, 0, 0 ], [ 0, -1, 0, 0 ], [ 0, 0, -1, 0 ], [ 0, 0, 0, -1 ] ], 
  [ [ -1, 0, 1, 0 ], [ 0, -1, 0, 1 ], [ -1, 0, 0, 0 ], [ 0, -1, 0, 0 ] ], 
  [ [ 0, 0, -1, 0 ], [ 0, 0, 0, -1 ], [ 1, 0, -1, 0 ], [ 0, 1, 0, -1 ] ], 
  [ [ 0, 0, 1, 0 ], [ 0, 0, 0, 1 ], [ -1, 0, 1, 0 ], [ 0, -1, 0, 1 ] ], 
  [ [ 1, 0, -1, 0 ], [ 0, 1, 0, -1 ], [ 1, 0, 0, 0 ], [ 0, 1, 0, 0 ] ], 
  [ [ 1, 0, 0, 0 ], [ 0, 1, 0, 0 ], [ 0, 0, 1, 0 ], [ 0, 0, 0, 1 ] ] ]),TheRotSubgroup:=Group([ [ [ -1, 0, 0, 0 ], [ 0, -1, 0, 0 ], [ 0, 0, -1, 0 ], [ 0, 0, 0, -1 ] ], 
  [ [ -1, 0, 1, 0 ], [ 0, -1, 0, 1 ], [ -1, 0, 0, 0 ], [ 0, -1, 0, 0 ] ], 
  [ [ 0, 0, -1, 0 ], [ 0, 0, 0, -1 ], [ 1, 0, -1, 0 ], [ 0, 1, 0, -1 ] ], 
  [ [ 0, 0, 1, 0 ], [ 0, 0, 0, 1 ], [ -1, 0, 1, 0 ], [ 0, -1, 0, 1 ] ], 
  [ [ 1, 0, -1, 0 ], [ 0, 1, 0, -1 ], [ 1, 0, 0, 0 ], [ 0, 1, 0, 0 ] ], 
  [ [ 1, 0, 0, 0 ], [ 0, 1, 0, 0 ], [ 0, 0, 1, 0 ], [ 0, 0, 0, 1 ] ] ]),BoundaryImage:=rec(ListIFace:=[ 1, 3 ],ListSign:=[ -1, 1 ],ListElt:=[ [ [ 2, -1, -2, 0 ], [ 5, 1, 0, -2 ], [ -1, -1, -1, 1 ], [ 5, -2, -5, 0 ] ], 
  [ [ 0, 0, 1, 0 ], [ 0, 0, 0, 1 ], [ -1, 0, 1, 0 ], [ 0, -1, 0, 1 ] ] ])),rec(TheMatrixStab:=Group([ [ [ -1, 0, 0, 0 ], [ 0, -1, 0, 0 ], [ 0, 0, -1, 0 ], [ 0, 0, 0, -1 ] ], 
  [ [ -1, 0, 1, 0 ], [ 0, -1, 0, 1 ], [ -1, 0, 0, 0 ], [ 0, -1, 0, 0 ] ], 
  [ [ 0, 0, -1, 0 ], [ 0, 0, 0, -1 ], [ 1, 0, -1, 0 ], [ 0, 1, 0, -1 ] ], 
  [ [ 0, 0, 1, 0 ], [ 0, 0, 0, 1 ], [ -1, 0, 1, 0 ], [ 0, -1, 0, 1 ] ], 
  [ [ 1, 0, -1, 0 ], [ 0, 1, 0, -1 ], [ 1, 0, 0, 0 ], [ 0, 1, 0, 0 ] ], 
  [ [ 1, 0, 0, 0 ], [ 0, 1, 0, 0 ], [ 0, 0, 1, 0 ], [ 0, 0, 0, 1 ] ] ]),TheRotSubgroup:=Group([ [ [ -1, 0, 0, 0 ], [ 0, -1, 0, 0 ], [ 0, 0, -1, 0 ], [ 0, 0, 0, -1 ] ], 
  [ [ -1, 0, 1, 0 ], [ 0, -1, 0, 1 ], [ -1, 0, 0, 0 ], [ 0, -1, 0, 0 ] ], 
  [ [ 0, 0, -1, 0 ], [ 0, 0, 0, -1 ], [ 1, 0, -1, 0 ], [ 0, 1, 0, -1 ] ], 
  [ [ 0, 0, 1, 0 ], [ 0, 0, 0, 1 ], [ -1, 0, 1, 0 ], [ 0, -1, 0, 1 ] ], 
  [ [ 1, 0, -1, 0 ], [ 0, 1, 0, -1 ], [ 1, 0, 0, 0 ], [ 0, 1, 0, 0 ] ], 
  [ [ 1, 0, 0, 0 ], [ 0, 1, 0, 0 ], [ 0, 0, 1, 0 ], [ 0, 0, 0, 1 ] ] ]),BoundaryImage:=rec(ListIFace:=[ 2, 4 ],ListSign:=[ -1, 1 ],ListElt:=[ [ [ -2, 1, -1, -1 ], [ -5, -1, 5, -2 ], [ -2, 0, 1, -1 ], [ 0, -2, 5, 0 ] ],
  [ [ -3, -4, 10, 0 ], [ 20, -7, 0, 10 ], [ 7, -4, 3, 4 ], [ 20, 3, -20, 7 ] 
     ] ])),rec(TheMatrixStab:=Group([ [ [ -2, 0, 0, 1 ], [ 0, -2, -5, 1 ], [ -1, 1, 2, 0 ], [ -5, 0, 0, 2 ] ], 
  [ [ -1, 0, 0, 0 ], [ 0, -1, 0, 0 ], [ 0, 0, -1, 0 ], [ 0, 0, 0, -1 ] ], 
  [ [ 1, 0, 0, 0 ], [ 0, 1, 0, 0 ], [ 0, 0, 1, 0 ], [ 0, 0, 0, 1 ] ], 
  [ [ 2, 0, 0, -1 ], [ 0, 2, 5, -1 ], [ 1, -1, -2, 0 ], [ 5, 0, 0, -2 ] ] ]),TheRotSubgroup:=Group([ [ [ -2, 0, 0, 1 ], [ 0, -2, -5, 1 ], [ -1, 1, 2, 0 ], [ -5, 0, 0, 2 ] ], 
  [ [ -1, 0, 0, 0 ], [ 0, -1, 0, 0 ], [ 0, 0, -1, 0 ], [ 0, 0, 0, -1 ] ], 
  [ [ 1, 0, 0, 0 ], [ 0, 1, 0, 0 ], [ 0, 0, 1, 0 ], [ 0, 0, 0, 1 ] ], 
  [ [ 2, 0, 0, -1 ], [ 0, 2, 5, -1 ], [ 1, -1, -2, 0 ], [ 5, 0, 0, -2 ] ] ]),BoundaryImage:=rec(ListIFace:=[ 1, 4 ],ListSign:=[ -1, 1 ],ListElt:=[ [ [ 1, 1, 2, -1 ], [ -5, 2, 5, 1 ], [ 2, 0, 0, -1 ], [ 0, 2, 5, -1 ] ], 
  [ [ -1, 3, -5, -1 ], [ -15, 2, 5, -6 ], [ 4, 2, -6, 1 ], [ -10, 6, -5, -5 ] 
     ] ])),rec(TheMatrixStab:=Group([ [ [ -2, 1, 0, -1 ], [ -5, -1, 5, -1 ], [ -3, 0, 2, -1 ], [ 0, -3, 5, 1 ] ], 
  [ [ -1, 0, 0, 0 ], [ 0, -1, 0, 0 ], [ 0, 0, -1, 0 ], [ 0, 0, 0, -1 ] ], 
  [ [ 1, 0, 0, 0 ], [ 0, 1, 0, 0 ], [ 0, 0, 1, 0 ], [ 0, 0, 0, 1 ] ], 
  [ [ 2, -1, 0, 1 ], [ 5, 1, -5, 1 ], [ 3, 0, -2, 1 ], [ 0, 3, -5, -1 ] ] ]),TheRotSubgroup:=Group([ [ [ -2, 1, 0, -1 ], [ -5, -1, 5, -1 ], [ -3, 0, 2, -1 ], [ 0, -3, 5, 1 ] ], 
  [ [ -1, 0, 0, 0 ], [ 0, -1, 0, 0 ], [ 0, 0, -1, 0 ], [ 0, 0, 0, -1 ] ], 
  [ [ 1, 0, 0, 0 ], [ 0, 1, 0, 0 ], [ 0, 0, 1, 0 ], [ 0, 0, 0, 1 ] ], 
  [ [ 2, -1, 0, 1 ], [ 5, 1, -5, 1 ], [ 3, 0, -2, 1 ], [ 0, 3, -5, -1 ] ] ]),BoundaryImage:=rec(ListIFace:=[ 2, 3 ],ListSign:=[ -1, 1 ],ListElt:=[ [ [ -2, 1, -1, -1 ], [ -5, -1, 5, -2 ], [ -2, 0, 1, -1 ], [ 0, -2, 5, 0 ] ],
  [ [ 1, -3, -6, 2 ], [ 15, -2, -10, -4 ], [ 5, -1, -4, -1 ], [ 5, 4, 5, -5 ] 
     ] ])),rec(TheMatrixStab:=Group([ [ [ -1, 0, 0, 0 ], [ 0, -1, 0, 0 ], [ 0, 0, -1, 0 ], [ 0, 0, 0, -1 ] ], 
  [ [ -1, 0, 1, 0 ], [ 0, -1, 0, 1 ], [ -1, 0, 0, 0 ], [ 0, -1, 0, 0 ] ], 
  [ [ 0, 0, -1, 0 ], [ 0, 0, 0, -1 ], [ 1, 0, -1, 0 ], [ 0, 1, 0, -1 ] ], 
  [ [ 0, 0, 1, 0 ], [ 0, 0, 0, 1 ], [ -1, 0, 1, 0 ], [ 0, -1, 0, 1 ] ], 
  [ [ 1, 0, -1, 0 ], [ 0, 1, 0, -1 ], [ 1, 0, 0, 0 ], [ 0, 1, 0, 0 ] ], 
  [ [ 1, 0, 0, 0 ], [ 0, 1, 0, 0 ], [ 0, 0, 1, 0 ], [ 0, 0, 0, 1 ] ] ]),TheRotSubgroup:=Group([ [ [ -1, 0, 0, 0 ], [ 0, -1, 0, 0 ], [ 0, 0, -1, 0 ], [ 0, 0, 0, -1 ] ], 
  [ [ -1, 0, 1, 0 ], [ 0, -1, 0, 1 ], [ -1, 0, 0, 0 ], [ 0, -1, 0, 0 ] ], 
  [ [ 0, 0, -1, 0 ], [ 0, 0, 0, -1 ], [ 1, 0, -1, 0 ], [ 0, 1, 0, -1 ] ], 
  [ [ 0, 0, 1, 0 ], [ 0, 0, 0, 1 ], [ -1, 0, 1, 0 ], [ 0, -1, 0, 1 ] ], 
  [ [ 1, 0, -1, 0 ], [ 0, 1, 0, -1 ], [ 1, 0, 0, 0 ], [ 0, 1, 0, 0 ] ], 
  [ [ 1, 0, 0, 0 ], [ 0, 1, 0, 0 ], [ 0, 0, 1, 0 ], [ 0, 0, 0, 1 ] ] ]),BoundaryImage:=rec(ListIFace:=[ 1, 2 ],ListSign:=[ -1, 1 ],ListElt:=[ [ [ 0, -1, -2, 1 ], [ 5, -1, -5, -1 ], [ -2, 0, 1, 1 ], [ 0, -2, -5, 2 ] ], 
  [ [ 1, 1, -3, 0 ], [ -5, 2, 0, -3 ], [ -1, 1, -1, -1 ], [ -5, 0, 5, -2 ] ] ]))],[rec(TheMatrixStab:=Group([ [ [ -1, 0, 0, 0 ], [ 0, -1, 0, 0 ], [ 0, 0, -1, 0 ], [ 0, 0, 0, -1 ] ], 
  [ [ 1, 0, 0, 0 ], [ 0, 1, 0, 0 ], [ 0, 0, 1, 0 ], [ 0, 0, 0, 1 ] ] ]),TheRotSubgroup:=Group([ [ [ -1, 0, 0, 0 ], [ 0, -1, 0, 0 ], [ 0, 0, -1, 0 ], [ 0, 0, 0, -1 ] ], 
  [ [ 1, 0, 0, 0 ], [ 0, 1, 0, 0 ], [ 0, 0, 1, 0 ], [ 0, 0, 0, 1 ] ] ]),BoundaryImage:=rec(ListIFace:=[ 1, 3, 2, 4 ],ListSign:=[ 1, -1, 1, -1 ],ListElt:=[ [ [ -1, 0, 1, 0 ], [ 0, -1, 0, 1 ], [ -1, 0, 0, 0 ], [ 0, -1, 0, 0 ] ], 
  [ [ 2, 0, 0, -1 ], [ 0, 2, 5, -1 ], [ 1, -1, -2, 0 ], [ 5, 0, 0, -2 ] ], 
  [ [ -8, 0, 5, -3 ], [ 0, -8, 15, 2 ], [ -6, 3, -2, -3 ], 
      [ -15, -3, 15, -5 ] ], 
  [ [ -5, 3, -3, -3 ], [ -15, -2, 15, -6 ], [ 2, 3, -8, 0 ], 
      [ -15, 5, 0, -8 ] ] ])),rec(TheMatrixStab:=Group([ [ [ -3, 4, 8, -2 ], [ -20, 1, 10, 6 ], [ 5, 3, 3, -4 ], [ -15, 8, 20, -1 ] ]
    , [ [ -1, 0, 0, 0 ], [ 0, -1, 0, 0 ], [ 0, 0, -1, 0 ], [ 0, 0, 0, -1 ] ], 
  [ [ 1, 0, 0, 0 ], [ 0, 1, 0, 0 ], [ 0, 0, 1, 0 ], [ 0, 0, 0, 1 ] ], 
  [ [ 3, -4, -8, 2 ], [ 20, -1, -10, -6 ], [ -5, -3, -3, 4 ], 
      [ 15, -8, -20, 1 ] ] ]),TheRotSubgroup:=Group([ [ [ -1, 0, 0, 0 ], [ 0, -1, 0, 0 ], [ 0, 0, -1, 0 ], [ 0, 0, 0, -1 ] ], 
  [ [ 1, 0, 0, 0 ], [ 0, 1, 0, 0 ], [ 0, 0, 1, 0 ], [ 0, 0, 0, 1 ] ] ]),BoundaryImage:=rec(ListIFace:=[ 3, 5, 4, 3, 5, 4 ],ListSign:=[ 1, -1, -1, -1, 1, 1 ],ListElt:=[ [ [ -2, 0, 0, 1 ], [ 0, -2, -5, 1 ], [ -1, 1, 2, 0 ], [ -5, 0, 0, 2 ] ], 
  [ [ 1, 1, 1, -1 ], [ -5, 2, 5, 0 ], [ 3, 0, -1, -1 ], [ 0, 3, 5, -2 ] ], 
  [ [ 9, -2, 0, 4 ], [ 10, 7, -20, 4 ], [ 4, -5, 9, 2 ], [ 25, -1, -10, 11 ] ]
    , 
  [ [ -3, 4, 8, -2 ], [ -20, 1, 10, 6 ], [ 5, 3, 3, -4 ], [ -15, 8, 20, -1 ] ]
    , [ [ 0, 2, 1, -1 ], [ -10, 2, 5, 0 ], [ 4, 1, -1, -1 ], [ -5, 5, 5, -2 ] 
     ], 
  [ [ -5, -4, 12, -2 ], [ 20, -9, 10, 10 ], [ -13, 0, 7, -6 ], 
      [ 0, -13, 30, 1 ] ] ]))]];