gap> L3:=Filtered([1..219],k->IsPeriodicSpaceGroup(SpaceGroup(3,k)));
[ 1, 2, 3, 4, 5, 6, 7, 8, 9, 11, 12, 13, 15, 17, 18, 19, 21, 24, 26, 27, 28, 
  29, 30, 31, 32, 33, 34, 36, 37, 39, 40, 41, 43, 45, 46, 52, 54, 55, 56, 58, 
  61, 62, 74, 75, 76, 77, 78, 79, 80, 81, 84, 85, 87, 89, 92, 98, 101, 102, 
  107, 111, 119, 140, 141, 142, 143, 144, 145, 146, 147, 148, 149, 150, 151, 
  152, 153, 154, 155, 157, 159, 161, 162, 163, 164, 165, 166, 168, 171, 172, 
  174, 175, 176, 178, 180, 186, 189, 192, 196, 198, 209 ] 

gap> L4:=Filtered([1..4783],k->IsPeriodicSpaceGroup(SpaceGroup(4,k)));
[ 1, 2, 3, 4, 5, 6, 7, 8, 9, 11, 12, 13, 15, 16, 17, 18, 19, 20, 22, 23, 25,
  26, 29, 30, 31, 32, 33, 34, 35, 36, 37, 38, 39, 40, 42, 43, 44, 46, 47, 48,
  49, 50, 51, 52, 53, 54, 55, 56, 58, 59, 60, 61, 62, 63, 65, 66, 68, 69, 70,
  71, 73, 74, 75, 76, 77, 78, 79, 80, 81, 82, 83, 84, 85, 86, 87, 89, 90, 91,
  93, 94, 95, 96, 97, 98, 99, 101, 102, 103, 104, 105, 107, 108, 109, 110,
  111, 113, 115, 116, 118, 119, 120, 121, 122, 124, 126, 127, 128, 130, 131,
  134, 141, 144, 145, 149, 151, 153, 154, 155, 156, 157, 158, 159, 160, 162,
  163, 165, 167, 168, 169, 170, 171, 172, 173, 174, 176, 178, 179, 180, 187,
  188, 197, 198, 202, 204, 205, 206, 211, 212, 219, 220, 222, 226, 233, 237,
  238, 239, 240, 241, 242, 243, 244, 245, 247, 248, 249, 250, 251, 253, 254,
  255, 256, 257, 259, 260, 261, 263, 264, 265, 266, 267, 269, 270, 271, 273,
  275, 277, 278, 279, 281, 283, 285, 290, 292, 296, 297, 298, 299, 300, 301,
  303, 304, 305, 314, 316, 317, 319, 327, 328, 329, 333, 335, 342, 355, 357,
  358, 359, 361, 362, 363, 365, 366, 367, 368, 369, 370, 372, 374, 376, 378,
  381, 384, 385, 386, 387, 388, 389, 390, 391, 392, 393, 394, 395, 396, 397,
  398, 399, 400, 401, 402, 404, 405, 406, 407, 408, 409, 410, 411, 412, 413,
  414, 415, 416, 417, 418, 419, 421, 422, 423, 424, 425, 426, 427, 428, 429,
  430, 431, 432, 433, 434, 435, 436, 437, 438, 439, 440, 442, 443, 444, 445,
  446, 447, 448, 450, 451, 458, 459, 462, 464, 465, 466, 467, 469, 470, 473,
  477, 478, 479, 482, 483, 484, 485, 486, 493, 495, 497, 501, 502, 503, 504,
  505, 507, 508, 512, 514, 515, 516, 517, 522, 524, 525, 526, 527, 533, 537,
  539, 540, 541, 542, 543, 544, 546, 548, 553, 555, 558, 562, 564, 565, 566,
  567, 568, 571, 572, 573, 574, 576, 577, 580, 581, 582, 589, 590, 591, 593,
  596, 598, 599, 612, 613, 622, 623, 624, 626, 632, 641, 647, 649, 651, 652,
  654, 656, 657, 658, 659, 661, 662, 663, 665, 666, 667, 668, 669, 670, 671,
  672, 674, 676, 677, 678, 679, 680, 682, 683, 684, 686, 688, 689, 690, 691,
  692, 694, 696, 697, 698, 699, 700, 702, 708, 710, 712, 714, 716, 720, 722,
  728, 734, 738, 739, 741, 742, 744, 745, 752, 754, 756, 757, 758, 762, 763,
  769, 770, 778, 779, 784, 788, 790, 800, 801, 843, 845, 854, 855, 856, 857,
  865, 874, 900, 904, 909, 911, 913, 915, 916, 917, 919, 920, 921, 922, 923,
  924, 925, 926, 927, 929, 931, 932, 933, 934, 936, 938, 940, 941, 943, 945,
  946, 953, 955, 956, 958, 963, 966, 972, 973, 978, 979, 981, 982, 983, 985,
  987, 988, 989, 991, 992, 993, 995, 996, 998, 999, 1000, 1003, 1011, 1022,
  1024, 1025, 1026, 1162, 1167, 1236, 1237, 1238, 1239, 1240, 1241, 1242,
  1243, 1244, 1246, 1248, 1250, 1255, 1264, 1267, 1270, 1273, 1279, 1280,
  1281, 1283, 1284, 1289, 1291, 1293, 1294, 1324, 1325, 1326, 1327, 1328,
  1329, 1330, 1331, 1332, 1333, 1334, 1335, 1336, 1337, 1338, 1339, 1340,
  1341, 1343, 1345, 1347, 1348, 1349, 1350, 1351, 1352, 1354, 1356, 1357,
  1358, 1359, 1361, 1363, 1365, 1367, 1372, 1373, 1374, 1375, 1376, 1377,
  1378, 1379, 1380, 1381, 1382, 1383, 1384, 1385, 1386, 1387, 1388, 1389,
  1390, 1393, 1395, 1397, 1399, 1400, 1401, 1404, 1405, 1408, 1410, 1419,
  1420, 1421, 1422, 1424, 1425, 1426, 1428, 1429, 1438, 1440, 1441, 1442,
  1443, 1444, 1445, 1449, 1450, 1451, 1456, 1457, 1460, 1461, 1462, 1464,
  1465, 1470, 1472, 1473, 1477, 1480, 1481, 1487, 1488, 1489, 1493, 1494,
  1495, 1501, 1503, 1506, 1509, 1512, 1515, 1518, 1521, 1524, 1527, 1530,
  1532, 1533, 1534, 1537, 1538, 1541, 1542, 1544, 1547, 1550, 1552, 1553,
  1554, 1558, 1565, 1566, 1568, 1573, 1644, 1648, 1673, 1674, 1700, 1702,
  1705, 1713, 1714, 1735, 1738, 1740, 1741, 1742, 1743, 1744, 1745, 1746,
  1747, 1748, 1749, 1750, 1751, 1752, 1753, 1754, 1755, 1756, 1757, 1759,
  1761, 1762, 1763, 1765, 1767, 1768, 1769, 1770, 1771, 1772, 1773, 1774,
  1775, 1778, 1779, 1782, 1783, 1785, 1787, 1788, 1789, 1791, 1793, 1795,
  1797, 1798, 1799, 1800, 1801, 1803, 1806, 1807, 1809, 1810, 1811, 1813,
  1815, 1821, 1822, 1823, 1828, 1829, 1833, 1837, 1839, 1842, 1845, 1848,
  1850, 1851, 1852, 1854, 1856, 1857, 1858, 1859, 1860, 1861, 1863, 1866,
  1870, 1873, 1874, 1877, 1880, 1883, 1885, 1886, 1887, 1889, 1892, 1895,
  1915, 1918, 1920, 1923, 1925, 1927, 1928, 1930, 1952, 1953, 1954, 1955,
  2045, 2047, 2049, 2051, 2053, 2054, 2055, 2056, 2057, 2059, 2067, 2068,
  2072, 2075, 2076, 2079, 2084, 2087, 2088, 2092, 2133, 2135, 2136, 2137,
  2139, 2140, 2170, 2171, 2196, 2224, 2234, 2236, 2238, 2254, 2355, 2356,
  2386, 2387, 2442, 2445, 2448, 2451, 2478, 2484, 2487, 2490, 2493, 2496,
  2499, 2502, 2508, 2511, 2514, 2517, 2520, 2523, 2550, 2553, 2559, 2621,
  2624, 2648, 2650, 3046, 3047, 3048, 3049, 3050, 3051, 3052, 3053, 3054,
  3055, 3056, 3057, 3058, 3059, 3060, 3061, 3062, 3063, 3064, 3065, 3066,
  3067, 3068, 3069, 3070, 3071, 3072, 3073, 3074, 3075, 3076, 3077, 3078,
  3079, 3080, 3081, 3082, 3083, 3084, 3085, 3086, 3087, 3089, 3090, 3091,
  3094, 3095, 3096, 3099, 3100, 3101, 3104, 3105, 3106, 3109, 3110, 3111,
  3112, 3113, 3114, 3115, 3117, 3119, 3120, 3121, 3122, 3123, 3124, 3125,
  3127, 3128, 3129, 3130, 3131, 3132, 3133, 3135, 3137, 3139, 3141, 3142,
  3143, 3144, 3145, 3149, 3151, 3152, 3153, 3154, 3155, 3157, 3159, 3160,
  3161, 3162, 3163, 3169, 3170, 3171, 3172, 3173, 3174, 3175, 3177, 3179,
  3180, 3181, 3182, 3183, 3184, 3185, 3187, 3188, 3189, 3190, 3191, 3192,
  3193, 3195, 3197, 3199, 3200, 3201, 3204, 3206, 3207, 3208, 3209, 3210,
  3212, 3214, 3215, 3216, 3217, 3218, 3226, 3234, 3235, 3236, 3244, 3252,
  3253, 3254, 3260, 3268, 3269, 3270, 3278, 3280, 3281, 3282, 3283, 3284,
  3285, 3286, 3287, 3288, 3289, 3290, 3291, 3292, 3295, 3296, 3298, 3299,
  3302, 3303, 3306, 3308, 3309, 3310, 3311, 3312, 3313, 3314, 3315, 3316,
  3317, 3318, 3319, 3320, 3322, 3324, 3326, 3327, 3329, 3330, 3338, 3345,
  3346, 3347, 3348, 3350, 3351, 3352, 3354, 3355, 3356, 3359, 3360, 3361,
  3362, 3374, 3375, 3383, 3385, 3398, 3399, 3417, 3418, 3419, 3420, 3422,
  3424, 3426, 3428, 3446, 3447, 3455, 3457, 3469, 3471, 3521, 3523, 3524,
  3525, 3530, 3531, 3534, 3539, 3542, 3545, 3548, 3550, 3551, 3554, 3557,
  3579, 3580, 3830, 3831, 3832, 3833, 3835, 3837, 3839, 3849, 3851, 3877,
  3938, 3939, 3949, 3951, 3952, 3958, 3960, 3962, 3963, 3964, 3966, 3968,
  3972, 3973, 3975, 4006, 4029, 4030, 4033, 4034, 4037, 4038, 4046, 4048,
  4050, 4062, 4064, 4067, 4078, 4081, 4089, 4090, 4114, 4138, 4139, 4140,
  4141, 4146, 4147, 4148, 4149, 4154, 4155, 4169, 4171, 4175, 4180, 4183,
  4188, 4190, 4204, 4205, 4223, 4224, 4225, 4254, 4286, 4289, 4391, 4397,
  4496, 4499, 4500, 4501, 4502, 4504, 4508, 4510, 4521, 4525, 4544, 4559,
  4560, 4561, 4562, 4579, 4580, 4581, 4583, 4587, 4597, 4598, 4599, 4600,
  4651, 4759, 4760, 4761, 4762, 4766 ]

