HAP_GCOMPLEX_SETUP:=[false]; 
HAP_GCOMPLEX_LIST:=[[rec(TheMatrixStab:=Group([ [ [ -2, 0, 1, 1 ], [ 0, -2, -1, 2 ], [ -2, 1, 1, 0 ], [ -1, -1, 0, 1 ] ], 
  [ [ -1, 0, 0, 0 ], [ 0, -1, 0, 0 ], [ 0, 0, -1, 0 ], [ 0, 0, 0, -1 ] ], 
  [ [ -1, 0, 1, 0 ], [ 0, -1, 1, 2 ], [ -2, 0, 1, 0 ], [ 1, -1, 0, 1 ] ], 
  [ [ -1, 0, 1, 1 ], [ 0, -1, -1, 2 ], [ -2, 1, 2, 0 ], [ -1, -1, 0, 2 ] ], 
  [ [ -1, 1, 1, -1 ], [ -4, 0, 3, 2 ], [ 0, 1, 0, -2 ], [ -2, 0, 2, 1 ] ], 
  [ [ 0, -1, 0, 1 ], [ 4, -1, -2, 0 ], [ -2, -1, 1, 2 ], [ 3, -1, -2, 0 ] ], 
  [ [ 0, 1, 0, -1 ], [ -4, 1, 2, 0 ], [ 2, 1, -1, -2 ], [ -3, 1, 2, 0 ] ], 
  [ [ 1, -1, -1, 1 ], [ 4, 0, -3, -2 ], [ 0, -1, 0, 2 ], [ 2, 0, -2, -1 ] ], 
  [ [ 1, 0, -1, -1 ], [ 0, 1, 1, -2 ], [ 2, -1, -2, 0 ], [ 1, 1, 0, -2 ] ], 
  [ [ 1, 0, -1, 0 ], [ 0, 1, -1, -2 ], [ 2, 0, -1, 0 ], [ -1, 1, 0, -1 ] ], 
  [ [ 1, 0, 0, 0 ], [ 0, 1, 0, 0 ], [ 0, 0, 1, 0 ], [ 0, 0, 0, 1 ] ], 
  [ [ 2, 0, -1, -1 ], [ 0, 2, 1, -2 ], [ 2, -1, -1, 0 ], [ 1, 1, 0, -1 ] ] ]),TheRotSubgroup:=Group([ [ [ -2, 0, 1, 1 ], [ 0, -2, -1, 2 ], [ -2, 1, 1, 0 ], [ -1, -1, 0, 1 ] ], 
  [ [ -1, 0, 0, 0 ], [ 0, -1, 0, 0 ], [ 0, 0, -1, 0 ], [ 0, 0, 0, -1 ] ], 
  [ [ -1, 0, 1, 0 ], [ 0, -1, 1, 2 ], [ -2, 0, 1, 0 ], [ 1, -1, 0, 1 ] ], 
  [ [ -1, 0, 1, 1 ], [ 0, -1, -1, 2 ], [ -2, 1, 2, 0 ], [ -1, -1, 0, 2 ] ], 
  [ [ -1, 1, 1, -1 ], [ -4, 0, 3, 2 ], [ 0, 1, 0, -2 ], [ -2, 0, 2, 1 ] ], 
  [ [ 0, -1, 0, 1 ], [ 4, -1, -2, 0 ], [ -2, -1, 1, 2 ], [ 3, -1, -2, 0 ] ], 
  [ [ 0, 1, 0, -1 ], [ -4, 1, 2, 0 ], [ 2, 1, -1, -2 ], [ -3, 1, 2, 0 ] ], 
  [ [ 1, -1, -1, 1 ], [ 4, 0, -3, -2 ], [ 0, -1, 0, 2 ], [ 2, 0, -2, -1 ] ], 
  [ [ 1, 0, -1, -1 ], [ 0, 1, 1, -2 ], [ 2, -1, -2, 0 ], [ 1, 1, 0, -2 ] ], 
  [ [ 1, 0, -1, 0 ], [ 0, 1, -1, -2 ], [ 2, 0, -1, 0 ], [ -1, 1, 0, -1 ] ], 
  [ [ 1, 0, 0, 0 ], [ 0, 1, 0, 0 ], [ 0, 0, 1, 0 ], [ 0, 0, 0, 1 ] ], 
  [ [ 2, 0, -1, -1 ], [ 0, 2, 1, -2 ], [ 2, -1, -1, 0 ], [ 1, 1, 0, -1 ] ] ]),BoundaryImage:=rec(ListIFace:=[  ],ListSign:=[  ],ListElt:=[  ]))],[rec(TheMatrixStab:=Group([ [ [ -5, 2, 4, 0 ], [ -8, -3, 4, 8 ], [ -2, 4, 3, -4 ], [ -7, -1, 4, 5 ] ], 
  [ [ -3, -2, 1, 4 ], [ 8, -5, -7, 2 ], [ -8, 0, 5, 4 ], [ 4, -4, -4, 3 ] ], 
  [ [ -1, 0, 0, 0 ], [ 0, -1, 0, 0 ], [ 0, 0, -1, 0 ], [ 0, 0, 0, -1 ] ], 
  [ [ -1, 0, 1, 0 ], [ 0, -1, 1, 2 ], [ -2, 0, 1, 0 ], [ 1, -1, 0, 1 ] ], 
  [ [ 1, 0, -1, 0 ], [ 0, 1, -1, -2 ], [ 2, 0, -1, 0 ], [ -1, 1, 0, -1 ] ], 
  [ [ 1, 0, 0, 0 ], [ 0, 1, 0, 0 ], [ 0, 0, 1, 0 ], [ 0, 0, 0, 1 ] ], 
  [ [ 3, 2, -1, -4 ], [ -8, 5, 7, -2 ], [ 8, 0, -5, -4 ], [ -4, 4, 4, -3 ] ], 
  [ [ 5, -2, -4, 0 ], [ 8, 3, -4, -8 ], [ 2, -4, -3, 4 ], [ 7, 1, -4, -5 ] ] ]),TheRotSubgroup:=Group([ [ [ -1, 0, 0, 0 ], [ 0, -1, 0, 0 ], [ 0, 0, -1, 0 ], [ 0, 0, 0, -1 ] ], 
  [ [ -1, 0, 1, 0 ], [ 0, -1, 1, 2 ], [ -2, 0, 1, 0 ], [ 1, -1, 0, 1 ] ], 
  [ [ 1, 0, -1, 0 ], [ 0, 1, -1, -2 ], [ 2, 0, -1, 0 ], [ -1, 1, 0, -1 ] ], 
  [ [ 1, 0, 0, 0 ], [ 0, 1, 0, 0 ], [ 0, 0, 1, 0 ], [ 0, 0, 0, 1 ] ] ]),BoundaryImage:=rec(ListIFace:=[ 1, 1 ],ListSign:=[ -1, 1 ],ListElt:=[ [ [ 2, 0, -1, -1 ], [ 0, 2, 1, -2 ], [ 2, -1, -1, 0 ], [ 1, 1, 0, -1 ] ], 
  [ [ 3, 1, -1, -1 ], [ -4, 4, 1, -2 ], [ 6, -1, -2, 0 ], [ -1, 3, 0, -2 ] ] ])),rec(TheMatrixStab:=Group([ [ [ -3, -1, 1, 2 ], [ 4, -4, -3, 2 ], [ -8, 1, 4, 2 ], [ 2, -4, -2, 3 ] ], 
  [ [ -3, 2, 2, -1 ], [ -8, -1, 4, 4 ], [ 0, 4, 1, -4 ], [ -8, 0, 4, 3 ] ], 
  [ [ -1, 0, 0, 0 ], [ 0, -1, 0, 0 ], [ 0, 0, -1, 0 ], [ 0, 0, 0, -1 ] ], 
  [ [ -1, 1, 1, -1 ], [ -4, 0, 3, 2 ], [ 0, 1, 0, -2 ], [ -2, 0, 2, 1 ] ], 
  [ [ 1, -1, -1, 1 ], [ 4, 0, -3, -2 ], [ 0, -1, 0, 2 ], [ 2, 0, -2, -1 ] ], 
  [ [ 1, 0, 0, 0 ], [ 0, 1, 0, 0 ], [ 0, 0, 1, 0 ], [ 0, 0, 0, 1 ] ], 
  [ [ 3, -2, -2, 1 ], [ 8, 1, -4, -4 ], [ 0, -4, -1, 4 ], [ 8, 0, -4, -3 ] ], 
  [ [ 3, 1, -1, -2 ], [ -4, 4, 3, -2 ], [ 8, -1, -4, -2 ], [ -2, 4, 2, -3 ] ] 
 ]),TheRotSubgroup:=Group([ [ [ -1, 0, 0, 0 ], [ 0, -1, 0, 0 ], [ 0, 0, -1, 0 ], [ 0, 0, 0, -1 ] ], 
  [ [ -1, 1, 1, -1 ], [ -4, 0, 3, 2 ], [ 0, 1, 0, -2 ], [ -2, 0, 2, 1 ] ], 
  [ [ 1, -1, -1, 1 ], [ 4, 0, -3, -2 ], [ 0, -1, 0, 2 ], [ 2, 0, -2, -1 ] ], 
  [ [ 1, 0, 0, 0 ], [ 0, 1, 0, 0 ], [ 0, 0, 1, 0 ], [ 0, 0, 0, 1 ] ] ]),BoundaryImage:=rec(ListIFace:=[ 1, 1 ],ListSign:=[ -1, 1 ],ListElt:=[ [ [ 2, 1, -1, -3 ], [ -4, 3, 5, -2 ], [ 6, 0, -5, -4 ], [ -3, 3, 4, -3 ] ], 
  [ [ 1, -1, -1, 1 ], [ 4, 0, -3, -2 ], [ 0, -1, 0, 2 ], [ 2, 0, -2, -1 ] ] ])),rec(TheMatrixStab:=Group([ [ [ -2, 0, 1, 1 ], [ 0, -2, -1, 2 ], [ -2, 1, 1, 0 ], [ -1, -1, 0, 1 ] ], 
  [ [ -2, 0, 1, 1 ], [ 0, -2, -1, 2 ], [ -2, 1, 2, 0 ], [ -1, -1, 0, 2 ] ], 
  [ [ -1, 0, 0, 0 ], [ 0, -1, 0, 0 ], [ -2, 1, 1, 0 ], [ -1, -1, 0, 1 ] ], 
  [ [ -1, 0, 0, 0 ], [ 0, -1, 0, 0 ], [ 0, 0, -1, 0 ], [ 0, 0, 0, -1 ] ], 
  [ [ -1, 0, 1, 1 ], [ 0, -1, -1, 2 ], [ -2, 1, 2, 0 ], [ -1, -1, 0, 2 ] ], 
  [ [ -1, 0, 1, 1 ], [ 0, -1, -1, 2 ], [ 0, 0, 1, 0 ], [ 0, 0, 0, 1 ] ], 
  [ [ 1, 0, -1, -1 ], [ 0, 1, 1, -2 ], [ 0, 0, -1, 0 ], [ 0, 0, 0, -1 ] ], 
  [ [ 1, 0, -1, -1 ], [ 0, 1, 1, -2 ], [ 2, -1, -2, 0 ], [ 1, 1, 0, -2 ] ], 
  [ [ 1, 0, 0, 0 ], [ 0, 1, 0, 0 ], [ 0, 0, 1, 0 ], [ 0, 0, 0, 1 ] ], 
  [ [ 1, 0, 0, 0 ], [ 0, 1, 0, 0 ], [ 2, -1, -1, 0 ], [ 1, 1, 0, -1 ] ], 
  [ [ 2, 0, -1, -1 ], [ 0, 2, 1, -2 ], [ 2, -1, -2, 0 ], [ 1, 1, 0, -2 ] ], 
  [ [ 2, 0, -1, -1 ], [ 0, 2, 1, -2 ], [ 2, -1, -1, 0 ], [ 1, 1, 0, -1 ] ] ]),TheRotSubgroup:=Group([ [ [ -2, 0, 1, 1 ], [ 0, -2, -1, 2 ], [ -2, 1, 1, 0 ], [ -1, -1, 0, 1 ] ], 
  [ [ -1, 0, 0, 0 ], [ 0, -1, 0, 0 ], [ 0, 0, -1, 0 ], [ 0, 0, 0, -1 ] ], 
  [ [ -1, 0, 1, 1 ], [ 0, -1, -1, 2 ], [ -2, 1, 2, 0 ], [ -1, -1, 0, 2 ] ], 
  [ [ 1, 0, -1, -1 ], [ 0, 1, 1, -2 ], [ 2, -1, -2, 0 ], [ 1, 1, 0, -2 ] ], 
  [ [ 1, 0, 0, 0 ], [ 0, 1, 0, 0 ], [ 0, 0, 1, 0 ], [ 0, 0, 0, 1 ] ], 
  [ [ 2, 0, -1, -1 ], [ 0, 2, 1, -2 ], [ 2, -1, -1, 0 ], [ 1, 1, 0, -1 ] ] ]),BoundaryImage:=rec(ListIFace:=[ 1, 1 ],ListSign:=[ -1, 1 ],ListElt:=[ [ [ -1, 0, 1, 1 ], [ 0, -1, -1, 2 ], [ -2, 1, 2, 0 ], [ -1, -1, 0, 2 ] ], 
  [ [ 1, 0, -1, -1 ], [ 0, 1, 1, -2 ], [ 0, 0, -1, 0 ], [ 0, 0, 0, -1 ] ] ]))],[rec(TheMatrixStab:=Group([ [ [ -1, 0, 0, 0 ], [ 0, -1, 0, 0 ], [ 0, 0, -1, 0 ], [ 0, 0, 0, -1 ] ], 
  [ [ -1, 4, 2, -4 ], [ -16, 3, 10, 4 ], [ 8, 4, -3, -8 ], [ -12, 4, 8, 1 ] ],
  [ [ 1, -4, -2, 4 ], [ 16, -3, -10, -4 ], [ -8, -4, 3, 8 ], 
      [ 12, -4, -8, -1 ] ], 
  [ [ 1, 0, 0, 0 ], [ 0, 1, 0, 0 ], [ 0, 0, 1, 0 ], [ 0, 0, 0, 1 ] ] ]),TheRotSubgroup:=Group([ [ [ -1, 0, 0, 0 ], [ 0, -1, 0, 0 ], [ 0, 0, -1, 0 ], [ 0, 0, 0, -1 ] ], 
  [ [ -1, 4, 2, -4 ], [ -16, 3, 10, 4 ], [ 8, 4, -3, -8 ], [ -12, 4, 8, 1 ] ],
  [ [ 1, -4, -2, 4 ], [ 16, -3, -10, -4 ], [ -8, -4, 3, 8 ], 
      [ 12, -4, -8, -1 ] ], 
  [ [ 1, 0, 0, 0 ], [ 0, 1, 0, 0 ], [ 0, 0, 1, 0 ], [ 0, 0, 0, 1 ] ] ]),BoundaryImage:=rec(ListIFace:=[ 1, 2, 3, 1, 2, 3 ],ListSign:=[ 1, 1, 1, -1, 1, 1 ],ListElt:=[ [ [ -1, 0, 1, 0 ], [ 0, -1, 1, 2 ], [ -2, 0, 1, 0 ], [ 1, -1, 0, 1 ] ], 
  [ [ -1, 1, 1, -1 ], [ -4, 0, 3, 2 ], [ 0, 1, 0, -2 ], [ -2, 0, 2, 1 ] ], 
  [ [ -3, 1, 1, 1 ], [ -4, -2, -1, 2 ], [ -2, 3, 2, 0 ], [ -5, -1, 0, 2 ] ], 
  [ [ 3, -2, -3, 0 ], [ 8, 1, -3, -6 ], [ 0, -4, -3, 4 ], [ 8, 0, -4, -5 ] ], 
  [ [ -7, 1, 3, 1 ], [ -4, -6, 1, 6 ], [ -8, 5, 4, -2 ], [ -6, -4, 2, 5 ] ], 
  [ [ 3, 2, -1, -4 ], [ -8, 5, 7, -2 ], [ 8, 0, -5, -4 ], [ -4, 4, 4, -3 ] ] ]))]];