HAP_GCOMPLEX_SETUP:=[false]; 
HAP_GCOMPLEX_LIST:=[[rec(TheMatrixStab:=Group([ [ [ -2, 0, 1, 1 ], [ 0, -2, -1, 2 ], [ -2, 1, 1, 0 ], [ -1, -1, 0, 1 ] ], 
  [ [ -1, 0, 0, 0 ], [ 0, -1, 0, 0 ], [ 0, 0, -1, 0 ], [ 0, 0, 0, -1 ] ], 
  [ [ -1, 0, 1, 0 ], [ 0, -1, 1, 2 ], [ -2, 0, 1, 0 ], [ 1, -1, 0, 1 ] ], 
  [ [ -1, 0, 1, 1 ], [ 0, -1, -1, 2 ], [ -2, 1, 2, 0 ], [ -1, -1, 0, 2 ] ], 
  [ [ -1, 1, 1, -1 ], [ -4, 0, 3, 2 ], [ 0, 1, 0, -2 ], [ -2, 0, 2, 1 ] ], 
  [ [ 0, -1, 0, 1 ], [ 4, -1, -2, 0 ], [ -2, -1, 1, 2 ], [ 3, -1, -2, 0 ] ], 
  [ [ 0, 1, 0, -1 ], [ -4, 1, 2, 0 ], [ 2, 1, -1, -2 ], [ -3, 1, 2, 0 ] ], 
  [ [ 1, -1, -1, 1 ], [ 4, 0, -3, -2 ], [ 0, -1, 0, 2 ], [ 2, 0, -2, -1 ] ], 
  [ [ 1, 0, -1, -1 ], [ 0, 1, 1, -2 ], [ 2, -1, -2, 0 ], [ 1, 1, 0, -2 ] ], 
  [ [ 1, 0, -1, 0 ], [ 0, 1, -1, -2 ], [ 2, 0, -1, 0 ], [ -1, 1, 0, -1 ] ], 
  [ [ 1, 0, 0, 0 ], [ 0, 1, 0, 0 ], [ 0, 0, 1, 0 ], [ 0, 0, 0, 1 ] ], 
  [ [ 2, 0, -1, -1 ], [ 0, 2, 1, -2 ], [ 2, -1, -1, 0 ], [ 1, 1, 0, -1 ] ] ]),TheRotSubgroup:=Group([ [ [ -2, 0, 1, 1 ], [ 0, -2, -1, 2 ], [ -2, 1, 1, 0 ], [ -1, -1, 0, 1 ] ], 
  [ [ -1, 0, 0, 0 ], [ 0, -1, 0, 0 ], [ 0, 0, -1, 0 ], [ 0, 0, 0, -1 ] ], 
  [ [ -1, 0, 1, 0 ], [ 0, -1, 1, 2 ], [ -2, 0, 1, 0 ], [ 1, -1, 0, 1 ] ], 
  [ [ -1, 0, 1, 1 ], [ 0, -1, -1, 2 ], [ -2, 1, 2, 0 ], [ -1, -1, 0, 2 ] ], 
  [ [ -1, 1, 1, -1 ], [ -4, 0, 3, 2 ], [ 0, 1, 0, -2 ], [ -2, 0, 2, 1 ] ], 
  [ [ 0, -1, 0, 1 ], [ 4, -1, -2, 0 ], [ -2, -1, 1, 2 ], [ 3, -1, -2, 0 ] ], 
  [ [ 0, 1, 0, -1 ], [ -4, 1, 2, 0 ], [ 2, 1, -1, -2 ], [ -3, 1, 2, 0 ] ], 
  [ [ 1, -1, -1, 1 ], [ 4, 0, -3, -2 ], [ 0, -1, 0, 2 ], [ 2, 0, -2, -1 ] ], 
  [ [ 1, 0, -1, -1 ], [ 0, 1, 1, -2 ], [ 2, -1, -2, 0 ], [ 1, 1, 0, -2 ] ], 
  [ [ 1, 0, -1, 0 ], [ 0, 1, -1, -2 ], [ 2, 0, -1, 0 ], [ -1, 1, 0, -1 ] ], 
  [ [ 1, 0, 0, 0 ], [ 0, 1, 0, 0 ], [ 0, 0, 1, 0 ], [ 0, 0, 0, 1 ] ], 
  [ [ 2, 0, -1, -1 ], [ 0, 2, 1, -2 ], [ 2, -1, -1, 0 ], [ 1, 1, 0, -1 ] ] ]),BoundaryImage:=rec(ListIFace:=[  ],ListSign:=[  ],ListElt:=[  ])),rec(TheMatrixStab:=Group([ [ [ -14, 0, 9, 7 ], [ 0, -14, -5, 18 ], [ -18, 7, 14, 0 ], 
      [ -5, -9, 0, 14 ] ], 
  [ [ -13, 0, 8, 7 ], [ 0, -13, -6, 16 ], [ -16, 7, 13, 0 ], 
      [ -6, -8, 0, 13 ] ], 
  [ [ -4, 7, 5, -7 ], [ -28, 3, 19, 10 ], [ 10, 7, -4, -14 ], 
      [ -19, 5, 14, 3 ] ], 
  [ [ -3, 7, 5, -7 ], [ -28, 4, 19, 10 ], [ 10, 7, -3, -14 ], 
      [ -19, 5, 14, 4 ] ], 
  [ [ -1, 0, 0, 0 ], [ 0, -1, 0, 0 ], [ 0, 0, -1, 0 ], [ 0, 0, 0, -1 ] ], 
  [ [ -1, 0, 1, 0 ], [ 0, -1, 1, 2 ], [ -2, 0, 1, 0 ], [ 1, -1, 0, 1 ] ], 
  [ [ 1, 0, -1, 0 ], [ 0, 1, -1, -2 ], [ 2, 0, -1, 0 ], [ -1, 1, 0, -1 ] ], 
  [ [ 1, 0, 0, 0 ], [ 0, 1, 0, 0 ], [ 0, 0, 1, 0 ], [ 0, 0, 0, 1 ] ], 
  [ [ 3, -7, -5, 7 ], [ 28, -4, -19, -10 ], [ -10, -7, 3, 14 ], 
      [ 19, -5, -14, -4 ] ], 
  [ [ 4, -7, -5, 7 ], [ 28, -3, -19, -10 ], [ -10, -7, 4, 14 ], 
      [ 19, -5, -14, -3 ] ], 
  [ [ 13, 0, -8, -7 ], [ 0, 13, 6, -16 ], [ 16, -7, -13, 0 ], 
      [ 6, 8, 0, -13 ] ], 
  [ [ 14, 0, -9, -7 ], [ 0, 14, 5, -18 ], [ 18, -7, -14, 0 ], 
      [ 5, 9, 0, -14 ] ] ]),TheRotSubgroup:=Group([ [ [ -14, 0, 9, 7 ], [ 0, -14, -5, 18 ], [ -18, 7, 14, 0 ], 
      [ -5, -9, 0, 14 ] ], 
  [ [ -13, 0, 8, 7 ], [ 0, -13, -6, 16 ], [ -16, 7, 13, 0 ], 
      [ -6, -8, 0, 13 ] ], 
  [ [ -4, 7, 5, -7 ], [ -28, 3, 19, 10 ], [ 10, 7, -4, -14 ], 
      [ -19, 5, 14, 3 ] ], 
  [ [ -3, 7, 5, -7 ], [ -28, 4, 19, 10 ], [ 10, 7, -3, -14 ], 
      [ -19, 5, 14, 4 ] ], 
  [ [ -1, 0, 0, 0 ], [ 0, -1, 0, 0 ], [ 0, 0, -1, 0 ], [ 0, 0, 0, -1 ] ], 
  [ [ -1, 0, 1, 0 ], [ 0, -1, 1, 2 ], [ -2, 0, 1, 0 ], [ 1, -1, 0, 1 ] ], 
  [ [ 1, 0, -1, 0 ], [ 0, 1, -1, -2 ], [ 2, 0, -1, 0 ], [ -1, 1, 0, -1 ] ], 
  [ [ 1, 0, 0, 0 ], [ 0, 1, 0, 0 ], [ 0, 0, 1, 0 ], [ 0, 0, 0, 1 ] ], 
  [ [ 3, -7, -5, 7 ], [ 28, -4, -19, -10 ], [ -10, -7, 3, 14 ], 
      [ 19, -5, -14, -4 ] ], 
  [ [ 4, -7, -5, 7 ], [ 28, -3, -19, -10 ], [ -10, -7, 4, 14 ], 
      [ 19, -5, -14, -3 ] ], 
  [ [ 13, 0, -8, -7 ], [ 0, 13, 6, -16 ], [ 16, -7, -13, 0 ], 
      [ 6, 8, 0, -13 ] ], 
  [ [ 14, 0, -9, -7 ], [ 0, 14, 5, -18 ], [ 18, -7, -14, 0 ], 
      [ 5, 9, 0, -14 ] ] ]),BoundaryImage:=rec(ListIFace:=[  ],ListSign:=[  ],ListElt:=[  ]))],[rec(TheMatrixStab:=Group([ [ [ -1, 0, 0, 0 ], [ 0, -1, 0, 0 ], [ 0, 0, -1, 0 ], [ 0, 0, 0, -1 ] ], 
  [ [ -1, 0, 1, 0 ], [ 0, -1, 1, 2 ], [ -2, 0, 1, 0 ], [ 1, -1, 0, 1 ] ], 
  [ [ 1, 0, -1, 0 ], [ 0, 1, -1, -2 ], [ 2, 0, -1, 0 ], [ -1, 1, 0, -1 ] ], 
  [ [ 1, 0, 0, 0 ], [ 0, 1, 0, 0 ], [ 0, 0, 1, 0 ], [ 0, 0, 0, 1 ] ] ]),TheRotSubgroup:=Group([ [ [ -1, 0, 0, 0 ], [ 0, -1, 0, 0 ], [ 0, 0, -1, 0 ], [ 0, 0, 0, -1 ] ], 
  [ [ -1, 0, 1, 0 ], [ 0, -1, 1, 2 ], [ -2, 0, 1, 0 ], [ 1, -1, 0, 1 ] ], 
  [ [ 1, 0, -1, 0 ], [ 0, 1, -1, -2 ], [ 2, 0, -1, 0 ], [ -1, 1, 0, -1 ] ], 
  [ [ 1, 0, 0, 0 ], [ 0, 1, 0, 0 ], [ 0, 0, 1, 0 ], [ 0, 0, 0, 1 ] ] ]),BoundaryImage:=rec(ListIFace:=[ 1, 2 ],ListSign:=[ -1, 1 ],ListElt:=[ [ [ 2, 0, -1, -1 ], [ 0, 2, 1, -2 ], [ 2, -1, -1, 0 ], [ 1, 1, 0, -1 ] ], 
  [ [ -13, 0, 8, 7 ], [ 0, -13, -6, 16 ], [ -16, 7, 13, 0 ], 
      [ -6, -8, 0, 13 ] ] ])),rec(TheMatrixStab:=Group([ [ [ -1, 0, 0, 0 ], [ 0, -1, 0, 0 ], [ 0, 0, -1, 0 ], [ 0, 0, 0, -1 ] ], 
  [ [ -1, 1, 1, -1 ], [ -4, 0, 3, 2 ], [ 0, 1, 0, -2 ], [ -2, 0, 2, 1 ] ], 
  [ [ 1, -1, -1, 1 ], [ 4, 0, -3, -2 ], [ 0, -1, 0, 2 ], [ 2, 0, -2, -1 ] ], 
  [ [ 1, 0, 0, 0 ], [ 0, 1, 0, 0 ], [ 0, 0, 1, 0 ], [ 0, 0, 0, 1 ] ] ]),TheRotSubgroup:=Group([ [ [ -1, 0, 0, 0 ], [ 0, -1, 0, 0 ], [ 0, 0, -1, 0 ], [ 0, 0, 0, -1 ] ], 
  [ [ -1, 1, 1, -1 ], [ -4, 0, 3, 2 ], [ 0, 1, 0, -2 ], [ -2, 0, 2, 1 ] ], 
  [ [ 1, -1, -1, 1 ], [ 4, 0, -3, -2 ], [ 0, -1, 0, 2 ], [ 2, 0, -2, -1 ] ], 
  [ [ 1, 0, 0, 0 ], [ 0, 1, 0, 0 ], [ 0, 0, 1, 0 ], [ 0, 0, 0, 1 ] ] ]),BoundaryImage:=rec(ListIFace:=[ 1, 2 ],ListSign:=[ -1, 1 ],ListElt:=[ [ [ 1, -1, -1, 1 ], [ 4, 0, -3, -2 ], [ 0, -1, 0, 2 ], [ 2, 0, -2, -1 ] ], 
  [ [ -1, 6, 3, -7 ], [ -24, 5, 17, 6 ], [ 14, 7, -6, -16 ], 
      [ -21, 7, 16, 2 ] ] ])),rec(TheMatrixStab:=Group([ [ [ -2, 0, 1, 1 ], [ 0, -2, -1, 2 ], [ -2, 1, 1, 0 ], [ -1, -1, 0, 1 ] ], 
  [ [ -1, 0, 0, 0 ], [ 0, -1, 0, 0 ], [ 0, 0, -1, 0 ], [ 0, 0, 0, -1 ] ], 
  [ [ -1, 0, 1, 1 ], [ 0, -1, -1, 2 ], [ -2, 1, 2, 0 ], [ -1, -1, 0, 2 ] ], 
  [ [ 1, 0, -1, -1 ], [ 0, 1, 1, -2 ], [ 2, -1, -2, 0 ], [ 1, 1, 0, -2 ] ], 
  [ [ 1, 0, 0, 0 ], [ 0, 1, 0, 0 ], [ 0, 0, 1, 0 ], [ 0, 0, 0, 1 ] ], 
  [ [ 2, 0, -1, -1 ], [ 0, 2, 1, -2 ], [ 2, -1, -1, 0 ], [ 1, 1, 0, -1 ] ] ]),TheRotSubgroup:=Group([ [ [ -2, 0, 1, 1 ], [ 0, -2, -1, 2 ], [ -2, 1, 1, 0 ], [ -1, -1, 0, 1 ] ], 
  [ [ -1, 0, 0, 0 ], [ 0, -1, 0, 0 ], [ 0, 0, -1, 0 ], [ 0, 0, 0, -1 ] ], 
  [ [ -1, 0, 1, 1 ], [ 0, -1, -1, 2 ], [ -2, 1, 2, 0 ], [ -1, -1, 0, 2 ] ], 
  [ [ 1, 0, -1, -1 ], [ 0, 1, 1, -2 ], [ 2, -1, -2, 0 ], [ 1, 1, 0, -2 ] ], 
  [ [ 1, 0, 0, 0 ], [ 0, 1, 0, 0 ], [ 0, 0, 1, 0 ], [ 0, 0, 0, 1 ] ], 
  [ [ 2, 0, -1, -1 ], [ 0, 2, 1, -2 ], [ 2, -1, -1, 0 ], [ 1, 1, 0, -1 ] ] ]),BoundaryImage:=rec(ListIFace:=[ 1, 2 ],ListSign:=[ -1, 1 ],ListElt:=[ [ [ -1, 0, 1, 1 ], [ 0, -1, -1, 2 ], [ -2, 1, 2, 0 ], [ -1, -1, 0, 2 ] ], 
  [ [ 2, 0, -1, -1 ], [ 0, 2, 1, -2 ], [ -2, -1, 1, 2 ], [ 3, -1, -2, 0 ] ] ]))],[rec(TheMatrixStab:=Group([ [ [ -1, 0, 0, 0 ], [ 0, -1, 0, 0 ], [ 0, 0, -1, 0 ], [ 0, 0, 0, -1 ] ], 
  [ [ 1, 0, 0, 0 ], [ 0, 1, 0, 0 ], [ 0, 0, 1, 0 ], [ 0, 0, 0, 1 ] ] ]),TheRotSubgroup:=Group([ [ [ -1, 0, 0, 0 ], [ 0, -1, 0, 0 ], [ 0, 0, -1, 0 ], [ 0, 0, 0, -1 ] ], 
  [ [ 1, 0, 0, 0 ], [ 0, 1, 0, 0 ], [ 0, 0, 1, 0 ], [ 0, 0, 0, 1 ] ] ]),BoundaryImage:=rec(ListIFace:=[ 1, 3, 2, 2, 1, 3 ],ListSign:=[ 1, -1, 1, -1, -1, 1 ],ListElt:=[ [ [ -1, 0, 1, 0 ], [ 0, -1, 1, 2 ], [ -2, 0, 1, 0 ], [ 1, -1, 0, 1 ] ], 
  [ [ 3, 1, -1, -4 ], [ -4, 4, 7, -2 ], [ 6, -1, -5, -4 ], [ -1, 3, 4, -3 ] ],
  [ [ -3, -2, 0, 3 ], [ 8, -5, -6, 0 ], [ -8, 0, 3, 4 ], [ 4, -4, -4, 1 ] ], 
  [ [ -1, 1, 1, -1 ], [ -4, 0, 3, 2 ], [ 0, 1, 0, -2 ], [ -2, 0, 2, 1 ] ], 
  [ [ 3, -2, -3, 0 ], [ 8, 1, -3, -6 ], [ 0, -4, -3, 4 ], [ 8, 0, -4, -5 ] ], 
  [ [ -3, 1, 1, 1 ], [ -4, -2, -1, 2 ], [ -2, 3, 2, 0 ], [ -5, -1, 0, 2 ] ] ]))]];